target	regulator	combined_confidences	gold_standard	precision	recall	MCC	F1	prior	beta.sign.sum	var.exp.median
YJL178C	YLR013W	0.999999						1.000000	5.000000	1.000000
YHR128W	YDR520C	0.999997						1.000000	5.000000	1.000000
YCL063W	YLR098C	0.999990						1.000000	5.000000	1.000000
YLR360W	YOR230W	0.999985						1.000000	5.000000	1.000000
YBR105C	YBR239C	0.999981						1.000000	5.000000	1.000000
YCL063W	YIL131C	0.999972						1.000000	5.000000	1.000000
YBR105C	YPL133C	0.999967						1.000000	5.000000	1.000000
YJL153C	YOR140W	0.999965						1.000000	5.000000	1.000000
YBR105C	YNL216W	0.999962						1.000000	5.000000	1.000000
YLR360W	YGL013C	0.999954						1.000000	5.000000	1.000000
YLR360W	YBR083W	0.999946						1.000000	5.000000	1.000000
YJL153C	YDR207C	0.999938						1.000000	5.000000	1.000000
YJL153C	YAL051W	0.999922						1.000000	5.000000	1.000000
YJR104C	YGL166W	0.999919						1.000000	5.000000	0.990895
YNL300W	YKL185W	0.999918						1.000000	5.000000	0.982082
YJL153C	YKL062W	0.999914						1.000000	5.000000	1.000000
YBR068C	YHR006W	0.999911						1.000000	5.000000	0.977322
YBR068C	YLR403W	0.999906						1.000000	5.000000	0.955436
YBR068C	YLR451W	0.999899						1.000000	5.000000	0.945282
YKR039W	YDR259C	0.999898						1.000000	5.000000	0.945274
YBR068C	YDR463W	0.999891						1.000000	5.000000	0.912333
YBR068C	YIR023W	0.999883						1.000000	5.000000	0.898520
YKL096W	YBR182C	0.999877						1.000000	5.000000	0.827189
YJL153C	YMR037C	0.999874						1.000000	5.000000	1.000000
YJR139C	YOR032C	0.999872						1.000000	5.000000	0.810059
YJL153C	YOL108C	0.999869						1.000000	5.000000	1.000000
YMR202W	YDR213W	0.999864						1.000000	5.000000	0.784324
YOL155C	YGR044C	0.999858						1.000000	5.000000	0.748112
YBR068C	YKL062W	0.999851						1.000000	5.000000	0.733399
YBR222C	YMR019W	0.999848						1.000000	5.000000	0.731781
YNL312W	YDL170W	0.999845						1.000000	5.000000	0.728553
YFL021W	YJL110C	0.999837						1.000000	5.000000	0.673823
YNL300W	YER111C	0.999834						1.000000	5.000000	0.604007
YBR068C	YHR124W	0.999828						1.000000	5.000000	0.664388
YNL300W	YMR037C	0.999828						1.000000	5.000000	0.649769
YCL043C	YFL031W	0.999827						1.000000	5.000000	0.661877
YJL153C	YJR060W	0.999826						1.000000	5.000000	1.000000
YJR148W	YJR147W	0.999825						1.000000	5.000000	0.663029
YKL120W	YER169W	0.999819						1.000000	5.000000	0.627658
YCR005C	YDR213W	0.999818						1.000000	5.000000	0.652011
YJR044C	YPR199C	0.999810						1.000000	5.000000	0.632884
YER131W	YLR403W	0.999801	0.000000	0.000000	0.000000	-0.000552	0.000000	0.000000	5.000000	0.610403
YML085C	YCR065W	0.999786						1.000000	5.000000	0.588917
YMR202W	YCR065W	0.999785						1.000000	5.000000	0.586548
YBR092C	YDR081C	0.999784						1.000000	5.000000	0.584675
YBR068C	YEL009C	0.999774						1.000000	5.000000	0.562312
YDR025W	YLR403W	0.999767						1.000000	5.000000	0.552097
YPR173C	YHL009C	0.999765						1.000000	5.000000	0.552558
YLR344W	YLR403W	0.999764	1.000000	0.500000	0.001404	0.025916	0.002801	0.000000	5.000000	0.553165
YCR005C	YOL067C	0.999758						1.000000	5.000000	0.543832
YGL062W	YOL067C	0.999750						1.000000	5.000000	0.524529
YKL120W	YLR451W	0.999749						1.000000	5.000000	0.488206
YMR202W	YMR070W	0.999739						1.000000	5.000000	0.507699
YJR104C	YML007W	0.999734						1.000000	5.000000	0.510778
YGL226W	YHL009C	0.999730						1.000000	5.000000	0.495696
YDL083C	YLR403W	0.999725						1.000000	5.000000	0.487263
YBR189W	YLR403W	0.999712	1.000000	0.666667	0.002809	0.042639	0.005594	0.000000	5.000000	0.471094
YJL217W	YMR021C	0.999712						1.000000	5.000000	0.477395
YBR068C	YMR037C	0.999711						1.000000	5.000000	0.474568
YKR057W	YLR403W	0.999710	1.000000	0.750000	0.004213	0.055529	0.008380	0.000000	5.000000	0.477585
YLR438W	YMR042W	0.999698						1.000000	5.000000	0.461584
YKL007W	YMR164C	0.999694						1.000000	5.000000	0.463278
YJR094W-A	YLR403W	0.999690	1.000000	0.800000	0.005618	0.066305	0.011158	0.000000	5.000000	0.427251
YNL300W	YKL062W	0.999683						1.000000	5.000000	0.420978
YFL014W	YOL116W	0.999681						1.000000	5.000000	0.437822
YGL055W	YMR164C	0.999680						1.000000	5.000000	0.433790
YDL048C	YER169W	0.999672						1.000000	5.000000	0.422727
YHR010W	YLR403W	0.999669	1.000000	0.833333	0.007022	0.075717	0.013928	0.000000	5.000000	0.401454
YJR104C	YHR206W	0.999668						1.000000	5.000000	0.423413
YAL062W	YPR199C	0.999655						1.000000	5.000000	0.413293
YGL076C	YLR403W	0.999651						1.000000	5.000000	0.408168
YIL052C	YLR403W	0.999651	1.000000	0.857143	0.008427	0.084163	0.016690	0.000000	5.000000	0.400053
YOL055C	YDR081C	0.999650						1.000000	5.000000	0.407984
YEL021W	YLR014C	0.999646						1.000000	5.000000	0.406206
YNR001C	YOL067C	0.999625						1.000000	5.000000	0.395239
YNR001C	YMR182C	0.999622						1.000000	5.000000	0.393152
YPL240C	YDR310C	0.999618						1.000000	5.000000	0.391159
YDR418W	YLR403W	0.999608						1.000000	5.000000	0.433585
YHR200W	YGL096W	0.999605						1.000000	5.000000	0.384619
YLR438W	YML099C	0.999600						1.000000	5.000000	0.375833
YFL021W	YKR034W	0.999599						1.000000	5.000000	0.381893
YKL120W	YMR037C	0.999595						1.000000	5.000000	0.361609
YDR529C	YKL109W	0.999592						1.000000	5.000000	0.390151
YIR032C	YKR034W	0.999590						1.000000	5.000000	0.380775
YLR355C	YLR451W	0.999572						1.000000	5.000000	0.368945
YNL036W	YMR070W	0.999565						1.000000	5.000000	0.367397
YGR085C	YLR403W	0.999565						1.000000	5.000000	0.367651
YLR420W	YLR014C	0.999564						1.000000	5.000000	0.381842
YHR179W	YML099C	0.999564						1.000000	5.000000	0.363956
YDR174W	YJL089W	0.999553						1.000000	5.000000	0.361667
YEL009C	YDR463W	0.999548						1.000000	5.000000	0.360783
YER117W	YLR403W	0.999541	1.000000	0.875000	0.009831	0.091882	0.019444	0.000000	5.000000	0.359917
YMR230W	YLR403W	0.999537	1.000000	0.888889	0.011236	0.099030	0.022191	0.000000	5.000000	0.357252
YOL155C	YJL056C	0.999537						1.000000	5.000000	0.361802
YNL327W	YDR146C	0.999533						1.000000	5.000000	0.356778
YER183C	YBR240C	0.999532						1.000000	5.000000	0.356350
YOR312C	YLR403W	0.999521						1.000000	5.000000	0.336537
YLR375W	YMR182C	0.999516						1.000000	5.000000	0.354483
YOR063W	YLR403W	0.999515						1.000000	5.000000	0.365170
YPL271W	YKL109W	0.999510						1.000000	5.000000	0.354788
YHR141C	YLR403W	0.999508						0.000000	5.000000	0.347805
YLR174W	YER184C	0.999507						1.000000	5.000000	0.347683
YDR345C	YKL038W	0.999500						1.000000	5.000000	0.346873
YPL028W	YDR451C	0.999497						1.000000	5.000000	0.346702
YHR183W	YDR310C	0.999492						1.000000	5.000000	0.347289
YGL055W	YIR033W	0.999491						1.000000	5.000000	0.345555
YKL120W	YDL048C	0.999478						0.000000	-5.000000	0.321357
YOL055C	YBR240C	0.999471						1.000000	5.000000	0.338592
YJL190C	YLR403W	0.999465						0.000000	5.000000	0.334484
YMR202W	YLR228C	0.999465						1.000000	5.000000	0.336274
YLR303W	YNL103W	0.999459						1.000000	5.000000	0.339344
YBR072W	YJL056C	0.999459						1.000000	5.000000	0.345317
YKL120W	YIR023W	0.999449						1.000000	5.000000	0.308564
YBL027W	YLR403W	0.999430						0.000000	5.000000	0.313695
YDR225W	YER111C	0.999425						1.000000	5.000000	0.320712
YOR369C	YLR403W	0.999423						1.000000	5.000000	0.325918
YLL045C	YLR403W	0.999422						1.000000	5.000000	0.319675
YML008C	YMR070W	0.999422						1.000000	5.000000	0.319409
YDR224C	YER111C	0.999419						1.000000	5.000000	0.321964
YML073C	YLR403W	0.999404						1.000000	5.000000	0.317751
YJR104C	YEL009C	0.999396						1.000000	5.000000	0.321944
YOR285W	YDR423C	0.999392						1.000000	5.000000	0.309763
YHR179W	YJL089W	0.999391						1.000000	5.000000	0.315679
YDL184C	YDR421W	0.999385						1.000000	5.000000	0.313237
YNL178W	YLR403W	0.999382						1.000000	5.000000	0.308329
YBL003C	YER111C	0.999372						1.000000	5.000000	0.304557
YGL012W	YLR228C	0.999370						1.000000	5.000000	0.305230
YGL253W	YGL035C	0.999366						1.000000	5.000000	0.302754
YBR208C	YKR034W	0.999363						1.000000	5.000000	0.292206
YER183C	YLR403W	0.999358						1.000000	5.000000	0.306140
YFR041C	YMR019W	0.999343						1.000000	5.000000	0.299244
YGL253W	YKL038W	0.999336						1.000000	5.000000	0.296939
YDR148C	YKL109W	0.999335						1.000000	5.000000	0.299666
YLR333C	YLR403W	0.999335						1.000000	5.000000	0.345969
YDL182W	YDR463W	0.999328						1.000000	5.000000	0.296935
YPR191W	YKL109W	0.999327						1.000000	5.000000	0.293637
YJL196C	YIR033W	0.999326						1.000000	5.000000	0.300482
YHL048W	YMR182C	0.999324						1.000000	5.000000	0.294762
YHR005C-A	YKL038W	0.999312						1.000000	5.000000	0.294538
YER001W	YOL089C	0.999302						1.000000	5.000000	0.290136
YGL123W	YLR403W	0.999295						1.000000	5.000000	0.287493
YBR084C-A	YLR403W	0.999283	1.000000	0.900000	0.012640	0.105714	0.024931	0.000000	5.000000	0.291039
YEL071W	YBL103C	0.999275						1.000000	5.000000	0.287234
YKL096W	YPL089C	0.999269						1.000000	5.000000	0.290211
YOR293W	YLR403W	0.999256						0.000000	5.000000	0.268441
YLR304C	YBL103C	0.999256						1.000000	5.000000	0.286192
YBL003C	YDL056W	0.999251						1.000000	5.000000	0.275364
YGL031C	YLR403W	0.999251	1.000000	0.909091	0.014045	0.112013	0.027663	0.000000	5.000000	0.276745
YLR438W	YNL314W	0.999247						1.000000	5.000000	0.274182
YML026C	YLR403W	0.999246	1.000000	0.916667	0.015449	0.117986	0.030387	0.000000	5.000000	0.272175
YDR084C	YML099C	0.999245						1.000000	5.000000	0.275598
YGR148C	YLR403W	0.999245						1.000000	5.000000	0.270709
YMR142C	YLR403W	0.999243	1.000000	0.923077	0.016854	0.123678	0.033103	0.000000	5.000000	0.272178
YLR110C	YML027W	0.999242						1.000000	5.000000	0.277014
YOL109W	YPL133C	0.999242						1.000000	5.000000	0.269967
YPL079W	YLR403W	0.999241	0.000000	0.857143	0.016854	0.119033	0.033058	0.000000	5.000000	0.308259
YMR251W-A	YNL027W	0.999240						1.000000	5.000000	0.276988
YGR043C	YMR172W	0.999239						1.000000	5.000000	0.275662
YDR064W	YLR403W	0.999236	1.000000	0.866667	0.018258	0.124605	0.035763	0.000000	5.000000	0.281268
YKL096W	YKL020C	0.999231						1.000000	5.000000	0.273442
YPR020W	YKL109W	0.999219						1.000000	5.000000	0.268085
YLR390W-A	YPL089C	0.999218						1.000000	5.000000	0.270361
YKL120W	YDR463W	0.999206						1.000000	5.000000	0.248943
YKL016C	YKL109W	0.999186						1.000000	5.000000	0.261941
YGR088W	YMR172W	0.999184						1.000000	5.000000	0.263610
YCR005C	YNL027W	0.999181						1.000000	5.000000	0.262568
YER044C	YLR228C	0.999174						1.000000	5.000000	0.263916
YLR304C	YIR023W	0.999160						1.000000	5.000000	0.256532
YGL055W	YPL202C	0.999155						1.000000	5.000000	0.256984
YDR471W	YLR403W	0.999152	1.000000	0.875000	0.019663	0.129951	0.038462	0.000000	5.000000	0.257417
YKL180W	YLR403W	0.999146	1.000000	0.882353	0.021067	0.135097	0.041152	0.000000	5.000000	0.251466
YBL027W	YOL028C	0.999141						1.000000	5.000000	0.254094
YMR242C	YLR403W	0.999134	1.000000	0.888889	0.022472	0.140062	0.043836	0.000000	5.000000	0.247334
YOR096W	YLR403W	0.999130						1.000000	5.000000	0.249882
YPR132W	YLR403W	0.999127						1.000000	5.000000	0.253167
YML052W	YPL248C	0.999119						1.000000	5.000000	0.252767
YER025W	YMR042W	0.999112						1.000000	5.000000	0.251413
YHR087W	YMR172W	0.999101						1.000000	5.000000	0.248868
YLR441C	YLR403W	0.999096	1.000000	0.894737	0.023876	0.144864	0.046512	0.000000	5.000000	0.270377
YJR123W	YLR403W	0.999095						1.000000	5.000000	0.247501
YGR034W	YLR403W	0.999094						1.000000	5.000000	0.261969
YBR092C	YIR018W	0.999082						1.000000	5.000000	0.245607
YNL312W	YKR034W	0.999078						0.000000	5.000000	0.245491
YDL210W	YDL170W	0.999077						1.000000	5.000000	0.244920
YMR143W	YLR403W	0.999075						1.000000	5.000000	0.244104
YOL120C	YLR403W	0.999063						1.000000	5.000000	0.245418
YKL096W	YOR162C	0.999063						1.000000	5.000000	0.249397
YNL030W	YER111C	0.999062						1.000000	5.000000	0.245592
YPL223C	YMR172W	0.999059						1.000000	5.000000	0.246797
YDR450W	YLR403W	0.999058						1.000000	5.000000	0.243542
YLR167W	YLR403W	0.999052	1.000000	0.900000	0.025281	0.149518	0.049180	0.000000	5.000000	0.245647
YHR018C	YER040W	0.999051						1.000000	5.000000	0.241535
YNL055C	YKL109W	0.999047						1.000000	5.000000	0.266149
YIL018W	YLR403W	0.999047						1.000000	5.000000	0.238815
YNL078W	YDR146C	0.999044						1.000000	5.000000	0.241801
YGR209C	YOL028C	0.999035						1.000000	5.000000	0.239763
YBR230C	YMR280C	0.999033						1.000000	5.000000	0.224154
YER150W	YGL073W	0.999032						1.000000	5.000000	0.242265
YBR158W	YDR146C	0.999029						1.000000	5.000000	0.237691
YKR039W	YMR037C	0.999014						1.000000	5.000000	0.214165
YML081C-A	YPL133C	0.999013						1.000000	5.000000	0.236885
YDR155C	YPR065W	0.999001						1.000000	5.000000	0.235396
YAL012W	YOL028C	0.998999						1.000000	5.000000	0.232222
YHR136C	YDL106C	0.998995						1.000000	5.000000	0.234986
YCL018W	YLR451W	0.998989						1.000000	5.000000	0.237447
YBR191W	YLR403W	0.998985						1.000000	5.000000	0.235063
YER091C	YNL103W	0.998980						1.000000	5.000000	0.238854
YKR039W	YER040W	0.998978						1.000000	5.000000	0.235458
YOR136W	YDR043C	0.998968						1.000000	5.000000	0.228788
YDR050C	YPL075W	0.998965						1.000000	5.000000	0.229751
YNL031C	YML027W	0.998955						1.000000	5.000000	0.231403
YBL099W	YKL109W	0.998952						1.000000	5.000000	0.215339
YJL196C	YDR043C	0.998949						1.000000	5.000000	0.230936
YOL121C	YLR403W	0.998948	1.000000	0.904762	0.026685	0.154036	0.051842	0.000000	5.000000	0.225835
YBL092W	YLR403W	0.998945						1.000000	5.000000	0.232874
YHR208W	YLR451W	0.998937						1.000000	5.000000	0.226856
YOL077W-A	YKL109W	0.998934						1.000000	5.000000	0.237608
YJR121W	YPL133C	0.998932						1.000000	5.000000	0.223464
YIL133C	YLR403W	0.998926	1.000000	0.909091	0.028090	0.158429	0.054496	0.000000	5.000000	0.225737
YHR087W	YLR176C	0.998925						1.000000	5.000000	0.226790
YNL162W	YLR403W	0.998922						1.000000	5.000000	0.214584
YJL164C	YGL035C	0.998921						1.000000	5.000000	0.224920
YNL030W	YNL103W	0.998914						1.000000	5.000000	0.224132
YFR041C	YFL031W	0.998914						1.000000	5.000000	0.220099
YDR447C	YLR403W	0.998908						1.000000	5.000000	0.229207
YPL240C	YGL073W	0.998907						1.000000	5.000000	0.226574
YBR181C	YLR403W	0.998899	1.000000	0.913043	0.029494	0.162707	0.057143	0.000000	5.000000	0.242838
YER100W	YGL096W	0.998893						1.000000	5.000000	0.223514
YER074W	YLR403W	0.998893						1.000000	5.000000	0.217300
YER177W	YPL075W	0.998876						1.000000	5.000000	0.218674
YLR395C	YKL109W	0.998875						1.000000	5.000000	0.221715
YDR298C	YKL109W	0.998869						1.000000	5.000000	0.212378
YOR136W	YBL103C	0.998856						1.000000	5.000000	0.216142
YBR009C	YER111C	0.998848						0.000000	5.000000	0.218881
YML052W	YLR176C	0.998840						1.000000	5.000000	0.214867
YLR110C	YFL021W	0.998835						1.000000	5.000000	0.213909
YGL030W	YLR403W	0.998834						1.000000	5.000000	0.205062
YBL064C	YKL015W	0.998832						1.000000	5.000000	0.211883
YDL022W	YOL116W	0.998826						1.000000	5.000000	0.213809
YJR077C	YOR358W	0.998826						1.000000	5.000000	0.211902
YBL002W	YDL056W	0.998823						1.000000	5.000000	0.209767
YER056C-A	YLR403W	0.998823						1.000000	5.000000	0.212991
YGR027C	YNL216W	0.998812	1.000000	0.916667	0.030899	0.166878	0.059783	0.000000	5.000000	0.225127
YJR009C	YNL199C	0.998809						1.000000	5.000000	0.207587
YER065C	YER184C	0.998801						1.000000	5.000000	0.208648
YNL031C	YER111C	0.998788						1.000000	5.000000	0.207287
YLR192C	YPL202C	0.998778						1.000000	5.000000	0.205284
YKL120W	YKL062W	0.998776						1.000000	5.000000	0.223878
YNL030W	YML027W	0.998773						1.000000	5.000000	0.206528
YGR175C	YIR033W	0.998757						1.000000	5.000000	0.204919
YIL148W	YLR403W	0.998755	1.000000	0.920000	0.032303	0.170951	0.062415	0.000000	5.000000	0.202599
YJR044C	YIR018W	0.998753						1.000000	5.000000	0.202220
YNL117W	YER184C	0.998753						1.000000	5.000000	0.203298
YJL136C	YLR403W	0.998752	1.000000	0.923077	0.033708	0.174930	0.065041	0.000000	5.000000	0.193149
YFL014W	YMR172W	0.998750						1.000000	5.000000	0.203787
YHR021C	YLR403W	0.998738						1.000000	5.000000	0.202024
YBL032W	YCR065W	0.998732						1.000000	5.000000	0.203206
YJL158C	YPL089C	0.998731						1.000000	5.000000	0.203996
YJL177W	YLR403W	0.998715						1.000000	5.000000	0.199066
YIR029W	YIR023W	0.998714						1.000000	5.000000	0.197927
YOR298C-A	YGL073W	0.998712						1.000000	5.000000	0.200175
YDR171W	YGL073W	0.998697	1.000000	0.925926	0.035112	0.178824	0.067659	0.000000	5.000000	0.198441
YNL142W	YER040W	0.998689						1.000000	5.000000	0.201864
YEL034W	YIL036W	0.998682						1.000000	5.000000	0.196768
YCR024C-A	YOR032C	0.998678						1.000000	5.000000	0.194570
YDL182W	YBL103C	0.998672						1.000000	5.000000	0.197639
YDR500C	YLR403W	0.998670						1.000000	5.000000	0.198961
YGL077C	YPL177C	0.998660						1.000000	5.000000	0.193316
YNL030W	YIR017C	0.998658						1.000000	5.000000	0.195760
YKL060C	YNL199C	0.998657						1.000000	5.000000	0.196276
YFR032C-A	YKL043W	0.998654						1.000000	5.000000	0.195092
YLR185W	YLR403W	0.998654	1.000000	0.928571	0.036517	0.182636	0.070270	0.000000	5.000000	0.196284
YML123C	YDL106C	0.998653						1.000000	5.000000	0.197099
YKL142W	YKL020C	0.998650						1.000000	5.000000	0.195343
YBR039W	YOR358W	0.998647						1.000000	5.000000	0.194411
YER044C	YLR176C	0.998647						1.000000	5.000000	0.196014
YHR193C	YPR065W	0.998645						1.000000	5.000000	0.185255
YHR064C	YBL005W	0.998639						1.000000	5.000000	0.189053
YOL039W	YNL216W	0.998636						1.000000	5.000000	0.194524
YPR102C	YLR403W	0.998635						1.000000	5.000000	0.206854
YJR007W	YBL005W	0.998633						1.000000	5.000000	0.194219
YHR141C	YNL314W	0.998627						1.000000	5.000000	0.189879
YOL109W	YGR249W	0.998619						1.000000	5.000000	0.189551
YDL052C	YIR033W	0.998614						1.000000	5.000000	0.190902
YBL002W	YER111C	0.998602						0.000000	5.000000	0.190002
YDL082W	YLR403W	0.998594						1.000000	5.000000	0.188640
YKL120W	YKR099W	0.998565						1.000000	5.000000	0.170438
YJL164C	YMR280C	0.998564						1.000000	5.000000	0.188925
YJL196C	YNL199C	0.998563						1.000000	5.000000	0.202544
YLR167W	YNL216W	0.998562	0.000000	0.896552	0.036517	0.179358	0.070175	0.000000	5.000000	0.182120
YPL240C	YDL106C	0.998559						1.000000	5.000000	0.185941
YFL021W	YOL108C	0.998555						1.000000	5.000000	0.184261
YKR039W	YBR083W	0.998555						1.000000	5.000000	0.189777
YLR340W	YLR403W	0.998553						1.000000	5.000000	0.178945
YML063W	YLR403W	0.998551	1.000000	0.900000	0.037921	0.183140	0.072776	0.000000	5.000000	0.184899
YEL009C	YKL109W	0.998546						1.000000	5.000000	0.181609
YOL058W	YMR042W	0.998535						1.000000	5.000000	0.187251
YBL087C	YLR403W	0.998534	1.000000	0.903226	0.039326	0.186847	0.075370	0.000000	5.000000	0.182530
YMR256C	YKL109W	0.998526						1.000000	5.000000	0.186605
YAL054C	YMR280C	0.998518						1.000000	5.000000	0.181441
YGL077C	YMR021C	0.998508						1.000000	5.000000	0.185173
YGR172C	YPL248C	0.998502						1.000000	5.000000	0.181303
YPR191W	YBL021C	0.998502						1.000000	5.000000	0.168447
YIL069C	YLR403W	0.998501						1.000000	5.000000	0.180402
YFR042W	YFL031W	0.998497						1.000000	5.000000	0.177681
YNR001C	YBL103C	0.998496						1.000000	5.000000	0.179412
YEL009C	YER040W	0.998490						1.000000	5.000000	0.178873
YNL135C	YNL314W	0.998488						1.000000	5.000000	0.180937
YLR325C	YLR403W	0.998476	0.000000	0.875000	0.039326	0.183809	0.075269	0.000000	5.000000	0.189977
YGL009C	YLR451W	0.998467						1.000000	5.000000	0.182170
YJR048W	YKL109W	0.998459						1.000000	5.000000	0.177483
YER103W	YGL073W	0.998458	1.000000	0.878788	0.040730	0.187483	0.077852	0.000000	5.000000	0.178553
YPR036W	YDR451C	0.998458						1.000000	5.000000	0.174210
YGL147C	YLR403W	0.998442						1.000000	5.000000	0.170727
YKL008C	YIR033W	0.998437						1.000000	5.000000	0.178051
YPR194C	YLR228C	0.998431						1.000000	5.000000	0.171572
YKL009W	YPL177C	0.998431						1.000000	5.000000	0.168846
YGR172C	YBR049C	0.998430						1.000000	5.000000	0.175112
YBR011C	YIR017C	0.998418						1.000000	5.000000	0.173802
YNR002C	YGL096W	0.998417						1.000000	5.000000	0.172745
YBR109C	YDL020C	0.998413						1.000000	5.000000	0.182020
YIL057C	YGR249W	0.998411						1.000000	5.000000	0.171711
YJL158C	YER111C	0.998408						1.000000	5.000000	0.169083
YDL210W	YKR034W	0.998407						1.000000	5.000000	0.172026
YMR108W	YLR451W	0.998404						1.000000	5.000000	0.175056
YHR137W	YMR070W	0.998403						1.000000	5.000000	0.187577
YPL163C	YKL185W	0.998396	0.000000	0.852941	0.040730	0.184612	0.077748	0.000000	5.000000	0.171488
YLR377C	YER184C	0.998383						1.000000	5.000000	0.153456
YDL055C	YDL056W	0.998374						1.000000	5.000000	0.166428
YDR372C	YLR176C	0.998373						1.000000	5.000000	0.168172
YKR097W	YER184C	0.998368						1.000000	5.000000	0.166861
YOL040C	YLR403W	0.998361	0.000000	0.828571	0.040730	0.181864	0.077644	0.000000	5.000000	0.161139
YCR031C	YLR403W	0.998359						1.000000	5.000000	0.176307
YAL038W	YPL075W	0.998347						1.000000	5.000000	0.163670
YMR303C	YMR280C	0.998337						1.000000	5.000000	0.163699
YER029C	YGL096W	0.998333						1.000000	5.000000	0.167753
YKL216W	YLR014C	0.998330						1.000000	5.000000	0.162096
YGL191W	YKL109W	0.998321						1.000000	5.000000	0.159070
YHR018C	YBL103C	0.998308						1.000000	5.000000	0.161230
YPR145W	YER040W	0.998298						1.000000	5.000000	0.161393
YLR214W	YMR021C	0.998298						1.000000	5.000000	0.165228
YLR029C	YLR403W	0.998298						1.000000	5.000000	0.150011
YKL217W	YER184C	0.998297						0.000000	5.000000	0.158035
YDR023W	YDL106C	0.998285						1.000000	5.000000	0.158225
YJR145C	YLR403W	0.998282	1.000000	0.833333	0.042135	0.185525	0.080214	0.000000	5.000000	0.168525
YOR236W	YBR182C	0.998279						1.000000	5.000000	0.158949
YBL002W	YGR249W	0.998276						1.000000	5.000000	0.158100
YOR167C	YNL216W	0.998273	0.000000	0.810811	0.042135	0.182912	0.080107	0.000000	5.000000	0.156023
YJL172W	YER040W	0.998261						1.000000	5.000000	0.156089
YHR001W-A	YKL109W	0.998244						1.000000	5.000000	0.155748
YBR109C	YIL036W	0.998238						1.000000	5.000000	0.157970
YGR118W	YLR403W	0.998227						1.000000	5.000000	0.148062
YGL030W	YNL216W	0.998221						1.000000	5.000000	0.164044
YLR327C	YDR216W	0.998211	0.000000	0.789474	0.042135	0.180401	0.080000	0.000000	5.000000	0.157401
YHR142W	YLR131C	0.998206						1.000000	5.000000	0.153438
YBR222C	YFL031W	0.998203						0.000000	5.000000	0.159608
YGR214W	YLR403W	0.998198						1.000000	5.000000	0.156982
YPL061W	YIL036W	0.998195						1.000000	5.000000	0.151453
YEL058W	YGL035C	0.998195						1.000000	5.000000	0.150515
YDR063W	YPL177C	0.998184						1.000000	5.000000	0.145163
YER072W	YFR034C	0.998180						1.000000	5.000000	0.151365
YGL189C	YNL216W	0.998175	1.000000	0.794872	0.043539	0.184035	0.082557	0.000000	5.000000	0.148532
YDL081C	YLR403W	0.998174						1.000000	5.000000	0.151569
YNR001C	YKL109W	0.998174						1.000000	5.000000	0.143845
YJR148W	YBL103C	0.998167						1.000000	5.000000	0.148030
YLR327C	YGL073W	0.998164	1.000000	0.800000	0.044944	0.187606	0.085106	0.000000	5.000000	0.151041
YIR028W	YER040W	0.998163						1.000000	5.000000	0.150434
YOL127W	YLR403W	0.998149						1.000000	5.000000	0.151580
YHR203C	YLR403W	0.998149	1.000000	0.804878	0.046348	0.191118	0.087649	0.000000	5.000000	0.160238
YOR153W	YBL005W	0.998149						1.000000	5.000000	0.147980
YLR270W	YKL020C	0.998147						1.000000	5.000000	0.149046
YPR124W	YMR021C	0.998147						1.000000	5.000000	0.156385
YPL131W	YLR403W	0.998146						1.000000	5.000000	0.148846
YKR091W	YPL089C	0.998139						1.000000	5.000000	0.150840
YAL038W	YNL199C	0.998137						1.000000	5.000000	0.150571
YNL069C	YLR403W	0.998132	1.000000	0.809524	0.047753	0.194574	0.090186	0.000000	5.000000	0.149902
YIL057C	YDR216W	0.998123						1.000000	5.000000	0.149889
YGR260W	YDR310C	0.998123						1.000000	5.000000	0.150097
YDL084W	YPL075W	0.998120						1.000000	5.000000	0.152424
YDR012W	YLR403W	0.998118						1.000000	5.000000	0.133687
YDL130W	YLR403W	0.998116	1.000000	0.813953	0.049157	0.197976	0.092715	0.000000	5.000000	0.148229
YPL004C	YMR037C	0.998116						1.000000	5.000000	0.151283
YJR139C	YNL216W	0.998107						1.000000	5.000000	0.148204
YLR142W	YKL015W	0.998105						1.000000	5.000000	0.143591
YLL026W	YGL073W	0.998091	1.000000	0.818182	0.050562	0.201326	0.095238	0.000000	5.000000	0.144787
YGR060W	YIR017C	0.998090						1.000000	5.000000	0.148247
YFL014W	YNL027W	0.998084						1.000000	5.000000	0.148787
YJR121W	YKL109W	0.998083						1.000000	5.000000	0.147575
YMR251W-A	YBR083W	0.998078						1.000000	5.000000	0.146373
YDR258C	YGL073W	0.998077	1.000000	0.822222	0.051966	0.204627	0.097754	0.000000	5.000000	0.146201
YDR380W	YDR421W	0.998071						1.000000	5.000000	0.142977
YGR243W	YGL073W	0.998063						0.000000	5.000000	0.147401
YML081C-A	YKL109W	0.998062						0.000000	5.000000	0.140248
YOR063W	YPL075W	0.998060						1.000000	5.000000	0.150319
YGR142W	YGL073W	0.998052	1.000000	0.826087	0.053371	0.207880	0.100264	0.000000	5.000000	0.146125
YAL022C	YDR146C	0.998051						1.000000	5.000000	0.147662
YER091C	YHR206W	0.998050						1.000000	5.000000	0.138278
YOL040C	YNL216W	0.998049	1.000000	0.829787	0.054775	0.211088	0.102767	0.000000	5.000000	0.156801
YCL064C	YJR147W	0.998035						0.000000	5.000000	0.145446
YDR418W	YPL075W	0.998029						1.000000	5.000000	0.153590
YNL007C	YGL073W	0.998008	1.000000	0.833333	0.056180	0.214252	0.105263	0.000000	5.000000	0.141637
YLL023C	YKL038W	0.998007						1.000000	5.000000	0.143232
YGL055W	YKL020C	0.998003						1.000000	5.000000	0.143020
YBR048W	YLR403W	0.998002						1.000000	5.000000	0.147337
YDR378C	YDR421W	0.998001						1.000000	5.000000	0.140628
YJR152W	YER040W	0.997999	0.000000	0.816327	0.056180	0.211978	0.105125	0.000000	5.000000	0.140022
YDL192W	YNL216W	0.997999						1.000000	5.000000	0.150784
YBR101C	YGL073W	0.997998						1.000000	5.000000	0.135601
YNL031C	YDL056W	0.997997						1.000000	5.000000	0.140761
YBL042C	YOL116W	0.997994						1.000000	5.000000	0.147170
YOL055C	YMR037C	0.997988						1.000000	5.000000	0.139504
YLR301W	YNL199C	0.997979						1.000000	5.000000	0.141110
YMR143W	YNL216W	0.997977						1.000000	5.000000	0.140232
YNL077W	YGL073W	0.997977						1.000000	5.000000	0.136995
YOL155C	YMR037C	0.997973						1.000000	5.000000	0.143598
YDL061C	YKL043W	0.997964						1.000000	5.000000	0.138959
YNL312W	YDL056W	0.997960						1.000000	5.000000	0.140026
YLL050C	YNL216W	0.997956						1.000000	5.000000	0.139283
YOL155C	YOR162C	0.997940						1.000000	5.000000	0.144717
YML128C	YDR216W	0.997929						1.000000	5.000000	0.139289
YEL034W	YNL216W	0.997924						1.000000	5.000000	0.143037
YEL054C	YLR403W	0.997924						1.000000	5.000000	0.136723
YBR126C	YNL027W	0.997920						1.000000	5.000000	0.147006
YBR010W	YER111C	0.997906	0.000000	0.800000	0.056180	0.209772	0.104987	0.000000	5.000000	0.137423
YAL012W	YNL103W	0.997905						1.000000	5.000000	0.137039
YDR064W	YNL216W	0.997897	0.000000	0.784314	0.056180	0.207630	0.104849	0.000000	5.000000	0.133924
YKR085C	YGL035C	0.997892						1.000000	5.000000	0.135021
YPL024W	YMR164C	0.997891						1.000000	5.000000	0.137296
YJR073C	YOL108C	0.997890						1.000000	5.000000	0.136454
YDR450W	YNL216W	0.997887						1.000000	5.000000	0.135651
YBR127C	YOR363C	0.997886						1.000000	5.000000	0.141522
YHL021C	YDR423C	0.997883						1.000000	5.000000	0.134116
YFL021W	YER040W	0.997866						1.000000	5.000000	0.133683
YNL031C	YIR017C	0.997863						1.000000	5.000000	0.133945
YDL229W	YOR344C	0.997860						1.000000	5.000000	0.134333
YDL067C	YGL237C	0.997858						1.000000	5.000000	0.131985
YAL038W	YPR065W	0.997857						1.000000	5.000000	0.134250
YHR087W	YGL073W	0.997854						0.000000	5.000000	0.138727
YHR110W	YDR451C	0.997850						1.000000	5.000000	0.136701
YHR137W	YDR421W	0.997847						1.000000	5.000000	0.150323
YHR007C	YGR249W	0.997843						1.000000	5.000000	0.133892
YOR020C	YGL073W	0.997832						1.000000	5.000000	0.131767
YDR382W	YNL216W	0.997820	1.000000	0.788462	0.057584	0.210787	0.107330	0.000000	5.000000	0.129847
YOL052C-A	YMR172W	0.997816						0.000000	5.000000	0.128284
YAL005C	YGL073W	0.997801						1.000000	5.000000	0.132594
YPL037C	YNL216W	0.997786						1.000000	5.000000	0.130462
YJR009C	YOR344C	0.997785						1.000000	5.000000	0.130190
YHR018C	YEL009C	0.997781						1.000000	5.000000	0.129543
YNL078W	YLR131C	0.997777						1.000000	5.000000	0.129044
YNL052W	YKL109W	0.997774						1.000000	5.000000	0.138911
YLR438W	YDR207C	0.997771						1.000000	5.000000	0.129722
YCL040W	YKL062W	0.997765						1.000000	5.000000	0.128566
YER175C	YER040W	0.997764						1.000000	5.000000	0.127846
YNL078W	YNL216W	0.997763						1.000000	5.000000	0.129456
YGL202W	YEL009C	0.997761						1.000000	5.000000	0.131800
YMR175W	YKL062W	0.997750						1.000000	5.000000	0.122626
YPL078C	YKL109W	0.997749						0.000000	5.000000	0.117369
YHR005C-A	YOR028C	0.997746						1.000000	5.000000	0.130425
YPL249C-A	YLR403W	0.997737	1.000000	0.792453	0.058989	0.213904	0.109804	0.000000	5.000000	0.127157
YFR033C	YKL109W	0.997734	1.000000	0.796296	0.060393	0.216982	0.112272	0.000000	5.000000	0.132303
YGR211W	YGL073W	0.997731	1.000000	0.800000	0.061798	0.220022	0.114733	0.000000	5.000000	0.128432
YIR032C	YER040W	0.997724						1.000000	5.000000	0.153429
YBL107C	YBR240C	0.997723						1.000000	5.000000	0.126035
YHR175W	YMR021C	0.997723						1.000000	5.000000	0.127132
YBL030C	YKL109W	0.997718	0.000000	0.785714	0.061798	0.217977	0.114583	0.000000	5.000000	0.127886
YIR029W	YER040W	0.997716						1.000000	5.000000	0.125239
YLR174W	YKL062W	0.997712						1.000000	5.000000	0.131247
YBR092C	YBR240C	0.997706						0.000000	5.000000	0.122031
YBR191W	YNL216W	0.997691						1.000000	5.000000	0.125293
YBR126C	YMR037C	0.997690						1.000000	5.000000	0.112367
YDL191W	YPL038W	0.997682						1.000000	5.000000	0.125509
YLR044C	YOL116W	0.997682	0.000000	0.771930	0.061798	0.215985	0.114434	0.000000	-5.000000	0.125959
YMR194W	YDR421W	0.997682						1.000000	5.000000	0.127221
YDR377W	YDR421W	0.997680						1.000000	5.000000	0.123170
YDR232W	YBL021C	0.997677						1.000000	5.000000	0.124670
YOL038W	YDL020C	0.997676						1.000000	5.000000	0.124878
YGL037C	YMR037C	0.997669						1.000000	5.000000	0.125250
YLR110C	YOR162C	0.997663						1.000000	5.000000	0.123401
YOR027W	YGL073W	0.997654	1.000000	0.775862	0.063202	0.219005	0.116883	0.000000	5.000000	0.120635
YPL127C	YKL020C	0.997652						1.000000	5.000000	0.122157
YPR158W	YGL073W	0.997646						1.000000	5.000000	0.117585
YHR174W	YOR344C	0.997644	0.000000	0.762712	0.063202	0.217072	0.116732	0.000000	5.000000	0.125014
YNL036W	YNL027W	0.997617						1.000000	5.000000	0.122061
YPL048W	YKL043W	0.997615						1.000000	5.000000	0.122652
YOL077C	YNL314W	0.997615						1.000000	5.000000	0.119436
YFR032C-A	YLR403W	0.997601						1.000000	5.000000	0.093977
YDR050C	YNL216W	0.997595						1.000000	5.000000	0.131680
YPR149W	YDR216W	0.997595						1.000000	5.000000	0.121172
YLR109W	YPL075W	0.997589	0.000000	0.750000	0.063202	0.215186	0.116580	0.000000	5.000000	0.115833
YKL096W	YNL167C	0.997588						1.000000	5.000000	0.119874
YIR028W	YIR023W	0.997579						1.000000	5.000000	0.119153
YKL141W	YKL109W	0.997577						0.000000	5.000000	0.119355
YAL038W	YOR344C	0.997574						1.000000	5.000000	0.119210
YKL060C	YOR344C	0.997569						1.000000	5.000000	0.119170
YDL165W	YDR451C	0.997568						1.000000	5.000000	0.119037
YGR204W	YOR358W	0.997559						1.000000	5.000000	0.122847
YOL101C	YIR033W	0.997554						1.000000	5.000000	0.118351
YBR129C	YGL096W	0.997554						1.000000	5.000000	0.117662
YLR300W	YPL089C	0.997553						1.000000	5.000000	0.120069
YKR097W	YPL133C	0.997550						1.000000	5.000000	0.120100
YJR095W	YJL089W	0.997548						1.000000	5.000000	0.118465
YGL012W	YPL075W	0.997543						1.000000	5.000000	0.119057
YPR194C	YER040W	0.997536						1.000000	5.000000	0.115227
YNR050C	YPL038W	0.997527						1.000000	5.000000	0.119892
YLR303W	YPL038W	0.997524						1.000000	5.000000	0.117379
YNL327W	YPR065W	0.997524						1.000000	5.000000	0.116607
YLR342W	YPL089C	0.997520						1.000000	5.000000	0.116740
YIR031C	YER040W	0.997520	0.000000	0.737705	0.063202	0.213346	0.116429	0.000000	5.000000	0.114801
YKL148C	YKL109W	0.997517						1.000000	5.000000	0.115897
YHR200W	YKL015W	0.997513						1.000000	5.000000	0.115873
YLR390W-A	YHR124W	0.997506						1.000000	5.000000	0.120285
YDR178W	YKL109W	0.997499						0.000000	5.000000	0.117449
YMR116C	YNL216W	0.997496						1.000000	5.000000	0.114209
YBR006W	YIR023W	0.997479						1.000000	5.000000	0.116445
YML004C	YMR037C	0.997478						1.000000	5.000000	0.114216
YKL007W	YOR162C	0.997470						1.000000	5.000000	0.117112
YDR276C	YMR037C	0.997469						1.000000	5.000000	0.115751
YOR383C	YKL015W	0.997456						1.000000	5.000000	0.123855
YAR015W	YDL106C	0.997448						1.000000	5.000000	0.109759
YIL148W	YNL216W	0.997442	1.000000	0.741935	0.064607	0.216349	0.118863	0.000000	5.000000	0.113118
YLR044C	YER184C	0.997442						0.000000	-5.000000	0.112929
YDR533C	YDR423C	0.997429						1.000000	5.000000	0.110033
YHR087W	YGL013C	0.997426						1.000000	5.000000	0.111780
YOL151W	YNL167C	0.997420						1.000000	5.000000	0.112751
YDL174C	YKL109W	0.997415						0.000000	5.000000	0.110068
YFL014W	YNL216W	0.997408						1.000000	5.000000	0.113280
YDR518W	YFL031W	0.997407						1.000000	5.000000	0.112857
YKL080W	YOR344C	0.997407						1.000000	5.000000	0.109284
YLR406C	YHR006W	0.997402	0.000000	0.730159	0.064607	0.214557	0.118710	0.000000	-5.000000	0.108058
YMR142C	YNL216W	0.997396	0.000000	0.718750	0.064607	0.212808	0.118557	0.000000	5.000000	0.123676
YJL158C	YKL043W	0.997357						1.000000	5.000000	0.108576
YDL130W-A	YKL109W	0.997351						0.000000	5.000000	0.107876
YMR110C	YKL020C	0.997350						1.000000	5.000000	0.107663
YMR303C	YDR216W	0.997349						1.000000	5.000000	0.111412
YGR183C	YBL021C	0.997346						1.000000	5.000000	0.106790
YER154W	YLR131C	0.997343						1.000000	5.000000	0.124485
YGR214W	YPL075W	0.997336						1.000000	5.000000	0.106855
YDL127W	YDR146C	0.997326						1.000000	5.000000	0.107491
YCR031C	YIR018W	0.997314						1.000000	5.000000	0.105580
YHR174W	YOL116W	0.997312	0.000000	0.707692	0.064607	0.211098	0.118404	0.000000	-5.000000	0.106491
YOR220W	YKL020C	0.997303						1.000000	5.000000	0.107259
YNL036W	YDR216W	0.997300						1.000000	5.000000	0.105797
YNL142W	YFL021W	0.997299						1.000000	5.000000	0.106226
YHL021C	YMR037C	0.997297						1.000000	5.000000	0.105937
YDL171C	YER040W	0.997295						1.000000	5.000000	0.105345
YEL012W	YPL202C	0.997292						1.000000	5.000000	0.109818
YLR420W	YOR162C	0.997282						1.000000	5.000000	0.104298
YLR303W	YBR083W	0.997268						1.000000	5.000000	0.110141
YGL055W	YJR060W	0.997255						1.000000	5.000000	0.104878
YDR510W	YNL199C	0.997254						1.000000	5.000000	0.104308
YOL155C	YFR034C	0.997238						1.000000	5.000000	0.105868
YLR075W	YNL216W	0.997234	1.000000	0.712121	0.066011	0.214077	0.120823	0.000000	5.000000	0.116911
YKL056C	YNL216W	0.997226						0.000000	5.000000	0.106942
YLR110C	YNL216W	0.997220						1.000000	5.000000	0.104205
YKR097W	YIL036W	0.997217						1.000000	5.000000	0.103205
YML024W	YLR403W	0.997217						1.000000	5.000000	0.103771
YNL069C	YNL216W	0.997216	0.000000	0.701493	0.066011	0.212408	0.120668	0.000000	5.000000	0.102762
YDL022W	YNL167C	0.997216						1.000000	5.000000	0.103799
YKR039W	YFL021W	0.997212						1.000000	5.000000	0.102757
YGR279C	YKL043W	0.997207						1.000000	5.000000	0.103189
YNR067C	YDR146C	0.997205	0.000000	0.691176	0.066011	0.210776	0.120513	0.000000	5.000000	0.102724
YDR373W	YLR228C	0.997201						1.000000	5.000000	0.102685
YNL280C	YNL314W	0.997195						1.000000	5.000000	0.100221
YBR166C	YKR034W	0.997186						1.000000	5.000000	0.099841
YPR191W	YOR358W	0.997178						1.000000	5.000000	0.092842
YIL069C	YOR363C	0.997176						1.000000	5.000000	0.101584
YNL244C	YIL131C	0.997172						1.000000	5.000000	0.099916
YJL166W	YKL109W	0.997155						0.000000	5.000000	0.107602
YLR354C	YHR178W	0.997153						1.000000	5.000000	0.100987
YBR158W	YLR131C	0.997147						1.000000	5.000000	0.098786
YHR174W	YOR162C	0.997130						0.000000	5.000000	0.108086
YEL021W	YBR083W	0.997128						1.000000	5.000000	0.099820
YOL038W	YDL106C	0.997120						1.000000	5.000000	0.100781
YDL131W	YEL009C	0.997115						1.000000	5.000000	0.101570
YLR044C	YOR162C	0.997115						0.000000	5.000000	0.097289
YMR175W	YJL056C	0.997101						0.000000	5.000000	0.098163
YDL048C	YER111C	0.997101						1.000000	5.000000	0.096338
YFL021W	YDR207C	0.997089						1.000000	5.000000	0.097334
YAL005C	YKL062W	0.997089						1.000000	5.000000	0.099764
YOR383C	YPL202C	0.997087						1.000000	5.000000	0.100374
YBR009C	YDL056W	0.997077						0.000000	5.000000	0.098092
YDR322C-A	YKL109W	0.997071						0.000000	5.000000	0.097498
YDL004W	YKL109W	0.997066	0.000000	0.681159	0.066011	0.209179	0.120359	0.000000	5.000000	0.096844
YKR097W	YMR280C	0.997058						1.000000	5.000000	0.097372
YGR192C	YNL199C	0.997058	1.000000	0.685714	0.067416	0.212131	0.122762	0.000000	5.000000	0.093452
YKL035W	YNL027W	0.997055						1.000000	5.000000	0.094514
YNL001W	YPL177C	0.997053						1.000000	5.000000	0.097267
YHR030C	YPL089C	0.997045						1.000000	5.000000	0.098066
YDL181W	YKL109W	0.997045						0.000000	5.000000	0.099214
YFL039C	YBR049C	0.997039						1.000000	5.000000	0.097679
YDL061C	YLR403W	0.997027						1.000000	5.000000	0.115714
YPL271W	YGL237C	0.997027						1.000000	5.000000	0.096338
YGL234W	YDL106C	0.997020						1.000000	5.000000	0.096742
YDR077W	YPL089C	0.997001						1.000000	5.000000	0.094368
YEL034W	YHR178W	0.996995						1.000000	5.000000	0.094467
YIR034C	YDR463W	0.996993						1.000000	5.000000	0.094447
YOL058W	YML099C	0.996993						1.000000	5.000000	0.096135
YLR378C	YBR049C	0.996988						1.000000	5.000000	0.091329
YKL164C	YDR146C	0.996988	1.000000	0.690141	0.068820	0.215052	0.125160	0.000000	5.000000	0.095402
YBL064C	YDR207C	0.996986						1.000000	5.000000	0.089671
YEL034W	YLR256W	0.996985						1.000000	5.000000	0.094694
YMR193W	YPL177C	0.996979						1.000000	5.000000	0.094864
YMR088C	YER040W	0.996978						1.000000	5.000000	0.095012
YNL117W	YKL109W	0.996977						0.000000	5.000000	0.093184
YMR145C	YDR043C	0.996975						1.000000	5.000000	0.094915
YHR136C	YDR421W	0.996969						1.000000	5.000000	0.094844
YLR214W	YPL202C	0.996967						1.000000	5.000000	0.095486
YML073C	YIR018W	0.996964						1.000000	5.000000	0.095162
YML106W	YHR124W	0.996957						1.000000	5.000000	0.101750
YLR354C	YDL056W	0.996942						1.000000	5.000000	0.092368
YER025W	YBR049C	0.996936						1.000000	5.000000	0.097831
YHR193C	YHR124W	0.996925						1.000000	5.000000	0.091717
YDR276C	YKL109W	0.996915						0.000000	5.000000	0.093783
YNL259C	YPL202C	0.996913						1.000000	5.000000	0.092322
YGR209C	YDL020C	0.996906						1.000000	5.000000	0.094650
YOR120W	YPL248C	0.996900						1.000000	5.000000	0.093931
YBR101C	YKL020C	0.996900						1.000000	5.000000	0.090932
YER036C	YHR124W	0.996898						1.000000	5.000000	0.095747
YDL238C	YIR023W	0.996893						1.000000	5.000000	0.092413
YGR192C	YOL028C	0.996893						0.000000	5.000000	0.085199
YPR191W	YGL237C	0.996880						1.000000	5.000000	0.090190
YGR295C	YJL056C	0.996880						1.000000	5.000000	0.093233
YPL262W	YKL109W	0.996880						0.000000	5.000000	0.089399
YDL020C	YGL073W	0.996875						1.000000	5.000000	0.092531
YKL085W	YKL109W	0.996873						0.000000	5.000000	0.091332
YBL015W	YER184C	0.996870						0.000000	5.000000	0.092813
YHR183W	YNL216W	0.996855						1.000000	5.000000	0.088834
YBR283C	YHR124W	0.996854						1.000000	5.000000	0.092706
YPR074C	YBR049C	0.996852						1.000000	5.000000	0.089606
YCR031C	YNL216W	0.996850						1.000000	5.000000	0.091350
YMR193W	YKL109W	0.996848						1.000000	5.000000	0.091940
YHR142W	YNL216W	0.996842						1.000000	5.000000	0.092009
YHR183W	YFL021W	0.996839						1.000000	5.000000	0.091391
YFL016C	YGL073W	0.996835	1.000000	0.694444	0.070225	0.217943	0.127551	0.000000	5.000000	0.090164
YDL215C	YMR280C	0.996830						1.000000	5.000000	0.089217
YPL111W	YER040W	0.996825	1.000000	0.698630	0.071629	0.220805	0.129936	0.000000	5.000000	0.103459
YKL056C	YHR124W	0.996821						1.000000	5.000000	0.090696
YJR045C	YGL073W	0.996821						1.000000	5.000000	0.090036
YKL175W	YJL056C	0.996816						1.000000	5.000000	0.090871
YOL109W	YIL131C	0.996813						1.000000	5.000000	0.090036
YFL021W	YDR123C	0.996809						1.000000	5.000000	0.089980
YER070W	YKL185W	0.996806	0.000000	0.689189	0.071629	0.219246	0.129771	0.000000	5.000000	0.090337
YDL083C	YIR018W	0.996785						1.000000	5.000000	0.087148
YAL044C	YKR099W	0.996770						1.000000	5.000000	0.089464
YJR095W	YER184C	0.996768						0.000000	5.000000	0.092211
YKL007W	YDL056W	0.996768						1.000000	5.000000	0.093538
YNL055C	YBR083W	0.996756						1.000000	5.000000	0.088245
YBR158W	YPR065W	0.996754						1.000000	5.000000	0.086526
YEL026W	YBR049C	0.996753						1.000000	5.000000	0.089285
YDR377W	YKL109W	0.996748						1.000000	5.000000	0.087290
YPR020W	YGL237C	0.996746						1.000000	5.000000	0.088903
YGL037C	YGL073W	0.996745						1.000000	5.000000	0.087877
YDR493W	YPL248C	0.996744						1.000000	5.000000	0.089426
YER177W	YHR178W	0.996734						1.000000	5.000000	0.088380
YDR468C	YBL005W	0.996729						1.000000	5.000000	0.087436
YKL150W	YKL109W	0.996728						0.000000	5.000000	0.089838
YJL164C	YMR037C	0.996723						1.000000	5.000000	0.086955
YER035W	YGL073W	0.996713						1.000000	5.000000	0.086342
YDR382W	YLR403W	0.996710	0.000000	0.680000	0.071629	0.217718	0.129606	0.000000	5.000000	0.088891
YMR251W-A	YHR206W	0.996706						1.000000	5.000000	0.086727
YGL031C	YNL216W	0.996691	0.000000	0.671053	0.071629	0.216220	0.129442	0.000000	5.000000	0.081794
YBL099W	YGL237C	0.996689						1.000000	5.000000	0.086699
YHR029C	YER040W	0.996681						1.000000	5.000000	0.090211
YDR155C	YHR206W	0.996681						1.000000	5.000000	0.086447
YDL215C	YIR023W	0.996680						1.000000	5.000000	0.084885
YNL180C	YDR423C	0.996669						1.000000	5.000000	0.086419
YML004C	YAL051W	0.996656						1.000000	5.000000	0.086661
YOR234C	YLR403W	0.996655						1.000000	5.000000	0.102525
YHR174W	YNL199C	0.996644	1.000000	0.675325	0.073034	0.219056	0.131812	0.000000	5.000000	0.086758
YLR038C	YKL109W	0.996636	1.000000	0.679487	0.074438	0.221865	0.134177	0.000000	5.000000	0.086224
YBR283C	YDL020C	0.996633						1.000000	5.000000	0.087100
YFR041C	YHL027W	0.996618						1.000000	5.000000	0.084208
YBR106W	YNL216W	0.996611						1.000000	5.000000	0.093994
YDL082W	YNL068C	0.996596						1.000000	5.000000	0.085009
YBR039W	YKL109W	0.996595						1.000000	5.000000	0.085144
YML024W	YNL216W	0.996588						1.000000	5.000000	0.085488
YHR026W	YBR049C	0.996578						1.000000	5.000000	0.084333
YDR011W	YDR423C	0.996566						1.000000	5.000000	0.085133
YHR037W	YKL015W	0.996554						1.000000	5.000000	0.084559
YCL043C	YNL216W	0.996553						1.000000	5.000000	0.089289
YKL035W	YNL167C	0.996552						1.000000	5.000000	0.084310
YPL019C	YGL071W	0.996549						1.000000	5.000000	0.082973
YKR042W	YPL133C	0.996549						1.000000	5.000000	0.084625
YNL255C	YKL112W	0.996541						1.000000	5.000000	0.091748
YNL312W	YOL108C	0.996540						1.000000	5.000000	0.083785
YJR145C	YNL216W	0.996534	0.000000	0.670886	0.074438	0.220397	0.134008	0.000000	5.000000	0.082270
YOR117W	YDL020C	0.996531						1.000000	5.000000	0.081521
YMR303C	YLR403W	0.996523						1.000000	5.000000	0.084457
YKL008C	YPR065W	0.996520						1.000000	5.000000	0.084625
YLR142W	YER040W	0.996513						1.000000	5.000000	0.084485
YDL198C	YER040W	0.996507	0.000000	0.662500	0.074438	0.218955	0.133838	0.000000	5.000000	0.082135
YER012W	YDL020C	0.996499						1.000000	5.000000	0.085960
YBL006C	YBL005W	0.996496						1.000000	5.000000	0.084539
YPL127C	YER111C	0.996494						1.000000	5.000000	0.081475
YCR010C	YMR280C	0.996490						1.000000	5.000000	0.080834
YNL055C	YHR178W	0.996482						1.000000	5.000000	0.082596
YOL086C	YOR162C	0.996480						0.000000	5.000000	0.082517
YER091C	YKR099W	0.996478						1.000000	5.000000	0.083177
YPL004C	YDR216W	0.996470						1.000000	5.000000	0.083054
YGR234W	YOL028C	0.996460						1.000000	5.000000	0.150383
YOL086C	YOR344C	0.996459	0.000000	0.654321	0.074438	0.217540	0.133670	0.000000	5.000000	0.082671
YPL019C	YFR034C	0.996455						1.000000	5.000000	0.083603
YLL039C	YDL020C	0.996445	0.000000	0.646341	0.074438	0.216151	0.133501	0.000000	5.000000	0.082231
YNL067W	YPL089C	0.996441						1.000000	5.000000	0.083493
YOR285W	YMR037C	0.996439						1.000000	5.000000	0.092892
YKL196C	YDL020C	0.996436						1.000000	5.000000	0.093066
YOR298C-A	YNL216W	0.996433						1.000000	5.000000	0.087839
YIL051C	YNL216W	0.996433						1.000000	5.000000	0.082009
YKL060C	YNL216W	0.996429						1.000000	5.000000	0.079892
YDR035W	YEL009C	0.996427						1.000000	5.000000	0.084159
YDL081C	YNL216W	0.996423						1.000000	5.000000	0.080014
YMR297W	YDR207C	0.996414						1.000000	5.000000	0.080378
YJR073C	YDR123C	0.996412						1.000000	5.000000	0.080222
YGR159C	YHR006W	0.996410	0.000000	0.638554	0.074438	0.214787	0.133333	0.000000	-5.000000	0.080988
YAR071W	YDR043C	0.996409						1.000000	5.000000	0.077577
YBL045C	YKL109W	0.996409	0.000000	0.630952	0.074438	0.213446	0.133166	0.000000	5.000000	0.078574
YHL016C	YER040W	0.996406						1.000000	5.000000	0.080373
YKL096W	YMR037C	0.996404						1.000000	5.000000	0.079928
YGL103W	YNL216W	0.996386	0.000000	0.623529	0.074438	0.212129	0.132999	0.000000	5.000000	0.068380
YEL009C	YMR037C	0.996380						1.000000	5.000000	0.078894
YNL142W	YDR259C	0.996375						0.000000	5.000000	0.080378
YLR216C	YGL073W	0.996374	1.000000	0.627907	0.075843	0.214910	0.135338	0.000000	5.000000	0.081332
YJR148W	YDL020C	0.996371						0.000000	5.000000	0.079311
YLR154W-C	YKL109W	0.996367						0.000000	5.000000	0.077792
YPL106C	YGL073W	0.996360	1.000000	0.632184	0.077247	0.217665	0.137672	0.000000	5.000000	0.077993
YGR234W	YBL021C	0.996357						0.000000	-5.000000	0.118783
YHR021C	YNL216W	0.996355						1.000000	5.000000	0.080612
YBR072W	YOR028C	0.996337						0.000000	5.000000	0.085028
YKR013W	YKL185W	0.996334						0.000000	5.000000	0.080078
YER091C	YOL108C	0.996323						1.000000	5.000000	0.065930
YDR158W	YEL009C	0.996323						1.000000	5.000000	0.078104
YHR005C-A	YOR344C	0.996319						1.000000	5.000000	0.077927
YMR083W	YNL027W	0.996317						1.000000	5.000000	0.077722
YDR226W	YOR162C	0.996315						1.000000	5.000000	0.077352
YOL083W	YBL005W	0.996312						1.000000	5.000000	0.079026
YCR097W	YPL248C	0.996311						1.000000	5.000000	0.078360
YBR011C	YKL112W	0.996305						1.000000	5.000000	0.076662
YLR044C	YNL199C	0.996297	1.000000	0.636364	0.078652	0.220396	0.140000	0.000000	5.000000	0.075723
YER056C	YCR084C	0.996295						1.000000	5.000000	0.077973
YKL006W	YLR403W	0.996295	1.000000	0.640449	0.080056	0.223104	0.142322	0.000000	5.000000	0.079603
YDR047W	YDR463W	0.996287						1.000000	5.000000	0.077986
YML123C	YFR034C	0.996283						1.000000	5.000000	0.077770
YIL136W	YDR216W	0.996280						1.000000	5.000000	0.076651
YOR280C	YLR176C	0.996275						1.000000	5.000000	0.076280
YMR264W	YNL314W	0.996275						1.000000	5.000000	0.078519
YGR086C	YHR206W	0.996272						1.000000	5.000000	0.081412
YAL003W	YNL216W	0.996269						1.000000	5.000000	0.070678
YAL054C	YDR216W	0.996257						1.000000	5.000000	0.077492
YFL030W	YER184C	0.996256						0.000000	5.000000	0.074887
YHR174W	YDR216W	0.996253	0.000000	0.633333	0.080056	0.221805	0.142145	0.000000	-5.000000	0.098585
YMR194W	YLR403W	0.996247						1.000000	5.000000	0.077831
YMR175W	YHR084W	0.996246						1.000000	5.000000	0.076923
YPL143W	YNL216W	0.996224	0.000000	0.626374	0.080056	0.220527	0.141968	0.000000	5.000000	0.072981
YHR193C	YGL013C	0.996220						1.000000	5.000000	0.071218
YPL218W	YIL131C	0.996211						1.000000	5.000000	0.077498
YNL156C	YDL020C	0.996203						1.000000	5.000000	0.083633
YDR510W	YBL103C	0.996203						1.000000	5.000000	0.075323
YHR199C	YKL015W	0.996199						1.000000	5.000000	0.077476
YLR350W	YDR463W	0.996198						1.000000	5.000000	0.075670
YBR052C	YDL020C	0.996197						0.000000	5.000000	0.076200
YJL012C	YFR034C	0.996191						1.000000	5.000000	0.076245
YKL081W	YBR049C	0.996189						1.000000	5.000000	0.069686
YCR021C	YGL073W	0.996187	1.000000	0.630435	0.081461	0.223210	0.144279	0.000000	5.000000	0.074887
YKL096W-A	YML027W	0.996181	0.000000	0.623656	0.081461	0.221952	0.144099	0.000000	5.000000	0.075901
YJL191W	YLR403W	0.996166						1.000000	5.000000	0.074448
YML128C	YAL051W	0.996165						1.000000	5.000000	0.076127
YDR372C	YIL036W	0.996159						1.000000	5.000000	0.073994
YOL102C	YDR310C	0.996157						1.000000	5.000000	0.076357
YKR034W	YDR310C	0.996138						1.000000	5.000000	0.076187
YGL011C	YDL020C	0.996138						1.000000	5.000000	0.079233
YDL048C	YML007W	0.996135						1.000000	5.000000	0.074347
YOR202W	YER040W	0.996131						1.000000	5.000000	0.073424
YKL096W-A	YKL043W	0.996129						0.000000	5.000000	0.074756
YKR009C	YER184C	0.996128						1.000000	5.000000	0.074712
YPR167C	YNL103W	0.996126						1.000000	5.000000	0.076286
YLR421C	YDL020C	0.996124						1.000000	5.000000	0.071448
YDR232W	YGL237C	0.996114						1.000000	5.000000	0.075688
YER091C	YPL038W	0.996111						1.000000	5.000000	0.077343
YFL014W	YML007W	0.996111						1.000000	5.000000	0.069952
YGL012W	YPR065W	0.996111						1.000000	5.000000	0.073093
YKL096W-A	YFL021W	0.996106						0.000000	5.000000	0.074892
YDL137W	YOL108C	0.996101						1.000000	5.000000	0.074491
YMR120C	YKR099W	0.996097						1.000000	5.000000	0.073699
YGR192C	YOR162C	0.996093						0.000000	5.000000	0.068638
YLR130C	YJL056C	0.996092						1.000000	5.000000	0.072519
YBR072W	YKL062W	0.996091						1.000000	5.000000	0.073113
YGR260W	YNL216W	0.996079						1.000000	5.000000	0.073251
YOL058W	YEL009C	0.996076						1.000000	5.000000	0.075215
YLR249W	YNL216W	0.996075						1.000000	5.000000	0.071382
YKL203C	YOL067C	0.996071						1.000000	5.000000	0.073634
YIR029W	YFL021W	0.996070						1.000000	5.000000	0.074517
YDR077W	YBL103C	0.996069						1.000000	5.000000	0.075295
YOL086C	YNL199C	0.996059	1.000000	0.627660	0.082865	0.224611	0.146402	0.000000	5.000000	0.072957
YBR208C	YER040W	0.996058						1.000000	5.000000	0.073088
YBR207W	YPL202C	0.996056						1.000000	5.000000	0.073703
YDR345C	YHR124W	0.996051						1.000000	5.000000	0.074651
YKL007W	YNL167C	0.996046						1.000000	5.000000	0.074572
YPL090C	YLR403W	0.996046						1.000000	5.000000	0.077374
YBL015W	YKL109W	0.996041	0.000000	0.621053	0.082865	0.223371	0.146221	0.000000	5.000000	0.072765
YDL055C	YHR206W	0.996040						1.000000	5.000000	0.072901
YDL191W	YLR403W	0.996033						1.000000	5.000000	0.062910
YMR297W	YOR028C	0.996028						1.000000	5.000000	0.073990
YNL074C	YPL248C	0.996017						1.000000	5.000000	0.072981
YOR230W	YKL109W	0.996016	0.000000	0.614583	0.082865	0.222151	0.146040	0.000000	5.000000	0.070290
YLR437C	YDR207C	0.996010						1.000000	5.000000	0.068858
YCL009C	YEL009C	0.996003						1.000000	5.000000	0.076442
YNL098C	YMR037C	0.995988						1.000000	5.000000	0.080795
YML070W	YNL167C	0.995977						1.000000	5.000000	0.070887
YDR244W	YML099C	0.995974						1.000000	5.000000	0.072357
YDL210W	YIR023W	0.995966						1.000000	5.000000	0.069111
YKL065C	YDL020C	0.995961						0.000000	5.000000	0.074021
YPR108W	YDL020C	0.995959						1.000000	5.000000	0.066971
YLR154W-C	YOR162C	0.995950						1.000000	5.000000	0.070734
YGL037C	YMR016C	0.995941						1.000000	5.000000	0.071045
YER133W	YDL020C	0.995937						1.000000	5.000000	0.074351
YNL180C	YGR249W	0.995912						1.000000	5.000000	0.070095
YDL130W	YNL216W	0.995909	1.000000	0.618557	0.084270	0.224786	0.148331	0.000000	5.000000	0.067707
YDR055W	YDR146C	0.995904	1.000000	0.622449	0.085674	0.227400	0.150617	0.000000	5.000000	0.071658
YDL185W	YCR084C	0.995904						1.000000	5.000000	0.071870
YDL084W	YGL237C	0.995897						1.000000	5.000000	0.070661
YCR004C	YDL020C	0.995895						1.000000	5.000000	0.076964
YPL214C	YGL035C	0.995887						1.000000	5.000000	0.069862
YHR183W	YHR178W	0.995883						1.000000	5.000000	0.069666
YDR077W	YMR070W	0.995883						1.000000	5.000000	0.068599
YDR441C	YGL035C	0.995881						1.000000	5.000000	0.068191
YDR041W	YDR043C	0.995878						1.000000	5.000000	0.068780
YLR304C	YKL109W	0.995870						0.000000	5.000000	0.070208
YGL077C	YOL108C	0.995863						1.000000	5.000000	0.067716
YOR276W	YBR049C	0.995853						1.000000	5.000000	0.066400
YKL217W	YKL109W	0.995849	0.000000	0.616162	0.085674	0.226196	0.150432	0.000000	5.000000	0.068786
YBR158W	YHR124W	0.995842						1.000000	5.000000	0.066985
YOR369C	YHR178W	0.995842						1.000000	5.000000	0.069053
YLR174W	YKL109W	0.995828						0.000000	5.000000	0.068760
YLR413W	YHL027W	0.995824						1.000000	5.000000	0.068653
YKL152C	YOR344C	0.995816	0.000000	0.610000	0.085674	0.225009	0.150246	0.000000	5.000000	0.069989
YBR031W	YNL216W	0.995813	1.000000	0.613861	0.087079	0.227600	0.152522	0.000000	5.000000	0.063336
YHR007C	YOR363C	0.995813						1.000000	5.000000	0.068741
YML054C	YKL109W	0.995802						0.000000	5.000000	0.067435
YLR244C	YHR124W	0.995799						1.000000	5.000000	0.074267
YHR096C	YDR216W	0.995797	0.000000	0.607843	0.087079	0.226429	0.152334	0.000000	5.000000	0.066217
YKR097W	YKL109W	0.995794						0.000000	5.000000	0.068954
YAL054C	YNL216W	0.995792						1.000000	5.000000	0.069111
YDL147W	YDL020C	0.995770						1.000000	5.000000	0.066968
YPR052C	YGL071W	0.995760						1.000000	5.000000	0.068854
YHR028C	YDL020C	0.995745						1.000000	5.000000	0.068777
YKL009W	YNL068C	0.995735						1.000000	5.000000	0.068770
YAR018C	YDR451C	0.995734						1.000000	5.000000	0.064353
YOR375C	YHL027W	0.995716	0.000000	0.601942	0.087079	0.225275	0.152147	0.000000	-5.000000	0.068560
YKL035W	YMR037C	0.995716						1.000000	5.000000	0.057954
YOL052C-A	YNL216W	0.995711						1.000000	5.000000	0.064312
YFL014W	YGL073W	0.995709						1.000000	5.000000	0.069341
YBL092W	YNL216W	0.995706						1.000000	5.000000	0.067153
YDL022W	YMR037C	0.995700						1.000000	5.000000	0.066390
YPR154W	YGL073W	0.995700						1.000000	5.000000	0.068494
YKL006W	YNL216W	0.995693	0.000000	0.596154	0.087079	0.224138	0.151961	0.000000	5.000000	0.073792
YGR148C	YNL216W	0.995688						1.000000	5.000000	0.067914
YPL211W	YOR344C	0.995688						1.000000	5.000000	0.067315
YOR021C	YGL071W	0.995682						1.000000	5.000000	0.067598
YDR508C	YDR463W	0.995682						1.000000	5.000000	0.064671
YGR086C	YMR037C	0.995674						1.000000	5.000000	0.094276
YOL129W	YDL020C	0.995673						0.000000	5.000000	0.068488
YER055C	YFR034C	0.995670						1.000000	5.000000	0.066698
YHR007C	YKL043W	0.995668						1.000000	5.000000	0.067133
YNL259C	YKL015W	0.995663						1.000000	5.000000	0.066316
YJR048W	YOR358W	0.995658						1.000000	5.000000	0.066173
YKR039W	YDR463W	0.995648						0.000000	-5.000000	0.084709
YHR163W	YHR178W	0.995643						1.000000	5.000000	0.069906
YLR355C	YHR124W	0.995631						1.000000	5.000000	0.064711
YPL135W	YPL202C	0.995629						1.000000	5.000000	0.065221
YDL171C	YGL237C	0.995628						1.000000	5.000000	0.064924
YDR155C	YNL216W	0.995627						1.000000	5.000000	0.065885
YPL061W	YHR178W	0.995624						1.000000	5.000000	0.064272
YMR072W	YOL089C	0.995614						0.000000	-5.000000	0.084634
YOR063W	YHR206W	0.995611						1.000000	5.000000	0.069058
YNL030W	YDL056W	0.995609						0.000000	5.000000	0.066986
YLR420W	YOR028C	0.995603						1.000000	5.000000	0.064081
YLR229C	YKL112W	0.995603						1.000000	5.000000	0.066704
YDR233C	YKL112W	0.995596						1.000000	5.000000	0.064966
YNL064C	YGL073W	0.995587						1.000000	5.000000	0.063728
YNL302C	YNL216W	0.995581	0.000000	0.590476	0.087079	0.223016	0.151775	0.000000	5.000000	0.086601
YJL158C	YBR049C	0.995572						1.000000	5.000000	0.063920
YNL006W	YGL073W	0.995568						1.000000	5.000000	0.065848
YHR007C	YOR162C	0.995565						1.000000	5.000000	0.068885
YGL048C	YDL020C	0.995558						1.000000	5.000000	0.070894
YOL155C	YKL032C	0.995553						1.000000	5.000000	0.062892
YHR007C	YLR256W	0.995552						1.000000	5.000000	0.063996
YDR368W	YNL167C	0.995547						1.000000	5.000000	0.063557
YIL020C	YDR043C	0.995538						1.000000	5.000000	0.064988
YJL052W	YKL109W	0.995534						0.000000	5.000000	0.067239
YLR390W-A	YMR037C	0.995533						0.000000	5.000000	0.063721
YGR282C	YKL112W	0.995519						1.000000	5.000000	0.061659
YDL067C	YKL109W	0.995517						0.000000	5.000000	0.062612
YGR124W	YHR124W	0.995514						1.000000	5.000000	0.062883
YBR010W	YDL056W	0.995507	0.000000	0.584906	0.087079	0.221910	0.151589	0.000000	5.000000	0.063204
YFL021W	YKL032C	0.995500						1.000000	5.000000	0.063313
YMR258C	YBL005W	0.995499						1.000000	5.000000	0.062149
YGR253C	YFR034C	0.995481						1.000000	5.000000	0.063156
YJR101W	YLR228C	0.995476						1.000000	5.000000	0.065382
YKL182W	YFR034C	0.995474						1.000000	5.000000	0.062410
YJR105W	YHR206W	0.995473						1.000000	5.000000	0.063177
YPR108W	YPR065W	0.995471						1.000000	5.000000	0.059674
YOR375C	YDR259C	0.995466						0.000000	5.000000	0.064433
YGR092W	YDR451C	0.995463						1.000000	5.000000	0.062017
YHR142W	YDL056W	0.995439						1.000000	5.000000	0.062664
YDL184C	YLR403W	0.995436						1.000000	5.000000	0.063744
YOL005C	YGL071W	0.995428						1.000000	5.000000	0.064461
YAR015W	YKR099W	0.995427						1.000000	5.000000	0.062655
YAL022C	YLR403W	0.995420						1.000000	5.000000	0.062209
YNR018W	YAL051W	0.995419						1.000000	5.000000	0.062683
YEL027W	YMR037C	0.995415						0.000000	5.000000	0.064590
YNR053C	YLR176C	0.995411						1.000000	5.000000	0.061450
YLR150W	YIL131C	0.995405						1.000000	5.000000	0.063547
YLR355C	YPR104C	0.995404						1.000000	5.000000	0.062629
YPL134C	YKL109W	0.995398						0.000000	5.000000	0.061950
YMR220W	YDR423C	0.995393						1.000000	5.000000	0.061413
YJL196C	YDL056W	0.995392						1.000000	5.000000	0.075805
YDR536W	YMR172W	0.995379						1.000000	5.000000	0.062916
YJR077C	YKL109W	0.995369						0.000000	5.000000	0.061978
YJR044C	YEL009C	0.995367						1.000000	5.000000	0.074623
YDL078C	YOR363C	0.995359						1.000000	5.000000	0.061320
YHR174W	YOL028C	0.995354						0.000000	5.000000	0.058397
YOR246C	YDL056W	0.995352						1.000000	5.000000	0.062411
YOL109W	YHR206W	0.995349						1.000000	5.000000	0.061001
YCL040W	YPL075W	0.995345						1.000000	5.000000	0.060683
YNL002C	YFL021W	0.995343						1.000000	5.000000	0.060069
YOR007C	YJR060W	0.995328	0.000000	0.579439	0.087079	0.220820	0.151404	0.000000	5.000000	0.060993
YDR372C	YDL020C	0.995319						1.000000	5.000000	0.061454
YMR116C	YPR104C	0.995318						1.000000	5.000000	0.061233
YOR148C	YBL005W	0.995312						1.000000	5.000000	0.060871
YGR282C	YMR037C	0.995310						0.000000	5.000000	0.060126
YML100W	YNL027W	0.995298						1.000000	5.000000	0.061365
YDR070C	YOR028C	0.995295						0.000000	5.000000	0.063017
YIL136W	YKL109W	0.995293						0.000000	5.000000	0.060637
YDR372C	YHR124W	0.995288						1.000000	5.000000	0.059611
YBL078C	YDR207C	0.995286						1.000000	5.000000	0.060008
YGR254W	YOL108C	0.995284	0.000000	0.574074	0.087079	0.219744	0.151220	0.000000	5.000000	0.063921
YHR087W	YIL101C	0.995284						1.000000	5.000000	0.059837
YLR300W	YDL056W	0.995262						1.000000	5.000000	0.065173
YNL231C	YPL133C	0.995260						1.000000	5.000000	0.060756
YMR256C	YGL237C	0.995259						1.000000	5.000000	0.060269
YML056C	YOR363C	0.995258						1.000000	5.000000	0.059254
YPL242C	YDR451C	0.995252						1.000000	5.000000	0.060540
YLR192C	YJR060W	0.995246						0.000000	5.000000	0.066018
YPR149W	YHR206W	0.995244						1.000000	5.000000	0.057788
YMR318C	YHR178W	0.995242						1.000000	5.000000	0.058780
YGL187C	YKL109W	0.995241						1.000000	5.000000	0.059913
YNL036W	YOL108C	0.995238						1.000000	5.000000	0.060416
YPR132W	YNL216W	0.995236						0.000000	5.000000	0.059812
YNL036W	YKL109W	0.995232						0.000000	5.000000	0.059604
YPR074C	YHR178W	0.995229						1.000000	5.000000	0.057835
YBR208C	YMR037C	0.995228						1.000000	5.000000	0.056275
YKL117W	YNL068C	0.995226						1.000000	5.000000	0.060465
YLR340W	YOR162C	0.995218						1.000000	5.000000	0.058739
YGR243W	YGL071W	0.995209						1.000000	5.000000	0.060751
YNL070W	YOR344C	0.995209						1.000000	5.000000	0.059222
YDL213C	YBR049C	0.995207						1.000000	5.000000	0.058442
YKR039W	YDL170W	0.995205						0.000000	-5.000000	0.062740
YBR126C	YAL051W	0.995191						1.000000	5.000000	0.065206
YDL130W-A	YKL062W	0.995164						1.000000	5.000000	0.057264
YHR137W	YDR207C	0.995163						1.000000	5.000000	0.069314
YHR179W	YMR042W	0.995163						0.000000	-5.000000	0.056689
YGR244C	YKL109W	0.995158						0.000000	5.000000	0.057921
YHR208W	YKL043W	0.995153						1.000000	5.000000	0.058398
YDL174C	YMR280C	0.995145						1.000000	5.000000	0.062897
YNL037C	YKL109W	0.995141	0.000000	0.568807	0.087079	0.218683	0.151035	0.000000	5.000000	0.058802
YOL101C	YKL020C	0.995134						1.000000	5.000000	0.058830
YKL145W	YDL020C	0.995129						1.000000	5.000000	0.062238
YER001W	YJR060W	0.995124						1.000000	5.000000	0.058467
YFL028C	YEL009C	0.995119						1.000000	5.000000	0.058299
YML028W	YJR147W	0.995118						0.000000	5.000000	0.054430
YFR010W	YDL020C	0.995110						1.000000	5.000000	0.054358
YNL189W	YHR124W	0.995108						1.000000	5.000000	0.054637
YER065C	YMR280C	0.995104						1.000000	5.000000	0.059417
YKL096W	YKL032C	0.995102						1.000000	5.000000	0.058116
YOR285W	YOR028C	0.995083						1.000000	5.000000	0.057266
YHR008C	YKL109W	0.995076	0.000000	0.563636	0.087079	0.217636	0.150852	0.000000	5.000000	0.062294
YDR158W	YBR049C	0.995076						1.000000	5.000000	0.056267
YHR028C	YHL027W	0.995068						1.000000	5.000000	0.057139
YGR118W	YNL216W	0.995065						1.000000	5.000000	0.057971
YGR243W	YNL027W	0.995061						1.000000	5.000000	0.055978
YLR219W	YOR358W	0.995053						1.000000	5.000000	0.057892
YEL026W	YHR006W	0.995048						0.000000	-5.000000	0.056548
YDR129C	YOL108C	0.995048						1.000000	5.000000	0.057756
YPL111W	YJR147W	0.995045						0.000000	5.000000	0.057767
YIL051C	YJR147W	0.995045						0.000000	5.000000	0.056525
YMR175W	YML007W	0.995042						1.000000	5.000000	0.056908
YCL035C	YKL109W	0.995028						0.000000	5.000000	0.058195
YBR088C	YKL185W	0.995028						0.000000	5.000000	0.057566
YNL116W	YJL089W	0.995010						1.000000	5.000000	0.057105
YLR180W	YNL103W	0.995009						1.000000	5.000000	0.057981
YHR136C	YFL021W	0.995001						1.000000	5.000000	0.056802
YNR018W	YLR256W	0.994992						1.000000	5.000000	0.056002
YOL052C-A	YNL027W	0.994985						1.000000	5.000000	0.057827
YPR036W-A	YOL067C	0.994984						0.000000	5.000000	0.054686
YOR206W	YMR042W	0.994981						1.000000	5.000000	0.055291
YLR387C	YNL167C	0.994981						1.000000	5.000000	0.056523
YBR110W	YDL020C	0.994980						1.000000	5.000000	0.055407
YJL079C	YKL109W	0.994978	0.000000	0.558559	0.087079	0.216604	0.150668	0.000000	5.000000	0.055105
YDR385W	YPR104C	0.994961						1.000000	5.000000	0.055076
YIL075C	YDL020C	0.994959						1.000000	5.000000	0.054312
YMR040W	YLR176C	0.994956						1.000000	5.000000	0.056703
YFR015C	YDR043C	0.994954						1.000000	5.000000	0.056669
YOR157C	YDL020C	0.994949						1.000000	5.000000	0.054959
YCR088W	YOR344C	0.994947						1.000000	5.000000	0.055896
YNL079C	YJR060W	0.994944						1.000000	5.000000	0.056204
YER036C	YGL073W	0.994937						1.000000	5.000000	0.057346
YJR065C	YBR049C	0.994937						1.000000	5.000000	0.057243
YIL136W	YER184C	0.994937						0.000000	5.000000	0.056106
YHL034C	YPL075W	0.994935						1.000000	5.000000	0.051864
YNL055C	YDL020C	0.994931						0.000000	5.000000	0.057073
YNL125C	YDR421W	0.994929						1.000000	5.000000	0.055567
YJR042W	YMR164C	0.994927						1.000000	5.000000	0.055204
YMR107W	YMR172W	0.994920						0.000000	5.000000	0.055707
YOR065W	YKL109W	0.994913						1.000000	5.000000	0.056067
YJR148W	YER040W	0.994904						1.000000	5.000000	0.057149
YDL182W	YPR104C	0.994893						1.000000	5.000000	0.055927
YBR169C	YGL073W	0.994892	1.000000	0.562500	0.088483	0.219156	0.152913	0.000000	5.000000	0.058198
YDL051W	YOR344C	0.994883						1.000000	5.000000	0.058936
YNL149C	YDR207C	0.994880						1.000000	5.000000	0.055611
YAL012W	YFL021W	0.994879						1.000000	5.000000	0.054954
YNL067W	YLR403W	0.994873						1.000000	5.000000	0.055801
YHL021C	YGL013C	0.994866						1.000000	5.000000	0.055153
YPL019C	YIL131C	0.994860						1.000000	5.000000	0.058787
YLR359W	YKR099W	0.994859						1.000000	5.000000	0.054679
YBR078W	YBR083W	0.994843						1.000000	5.000000	0.055329
YNL030W	YMR037C	0.994840						1.000000	5.000000	0.053524
YHR042W	YOR344C	0.994836						1.000000	5.000000	0.055347
YCR010C	YDR216W	0.994832						1.000000	5.000000	0.050370
YDR493W	YEL009C	0.994829						1.000000	5.000000	0.053721
YMR116C	YLR403W	0.994825						0.000000	5.000000	0.050979
YGR008C	YGL013C	0.994824						1.000000	5.000000	0.055022
YGR183C	YMR037C	0.994820						1.000000	5.000000	0.052265
YEL026W	YDL106C	0.994818						0.000000	5.000000	0.053319
YGL173C	YDL020C	0.994813						1.000000	5.000000	0.069668
YAL054C	YDR207C	0.994807						1.000000	5.000000	0.055734
YDL092W	YJR060W	0.994801						1.000000	5.000000	0.054814
YJR148W	YDR463W	0.994790						0.000000	-5.000000	0.051997
YHR001W-A	YGL237C	0.994784						1.000000	5.000000	0.054893
YBR067C	YML027W	0.994782	0.000000	0.557522	0.088483	0.218134	0.152727	0.000000	-5.000000	0.054655
YCL057W	YDR207C	0.994782						1.000000	5.000000	0.057927
YNL142W	YMR037C	0.994768						1.000000	5.000000	0.053652
YML128C	YML007W	0.994755						1.000000	5.000000	0.053765
YHR049W	YIL036W	0.994747						1.000000	5.000000	0.053056
YEL033W	YNL314W	0.994746						0.000000	5.000000	0.050030
YLR350W	YNL027W	0.994740						1.000000	5.000000	0.054251
YHR179W	YER184C	0.994739						0.000000	-5.000000	0.053402
YDL075W	YHR006W	0.994737	0.000000	0.552632	0.088483	0.217126	0.152542	0.000000	-5.000000	0.055395
YNL016W	YIR017C	0.994717						1.000000	5.000000	0.053808
YGR008C	YML007W	0.994716						0.000000	5.000000	0.052018
YFL014W	YDR216W	0.994707						1.000000	5.000000	0.054038
YDL204W	YOR028C	0.994697						1.000000	5.000000	0.052828
YJR121W	YGL237C	0.994691						1.000000	5.000000	0.051042
YOL086C	YOL028C	0.994676						0.000000	5.000000	0.053632
YMR300C	YDL106C	0.994668						1.000000	5.000000	0.050669
YDR067C	YIL036W	0.994667						1.000000	5.000000	0.052886
YOR187W	YKL109W	0.994665						0.000000	5.000000	0.052608
YDR155C	YKL062W	0.994663						1.000000	5.000000	0.053198
YOL012C	YMR043W	0.994657						1.000000	5.000000	0.052387
YMR251W-A	YKL032C	0.994650						1.000000	5.000000	0.052394
YLR168C	YGL073W	0.994640						0.000000	5.000000	0.051369
YMR195W	YDR207C	0.994639						1.000000	5.000000	0.052845
YFR049W	YKL109W	0.994638						0.000000	5.000000	0.052571
YOR254C	YHR124W	0.994636						1.000000	5.000000	0.052199
YJL167W	YJR060W	0.994633						1.000000	5.000000	0.050448
YNL241C	YOR028C	0.994629						1.000000	5.000000	0.052094
YNR043W	YIL101C	0.994623						1.000000	5.000000	0.054256
YDL110C	YIL101C	0.994620						1.000000	5.000000	0.052802
YPR043W	YNL216W	0.994599						1.000000	5.000000	0.052992
YCR005C	YDL020C	0.994597						1.000000	5.000000	0.052996
YKL081W	YNL216W	0.994597						1.000000	5.000000	0.042892
YKL004W	YKL112W	0.994595						1.000000	5.000000	0.052348
YGR183C	YKL109W	0.994593						1.000000	5.000000	0.051937
YHR190W	YLR256W	0.994589						1.000000	5.000000	0.050905
YNL015W	YKL109W	0.994588						0.000000	5.000000	0.052488
YOR246C	YIL036W	0.994588						1.000000	5.000000	0.051000
YLR142W	YFL021W	0.994579						1.000000	5.000000	0.051434
YHR174W	YER184C	0.994577						0.000000	-5.000000	0.052036
YDR070C	YJL056C	0.994570						0.000000	5.000000	0.049739
YOR264W	YDR146C	0.994568	1.000000	0.556522	0.089888	0.219655	0.154776	0.000000	5.000000	0.053529
YLR089C	YER040W	0.994567						0.000000	5.000000	0.051973
YKR046C	YOR028C	0.994562						1.000000	5.000000	0.051674
YOR184W	YEL009C	0.994552						1.000000	5.000000	0.069507
YCL040W	YMR037C	0.994548						1.000000	5.000000	0.053661
YDR063W	YOR028C	0.994540						1.000000	5.000000	0.051549
YPR028W	YMR037C	0.994534						0.000000	5.000000	0.048859
YDR035W	YDR207C	0.994532						1.000000	5.000000	0.051930
YJR044C	YGL013C	0.994530						1.000000	5.000000	0.052542
YNR043W	YLR256W	0.994527						1.000000	5.000000	0.051369
YLR377C	YKL109W	0.994526						0.000000	5.000000	0.079302
YBR035C	YEL009C	0.994518						1.000000	5.000000	0.050827
YER043C	YLR451W	0.994517						0.000000	5.000000	0.051340
YCL056C	YDL020C	0.994516						1.000000	5.000000	0.050823
YDL208W	YIL131C	0.994514						1.000000	5.000000	0.050740
YBR230C	YKL109W	0.994510						0.000000	5.000000	0.056639
YHR056C	YGL073W	0.994504						0.000000	5.000000	0.052396
YCL030C	YEL009C	0.994501	1.000000	0.560345	0.091292	0.222167	0.157005	0.000000	5.000000	0.076307
YGL207W	YJR060W	0.994497						1.000000	5.000000	0.051822
YDR019C	YKR099W	0.994497						1.000000	5.000000	0.052131
YAL005C	YMR037C	0.994491						1.000000	5.000000	0.051684
YEL032W	YDR451C	0.994489						1.000000	5.000000	0.050726
YER154W	YKL043W	0.994487						1.000000	5.000000	0.051321
YBR127C	YEL009C	0.994485						0.000000	5.000000	0.036583
YER056C	YKL032C	0.994479						1.000000	5.000000	0.050309
YBR072W	YAL051W	0.994477						1.000000	5.000000	0.050647
YBL002W	YML027W	0.994459						0.000000	5.000000	0.050573
YDL072C	YDL020C	0.994454						0.000000	5.000000	0.050288
YNL255C	YNL068C	0.994451						1.000000	5.000000	0.050564
YIL094C	YLR451W	0.994449						0.000000	5.000000	0.050248
YLL024C	YMR280C	0.994448	0.000000	0.555556	0.091292	0.221167	0.156815	0.000000	-5.000000	0.051294
YDR072C	YBL005W	0.994441						1.000000	5.000000	0.050622
YEL051W	YEL009C	0.994440						1.000000	5.000000	0.053464
YPR036W-A	YGL073W	0.994432						0.000000	5.000000	0.049803
YMR307W	YOR162C	0.994427						1.000000	5.000000	0.053985
YML051W	YPL248C	0.994424						1.000000	5.000000	0.050451
YDR343C	YDR043C	0.994421						1.000000	5.000000	0.050010
YML063W	YNL216W	0.994416	1.000000	0.559322	0.092697	0.223659	0.159036	0.000000	5.000000	0.051405
YGL191W	YGL237C	0.994412						1.000000	5.000000	0.049875
YPL059W	YIR018W	0.994411						1.000000	5.000000	0.050492
YHR001W-A	YIL101C	0.994408						1.000000	5.000000	0.050431
YKL032C	YPL133C	0.994403						1.000000	5.000000	0.055629
YJL183W	YKL112W	0.994395						1.000000	5.000000	0.050477
YDR487C	YEL009C	0.994385						1.000000	5.000000	0.051200
YNL031C	YMR037C	0.994379						1.000000	5.000000	0.051996
YJR123W	YNL216W	0.994371						1.000000	5.000000	0.049144
YJR109C	YER040W	0.994364	0.000000	0.554622	0.092697	0.222669	0.158845	0.000000	5.000000	0.047904
YFR051C	YBR049C	0.994348						1.000000	5.000000	0.045869
YLR355C	YKR099W	0.994343						1.000000	5.000000	0.049903
YFR053C	YNL027W	0.994337						1.000000	5.000000	0.051635
YLR438W	YMR037C	0.994336						1.000000	5.000000	0.048964
YER074W	YNL216W	0.994334						1.000000	5.000000	0.049064
YDL066W	YER040W	0.994329						1.000000	5.000000	0.047760
YGR189C	YKL185W	0.994328	0.000000	0.550000	0.092697	0.221691	0.158654	0.000000	5.000000	0.050563
YDR441C	YIL036W	0.994319						1.000000	5.000000	0.048046
YMR307W	YER111C	0.994318						0.000000	5.000000	0.049323
YBR072W	YML007W	0.994314						1.000000	5.000000	0.062962
YOR280C	YDL020C	0.994287						1.000000	5.000000	0.049453
YFL018C	YKL109W	0.994285	0.000000	0.545455	0.092697	0.220725	0.158463	0.000000	5.000000	0.051055
YPL235W	YJR060W	0.994276						1.000000	5.000000	0.048777
YBR072W	YGL073W	0.994270						1.000000	5.000000	0.062509
YOR039W	YJR060W	0.994269						1.000000	5.000000	0.048956
YDL055C	YER111C	0.994260						1.000000	5.000000	0.049417
YGR048W	YDL020C	0.994250						1.000000	5.000000	0.048939
YJL117W	YFR034C	0.994247						1.000000	5.000000	0.048611
YOL127W	YNL216W	0.994246						1.000000	5.000000	0.082186
YGL234W	YKR099W	0.994242						1.000000	5.000000	0.048303
YPR154W	YMR037C	0.994232						1.000000	5.000000	0.048974
YLR287C-A	YNL314W	0.994214	0.000000	0.540984	0.092697	0.219771	0.158273	0.000000	5.000000	0.048764
YPR107C	YLR228C	0.994209						1.000000	5.000000	0.048988
YLR089C	YJR147W	0.994205						0.000000	5.000000	0.048973
YFL041W	YPL202C	0.994203						1.000000	5.000000	0.048129
YDL022W	YEL009C	0.994190						1.000000	5.000000	0.048366
YOL049W	YIR017C	0.994188						1.000000	5.000000	0.048874
YLR303W	YMR037C	0.994165						1.000000	5.000000	0.044850
YMR062C	YEL009C	0.994163	1.000000	0.544715	0.094101	0.222236	0.160479	0.000000	5.000000	0.050320
YOR198C	YIR018W	0.994163						1.000000	5.000000	0.047142
YER003C	YMR037C	0.994160						1.000000	5.000000	0.046716
YHR094C	YGL073W	0.994160	0.000000	0.540323	0.094101	0.221291	0.160287	0.000000	5.000000	0.049936
YNR050C	YLR451W	0.994155						0.000000	5.000000	0.048093
YLR214W	YNL216W	0.994152						1.000000	5.000000	0.047288
YLR300W	YNL167C	0.994150						1.000000	5.000000	0.047254
YNL308C	YNL068C	0.994128						1.000000	5.000000	0.049244
YEL065W	YKL015W	0.994125						1.000000	5.000000	0.049065
YEL038W	YKL043W	0.994122						1.000000	5.000000	0.046847
YGR193C	YEL009C	0.994108						1.000000	5.000000	0.046887
YER001W	YER111C	0.994092						1.000000	5.000000	0.047271
YCL064C	YDL020C	0.994091	0.000000	0.536000	0.094101	0.220357	0.160096	0.000000	5.000000	0.046875
YLR110C	YHR084W	0.994080						1.000000	-5.000000	0.047965
YLR286C	YMR043W	0.994080	0.000000	0.531746	0.094101	0.219434	0.159905	0.000000	-5.000000	0.047181
YDL110C	YGL013C	0.994068						1.000000	5.000000	0.046124
YLR286C	YGR044C	0.994062						0.000000	5.000000	0.048742
YBL042C	YNL216W	0.994057						1.000000	5.000000	0.050965
YLR395C	YGL237C	0.994039						1.000000	5.000000	0.046969
YDR245W	YKL112W	0.994037						1.000000	5.000000	0.048025
YPL137C	YMR070W	0.994026						1.000000	5.000000	0.046435
YKL152C	YOL028C	0.994026						0.000000	5.000000	0.047072
YGL137W	YJR060W	0.994024						1.000000	5.000000	0.052183
YGL148W	YFR034C	0.994019						1.000000	5.000000	0.045815
YHR139C	YGR249W	0.994019						0.000000	5.000000	0.047874
YER026C	YOL108C	0.994015						1.000000	5.000000	0.046294
YHR122W	YEL009C	0.994012						1.000000	5.000000	0.046685
YOL082W	YKL020C	0.994006						1.000000	5.000000	0.048425
YOR020C	YOL089C	0.994001						0.000000	-5.000000	0.045961
YDL213C	YGL071W	0.993990						1.000000	5.000000	0.047721
YNR043W	YNL216W	0.993980						1.000000	5.000000	0.047161
YJR095W	YHR084W	0.993975						1.000000	5.000000	0.045663
YDR373W	YIL036W	0.993960						1.000000	5.000000	0.045962
YGR103W	YDR463W	0.993959						1.000000	5.000000	0.046627
YKL096W-A	YDL056W	0.993958	0.000000	0.527559	0.094101	0.218521	0.159714	0.000000	5.000000	0.045318
YPL239W	YGL073W	0.993954						1.000000	5.000000	0.044812
YGR236C	YGR249W	0.993953						0.000000	5.000000	0.047846
YDR339C	YNL068C	0.993952						1.000000	5.000000	0.046489
YDL170W	YIR023W	0.993944						1.000000	5.000000	0.046127
YDR483W	YFR034C	0.993938						1.000000	5.000000	0.046236
YIL018W	YKL112W	0.993931						1.000000	5.000000	0.045790
YDR525W-A	YKL043W	0.993930						1.000000	5.000000	0.046272
YLR437C	YDL056W	0.993928						1.000000	5.000000	0.044010
YLR058C	YHR206W	0.993926	0.000000	0.523438	0.094101	0.217619	0.159524	0.000000	5.000000	0.044531
YOR375C	YER040W	0.993918	0.000000	0.519380	0.094101	0.216728	0.159334	0.000000	5.000000	0.048725
YEL012W	YGL071W	0.993911						1.000000	5.000000	0.047264
YGL001C	YHL027W	0.993907						1.000000	5.000000	0.045140
YLL011W	YHR124W	0.993906						1.000000	5.000000	0.045555
YGR029W	YEL009C	0.993904						1.000000	5.000000	0.045447
YMR251W-A	YGL013C	0.993900						1.000000	5.000000	0.044332
YDL055C	YOR162C	0.993897						1.000000	5.000000	0.046097
YHR051W	YKL109W	0.993893	1.000000	0.523077	0.095506	0.219162	0.161520	0.000000	5.000000	0.046806
YOL143C	YHR178W	0.993893						1.000000	5.000000	0.044828
YML116W	YKL015W	0.993886						1.000000	5.000000	0.045672
YOR161C	YMR016C	0.993881						1.000000	5.000000	0.045466
YGL181W	YDL020C	0.993870						0.000000	5.000000	0.041464
YKL164C	YER111C	0.993848	0.000000	0.519084	0.095506	0.218278	0.161329	0.000000	-5.000000	0.045681
YCL011C	YOR162C	0.993841						1.000000	5.000000	0.045093
YLR185W	YNL216W	0.993830	0.000000	0.515152	0.095506	0.217404	0.161137	0.000000	5.000000	0.045116
YJL110C	YFL021W	0.993820						1.000000	5.000000	0.045451
YJL190C	YIR018W	0.993820						1.000000	5.000000	0.044839
YGR209C	YDR463W	0.993816						0.000000	-5.000000	0.044779
YDL076C	YOL108C	0.993812						1.000000	5.000000	0.045880
YML100W	YMR037C	0.993809						1.000000	5.000000	0.047089
YDL048C	YDR253C	0.993808						1.000000	5.000000	0.044607
YGR037C	YMR037C	0.993799						1.000000	5.000000	0.043985
YER055C	YEL009C	0.993793						1.000000	5.000000	0.045045
YPR176C	YKL112W	0.993790						1.000000	5.000000	0.044505
YNL052W	YGL237C	0.993790						1.000000	5.000000	0.044895
YIL118W	YNL167C	0.993785						1.000000	5.000000	0.044411
YBL001C	YGL013C	0.993782						1.000000	5.000000	0.043258
YLR109W	YJR147W	0.993781						0.000000	5.000000	0.049032
YMR186W	YBR049C	0.993781						0.000000	5.000000	0.050726
YER065C	YGL073W	0.993781						0.000000	5.000000	0.043787
YLR178C	YOR028C	0.993772	0.000000	0.511278	0.095506	0.216539	0.160947	0.000000	5.000000	0.045174
YJL192C	YNL216W	0.993769						1.000000	5.000000	0.041159
YDR122W	YKL020C	0.993754						1.000000	5.000000	0.042903
YOL092W	YHR124W	0.993753						1.000000	5.000000	0.043401
YLR113W	YFL021W	0.993753						1.000000	5.000000	0.042614
YPL230W	YDR043C	0.993753						1.000000	5.000000	0.045345
YIR026C	YNL314W	0.993751						1.000000	5.000000	0.044288
YHR049W	YNL167C	0.993749						1.000000	5.000000	0.044736
YDL092W	YOR363C	0.993747						1.000000	5.000000	0.044603
YGL104C	YKL015W	0.993740						1.000000	5.000000	0.044026
YOR130C	YEL009C	0.993728						1.000000	5.000000	0.046247
YER044C	YDL020C	0.993723						1.000000	5.000000	0.045632
YLR163C	YGR249W	0.993719						1.000000	5.000000	0.043723
YER090W	YEL009C	0.993713						1.000000	5.000000	0.040848
YBL043W	YER184C	0.993681						0.000000	5.000000	0.041498
YOR161C	YGL073W	0.993680						0.000000	5.000000	0.040815
YDL168W	YNL167C	0.993668						1.000000	5.000000	0.045057
YDL048C	YPR104C	0.993664						1.000000	5.000000	0.046048
YBR106W	YMR037C	0.993658						1.000000	5.000000	0.043711
YDL052C	YJR060W	0.993657						1.000000	5.000000	0.041854
YNL112W	YNL068C	0.993657						1.000000	5.000000	0.042609
YLR380W	YML027W	0.993653						1.000000	5.000000	0.044795
YDR129C	YHL027W	0.993652						1.000000	5.000000	0.043472
YGR043C	YNL216W	0.993648						1.000000	5.000000	0.043910
YDR224C	YMR037C	0.993631						1.000000	5.000000	0.040532
YJL159W	YHL027W	0.993630	0.000000	0.507463	0.095506	0.215684	0.160757	0.000000	-5.000000	0.042612
YFL048C	YKL112W	0.993628						1.000000	5.000000	0.042989
YFR009W	YJR060W	0.993626						1.000000	5.000000	0.043642
YOR151C	YBR049C	0.993611						1.000000	5.000000	0.044124
YMR107W	YDR216W	0.993597	1.000000	0.511111	0.096910	0.218092	0.162928	0.000000	5.000000	0.043873
YER177W	YDL020C	0.993595						1.000000	5.000000	0.043352
YPL061W	YHR206W	0.993595						1.000000	5.000000	0.042963
YLR412W	YNL167C	0.993595						1.000000	5.000000	0.043730
YMR208W	YBR049C	0.993593						1.000000	5.000000	0.043403
YGR195W	YBR049C	0.993593						1.000000	5.000000	0.043414
YNL322C	YKL112W	0.993592						1.000000	5.000000	0.044321
YLR284C	YDR216W	0.993588						1.000000	5.000000	0.062804
YER136W	YMR037C	0.993575						1.000000	5.000000	0.044249
YDR028C	YDL020C	0.993574						1.000000	5.000000	0.043246
YGR253C	YDL020C	0.993573						1.000000	5.000000	0.044197
YOR375C	YBL103C	0.993571	0.000000	0.507353	0.096910	0.217244	0.162736	0.000000	5.000000	0.044742
YBR294W	YDR451C	0.993570						1.000000	5.000000	0.044555
YDR410C	YLR176C	0.993569						1.000000	5.000000	0.042716
YKL060C	YOR162C	0.993567						1.000000	5.000000	0.042617
YKR034W	YFL021W	0.993564						1.000000	5.000000	0.044256
YER154W	YPR104C	0.993554						1.000000	5.000000	0.043188
YIL041W	YHR206W	0.993546						1.000000	5.000000	0.040093
YLL027W	YGL237C	0.993532						1.000000	5.000000	0.043905
YDL007W	YDL020C	0.993529						1.000000	5.000000	0.043270
YGR234W	YNL216W	0.993526						1.000000	-5.000000	0.073940
YLR350W	YMR037C	0.993520						1.000000	5.000000	0.043582
YNL160W	YOR028C	0.993517						1.000000	5.000000	0.047303
YBR006W	YER040W	0.993512						1.000000	5.000000	0.041795
YEL021W	YHR084W	0.993492						1.000000	5.000000	0.042403
YIL155C	YDR216W	0.993490						1.000000	5.000000	0.044121
YGL010W	YDL020C	0.993488						1.000000	5.000000	0.042696
YDR214W	YGL073W	0.993487	1.000000	0.510949	0.098315	0.219635	0.164900	0.000000	5.000000	0.045376
YMR131C	YNL068C	0.993481						1.000000	5.000000	0.042987
YGL100W	YFR034C	0.993464						1.000000	5.000000	0.041363
YAL030W	YDL020C	0.993463						0.000000	5.000000	0.040597
YDR300C	YNL216W	0.993454						1.000000	5.000000	0.042645
YGR157W	YNL216W	0.993447						1.000000	5.000000	0.041479
YDR067C	YFL021W	0.993445						1.000000	5.000000	0.042928
YBR265W	YML027W	0.993445						1.000000	5.000000	0.042990
YMR220W	YLR256W	0.993439						1.000000	5.000000	0.041024
YBR067C	YMR164C	0.993434						0.000000	5.000000	0.042210
YIR030C	YER040W	0.993430						1.000000	5.000000	0.042773
YKL185W	YDR146C	0.993422	1.000000	0.514493	0.099719	0.222011	0.167059	0.000000	5.000000	0.045893
YFL039C	YHR206W	0.993422						1.000000	5.000000	0.042719
YMR083W	YNL216W	0.993419						1.000000	5.000000	0.042382
YDR084C	YMR042W	0.993407						0.000000	-5.000000	0.041304
YMR303C	YGR249W	0.993404						0.000000	5.000000	0.041843
YIL087C	YML007W	0.993392						1.000000	5.000000	0.040838
YIL106W	YML027W	0.993388						1.000000	5.000000	0.041581
YOR084W	YPL133C	0.993386						1.000000	5.000000	0.041987
YLR303W	YJR060W	0.993381						1.000000	5.000000	0.038489
YLR342W	YDL056W	0.993377						1.000000	5.000000	0.040230
YER072W	YJR060W	0.993363						1.000000	5.000000	0.043012
YKR013W	YER111C	0.993360						1.000000	5.000000	0.042970
YGR243W	YKL062W	0.993356						1.000000	5.000000	0.042617
YLR287C-A	YOL028C	0.993354						0.000000	5.000000	0.040975
YJR007W	YHR124W	0.993344						1.000000	5.000000	0.043151
YNL104C	YDL020C	0.993341	0.000000	0.510791	0.099719	0.221166	0.166863	0.000000	5.000000	0.041183
YNL129W	YEL009C	0.993337						1.000000	5.000000	0.042902
YLR090W	YMR037C	0.993336						1.000000	5.000000	0.042458
YLR333C	YIL131C	0.993324						1.000000	5.000000	0.047808
YMR275C	YDL020C	0.993323						1.000000	5.000000	0.041175
YKR068C	YJR060W	0.993321						1.000000	5.000000	0.041520
YLR180W	YPL038W	0.993313						1.000000	5.000000	0.040940
YDR482C	YJR060W	0.993293						1.000000	5.000000	0.041687
YJL174W	YKL112W	0.993279						1.000000	5.000000	0.045177
YML129C	YGL071W	0.993271						1.000000	5.000000	0.040622
YLR367W	YLR403W	0.993270						1.000000	5.000000	0.041564
YNL067W	YKL062W	0.993269						1.000000	5.000000	0.041937
YDR046C	YDR463W	0.993268						1.000000	5.000000	0.041209
YNL289W	YKL185W	0.993258						0.000000	5.000000	0.037835
YLL041C	YKL109W	0.993255						0.000000	5.000000	0.040285
YJR117W	YGL073W	0.993255						1.000000	5.000000	0.041134
YHR104W	YGL073W	0.993250	1.000000	0.514286	0.101124	0.223526	0.169014	0.000000	5.000000	0.037961
YGR173W	YNL199C	0.993249						1.000000	5.000000	0.041315
YGR019W	YDL020C	0.993248	0.000000	0.510638	0.101124	0.222688	0.168816	0.000000	5.000000	0.040627
YPR019W	YDR451C	0.993248						1.000000	5.000000	0.041437
YDR345C	YDR123C	0.993246						1.000000	5.000000	0.040919
YLR286C	YGL013C	0.993245	0.000000	0.507042	0.101124	0.221858	0.168618	0.000000	5.000000	0.040777
YOR327C	YNL027W	0.993235						1.000000	5.000000	0.040499
YER056C	YDR123C	0.993234						1.000000	5.000000	0.039802
YPL223C	YGR249W	0.993233						0.000000	5.000000	0.041845
YDL137W	YDL020C	0.993232						0.000000	5.000000	0.040743
YJL217W	YKL032C	0.993228						1.000000	5.000000	0.041899
YDL136W	YHR006W	0.993221	0.000000	0.503497	0.101124	0.221037	0.168421	0.000000	-5.000000	0.039065
YDL014W	YKL112W	0.993216						1.000000	5.000000	0.041862
YLL011W	YHL027W	0.993190						1.000000	5.000000	0.039578
YMR304W	YMR037C	0.993189						1.000000	5.000000	0.040699
YHR142W	YOR363C	0.993188						1.000000	5.000000	0.040488
YLL018C	YJR060W	0.993172						0.000000	5.000000	0.036820
YKL156W	YLR403W	0.993160						1.000000	5.000000	0.040458
YDL171C	YHR124W	0.993158						1.000000	5.000000	0.039133
YNL268W	YKL032C	0.993148						1.000000	5.000000	0.040546
YJR105W	YEL009C	0.993146						1.000000	5.000000	0.049757
YLR092W	YNL103W	0.993139						1.000000	5.000000	0.041877
YDR043C	YHL027W	0.993132						1.000000	5.000000	0.038976
YKL001C	YLR451W	0.993121	0.000000	0.500000	0.101124	0.220224	0.168224	0.000000	5.000000	0.039422
YFL004W	YFR034C	0.993118						1.000000	5.000000	0.039470
YJR152W	YDR259C	0.993104						0.000000	5.000000	0.040082
YLR029C	YNL216W	0.993102						1.000000	5.000000	0.035855
YDR145W	YIR017C	0.993095						1.000000	5.000000	0.040056
YOR065W	YOR358W	0.993094						1.000000	5.000000	0.040476
YOR095C	YNL068C	0.993077						1.000000	5.000000	0.038749
YKL024C	YMR037C	0.993075						1.000000	5.000000	0.040409
YKL216W	YBL103C	0.993069						1.000000	5.000000	0.041490
YIL051C	YDL020C	0.993069						0.000000	5.000000	0.040011
YHR136C	YFR034C	0.993067						1.000000	5.000000	0.042503
YKL148C	YER184C	0.993065						0.000000	5.000000	0.044042
YCL043C	YOL108C	0.993052						1.000000	5.000000	0.053222
YDR170C	YJR060W	0.993047						1.000000	5.000000	0.039117
YHR143W	YMR043W	0.993043	0.000000	0.496552	0.101124	0.219420	0.168028	0.000000	-5.000000	0.041836
YCL043C	YMR019W	0.993037						0.000000	5.000000	0.040520
YKR009C	YDR207C	0.993033						1.000000	5.000000	0.039366
YHL032C	YDR216W	0.993031						1.000000	5.000000	0.039703
YGR255C	YMR037C	0.993027						1.000000	5.000000	0.039474
YMR146C	YNL216W	0.993026						1.000000	5.000000	0.031284
YHR072W-A	YHR006W	0.993023						0.000000	-5.000000	0.041558
YOL086C	YPL075W	0.993009	1.000000	0.500000	0.102528	0.221753	0.170163	0.000000	5.000000	0.039757
YMR281W	YDR207C	0.992998						1.000000	5.000000	0.040283
YGL059W	YEL009C	0.992996						1.000000	5.000000	0.040166
YIL118W	YDR423C	0.992994						1.000000	5.000000	0.038714
YKL013C	YDL020C	0.992991						0.000000	5.000000	0.053175
YMR022W	YDL020C	0.992987						0.000000	5.000000	0.035837
YDL210W	YFL021W	0.992975						1.000000	5.000000	0.038409
YLR142W	YLR256W	0.992972						1.000000	5.000000	0.040278
YMR236W	YKL112W	0.992959						1.000000	5.000000	0.040416
YDR190C	YJR060W	0.992958						1.000000	5.000000	0.037620
YPL131W	YOR162C	0.992957						1.000000	5.000000	0.043545
YOR165W	YDR423C	0.992955						1.000000	5.000000	0.039738
YGR192C	YMR037C	0.992954	0.000000	0.496599	0.102528	0.220954	0.169965	0.000000	5.000000	0.037971
YDR023W	YJR060W	0.992951						1.000000	5.000000	0.039497
YKL150W	YNL167C	0.992950						1.000000	5.000000	0.038200
YMR272C	YAL051W	0.992948						1.000000	5.000000	0.038749
YBL038W	YKL112W	0.992946						1.000000	5.000000	0.042276
YCL059C	YNL068C	0.992942						1.000000	5.000000	0.041170
YLR044C	YPL075W	0.992936	1.000000	0.500000	0.103933	0.223271	0.172093	0.000000	5.000000	0.037025
YMR291W	YGL073W	0.992887	0.000000	0.496644	0.103933	0.222478	0.171893	0.000000	5.000000	0.039107
YOR383C	YGL071W	0.992887						1.000000	5.000000	0.038450
YLR178C	YML007W	0.992885	1.000000	0.500000	0.105337	0.224779	0.174014	0.000000	5.000000	0.038165
YER107C	YJR060W	0.992885						1.000000	5.000000	0.037803
YDR211W	YKL112W	0.992883						1.000000	5.000000	0.038140
YDR158W	YHR206W	0.992874						1.000000	5.000000	0.038485
YBR236C	YEL009C	0.992869						1.000000	5.000000	0.039171
YOL039W	YHR006W	0.992869						0.000000	-5.000000	0.039284
YER150W	YMR016C	0.992866						1.000000	5.000000	0.038455
YOR327C	YNL216W	0.992866						1.000000	5.000000	0.038861
YNL135C	YDL020C	0.992865						0.000000	5.000000	0.038735
YGL103W	YOL028C	0.992849						0.000000	5.000000	0.040808
YOR298W	YGL073W	0.992846						0.000000	5.000000	0.040239
YKL182W	YDR123C	0.992841						1.000000	5.000000	0.038898
YOR247W	YER111C	0.992825	1.000000	0.503311	0.106742	0.227068	0.176130	0.000000	5.000000	0.040359
YDR168W	YIR018W	0.992823						1.000000	5.000000	0.041803
YOR096W	YNL216W	0.992820						1.000000	5.000000	0.039427
YOR122C	YMR037C	0.992818						0.000000	5.000000	0.037788
YJL050W	YNL068C	0.992814						1.000000	5.000000	0.041135
YOL022C	YNL068C	0.992811						1.000000	5.000000	0.038090
YJL210W	YPL038W	0.992807						1.000000	5.000000	0.039232
YDL147W	YGL013C	0.992799						1.000000	5.000000	0.037390
YPL135W	YNL167C	0.992798						1.000000	5.000000	0.039385
YDR502C	YLR451W	0.992797						0.000000	5.000000	0.040890
YAL062W	YJR060W	0.992791						1.000000	5.000000	0.040201
YNL306W	YOL108C	0.992789						1.000000	5.000000	0.040123
YNL135C	YIR018W	0.992786						1.000000	5.000000	0.037778
YKL009W	YOR344C	0.992781						1.000000	5.000000	0.037462
YDR399W	YIL131C	0.992777						1.000000	5.000000	0.037649
YBR009C	YML027W	0.992758						0.000000	5.000000	0.039239
YIL145C	YDR207C	0.992754						1.000000	5.000000	0.038549
YNL259C	YJR060W	0.992754						1.000000	5.000000	0.037778
YNL067W	YCR084C	0.992752						1.000000	5.000000	0.037764
YGR116W	YJR060W	0.992745						1.000000	5.000000	0.038017
YGR034W	YNL216W	0.992744						1.000000	5.000000	0.040795
YKL117W	YMR037C	0.992738						1.000000	5.000000	0.037486
YKL152C	YNL199C	0.992735	1.000000	0.506579	0.108146	0.229345	0.178241	0.000000	5.000000	0.038793
YLR113W	YKL043W	0.992725						1.000000	5.000000	0.034472
YPR052C	YBL021C	0.992715						0.000000	-5.000000	0.038420
YPR145W	YEL009C	0.992710						1.000000	5.000000	0.037665
YGL234W	YNL216W	0.992706						1.000000	5.000000	0.042700
YLR029C	YPR104C	0.992700						1.000000	5.000000	0.038064
YKL206C	YEL009C	0.992699						1.000000	5.000000	0.037579
YHR208W	YEL009C	0.992690						1.000000	5.000000	0.039459
YGR175C	YMR164C	0.992688						0.000000	-5.000000	0.039730
YJL034W	YGL073W	0.992686	1.000000	0.509804	0.109551	0.231609	0.180347	0.000000	5.000000	0.037341
YMR214W	YDL056W	0.992684						1.000000	5.000000	0.037647
YML052W	YNL216W	0.992679						1.000000	5.000000	0.037561
YLL023C	YML007W	0.992671						1.000000	5.000000	0.037714
YIR033W	YER040W	0.992669						1.000000	5.000000	0.036932
YMR118C	YGR249W	0.992663						0.000000	5.000000	0.038769
YGR192C	YPL075W	0.992663	1.000000	0.512987	0.110955	0.233860	0.182448	0.000000	5.000000	0.036258
YKL060C	YPL075W	0.992654						0.000000	5.000000	0.038005
YNR052C	YJR060W	0.992652						1.000000	5.000000	0.037611
YBL043W	YKL109W	0.992631						0.000000	5.000000	0.041018
YEL037C	YDL020C	0.992631						1.000000	5.000000	0.037730
YMR183C	YIL131C	0.992628						1.000000	5.000000	0.036304
YLR406C	YDL106C	0.992628	0.000000	0.509677	0.110955	0.233063	0.182238	0.000000	5.000000	0.037303
YGL224C	YEL009C	0.992624						1.000000	5.000000	0.038606
YGR214W	YHR124W	0.992620						1.000000	5.000000	0.036670
YER025W	YML099C	0.992614						0.000000	-5.000000	0.035319
YNL239W	YEL009C	0.992611						1.000000	5.000000	0.037699
YAL053W	YMR037C	0.992610						1.000000	5.000000	0.038755
YPL241C	YDL056W	0.992608						1.000000	5.000000	0.032640
YDL174C	YER184C	0.992607						0.000000	5.000000	0.037357
YGL202W	YER040W	0.992605						0.000000	5.000000	0.039045
YBL042C	YKL020C	0.992596						1.000000	5.000000	0.040332
YLR058C	YLR451W	0.992591	0.000000	0.506410	0.110955	0.232273	0.182028	0.000000	5.000000	0.036450
YDR368W	YGL013C	0.992587						1.000000	5.000000	0.036780
YDR234W	YOR363C	0.992586						1.000000	5.000000	0.035810
YPL177C	YAL051W	0.992575						1.000000	5.000000	0.036407
YHR136C	YDR207C	0.992571						1.000000	5.000000	0.036957
YLR009W	YHR006W	0.992565						0.000000	-5.000000	0.038034
YCR024C-A	YML027W	0.992560						1.000000	5.000000	0.036958
YGL005C	YOL108C	0.992556						1.000000	5.000000	0.037386
YDR155C	YJR147W	0.992554						0.000000	5.000000	0.037394
YEL026W	YPL089C	0.992549						0.000000	-5.000000	0.038464
YER056C	YKL112W	0.992547						1.000000	5.000000	0.037004
YGR008C	YOR028C	0.992539						0.000000	5.000000	0.032992
YLR354C	YEL009C	0.992532						1.000000	5.000000	0.035704
YGR078C	YJR060W	0.992532						1.000000	5.000000	0.037155
YKL157W	YBR083W	0.992518						1.000000	5.000000	0.037888
YGR135W	YJR060W	0.992508	0.000000	0.503185	0.110955	0.231490	0.181818	0.000000	5.000000	0.032631
YDR086C	YJR060W	0.992507						0.000000	5.000000	0.035902
YOR002W	YJR060W	0.992500						1.000000	5.000000	0.034815
YJL001W	YDL020C	0.992500	1.000000	0.506329	0.112360	0.233723	0.183908	0.000000	5.000000	0.046245
YCR088W	YIL101C	0.992492						1.000000	5.000000	0.036836
YMR195W	YBR083W	0.992488						1.000000	5.000000	0.038323
YDL195W	YMR037C	0.992488						1.000000	5.000000	0.031349
YML042W	YDR216W	0.992477						1.000000	5.000000	0.043724
YLR220W	YIR018W	0.992465						1.000000	5.000000	0.036917
YDR525W-A	YMR016C	0.992459						1.000000	5.000000	0.035418
YML042W	YER184C	0.992457						0.000000	5.000000	0.037568
YNR032C-A	YJR060W	0.992452						1.000000	5.000000	0.035909
YDR343C	YDR216W	0.992446						1.000000	5.000000	0.035808
YLL039C	YDR463W	0.992438	0.000000	0.503145	0.112360	0.232946	0.183697	0.000000	-5.000000	0.036689
YMR260C	YIL131C	0.992426						0.000000	5.000000	0.037642
YIL057C	YMR172W	0.992426						0.000000	5.000000	0.036519
YBR104W	YBL103C	0.992426						1.000000	5.000000	0.035582
YIL121W	YBR049C	0.992425						1.000000	5.000000	0.038383
YLR107W	YKL020C	0.992423						1.000000	5.000000	0.037006
YFL045C	YLR131C	0.992420						0.000000	-5.000000	0.031318
YER035W	YMR016C	0.992419						1.000000	5.000000	0.035330
YBL093C	YNL216W	0.992418						1.000000	5.000000	0.036280
YDR225W	YKL032C	0.992409						1.000000	5.000000	0.035942
YGR088W	YKL062W	0.992407						1.000000	-5.000000	0.035697
YJR113C	YJR060W	0.992407						1.000000	5.000000	0.036318
YFR004W	YJR060W	0.992398	0.000000	0.500000	0.112360	0.232175	0.183486	0.000000	5.000000	0.045267
YER021W	YDL020C	0.992383						1.000000	5.000000	0.034941
YNL293W	YKL032C	0.992381						1.000000	5.000000	0.036251
YGR124W	YKL032C	0.992374						1.000000	5.000000	0.037417
YJR123W	YOR162C	0.992349						1.000000	5.000000	0.035696
YOR383C	YOR363C	0.992349						1.000000	5.000000	0.034774
YDR256C	YDR216W	0.992339						1.000000	5.000000	0.034984
YIL124W	YDL020C	0.992335						0.000000	5.000000	0.035914
YAL005C	YOR162C	0.992330						1.000000	5.000000	0.036585
YDR456W	YKL112W	0.992313						1.000000	5.000000	0.036278
YDR034C	YNL199C	0.992293						1.000000	5.000000	0.035438
YDL090C	YIR017C	0.992287						1.000000	5.000000	0.035638
YMR272C	YHR178W	0.992263						1.000000	5.000000	0.036558
YHR021C	YDR253C	0.992246						1.000000	5.000000	0.035167
YNR013C	YJR060W	0.992240						1.000000	5.000000	0.035326
YJL100W	YIR017C	0.992230						1.000000	5.000000	0.036395
YAL003W	YKL112W	0.992207						1.000000	5.000000	0.036294
YBR256C	YEL009C	0.992207						1.000000	5.000000	0.034276
YJL192C	YGL013C	0.992194						1.000000	5.000000	0.035164
YGL047W	YDL020C	0.992186						1.000000	5.000000	0.034755
YML028W	YOL089C	0.992181						0.000000	-5.000000	0.034741
YLR287C-A	YOR162C	0.992177						0.000000	5.000000	0.034088
YDR525W-A	YDR253C	0.992171						1.000000	5.000000	0.036204
YEL033W	YPR065W	0.992167						0.000000	5.000000	0.034987
YMR009W	YKL032C	0.992162						1.000000	5.000000	0.034307
YGL103W	YPR065W	0.992162	0.000000	0.496894	0.112360	0.231412	0.183276	0.000000	5.000000	0.031469
YDR472W	YIL131C	0.992154						1.000000	5.000000	0.034325
YGR234W	YIR018W	0.992151						1.000000	5.000000	0.056339
YML004C	YMR016C	0.992143						1.000000	5.000000	0.035005
YIR034C	YEL009C	0.992134						1.000000	5.000000	0.035345
YDR452W	YDL020C	0.992133						0.000000	5.000000	0.042521
YGR253C	YJR060W	0.992122						1.000000	5.000000	0.035156
YGL009C	YNL167C	0.992119						1.000000	5.000000	0.036138
YPR052C	YML027W	0.992118						0.000000	5.000000	0.039036
YPR086W	YJR060W	0.992115						1.000000	5.000000	0.034812
YMR031C	YKL062W	0.992103						1.000000	5.000000	0.034084
YNR050C	YEL009C	0.992103						1.000000	5.000000	0.032831
YNL202W	YDR216W	0.992096						1.000000	5.000000	0.033458
YBR248C	YKR099W	0.992090						1.000000	5.000000	0.034378
YLR375W	YBL021C	0.992085						0.000000	-5.000000	0.036159
YLR175W	YHR006W	0.992081						0.000000	-5.000000	0.042809
YOL139C	YHR124W	0.992080						1.000000	5.000000	0.034751
YDL048C	YDR123C	0.992079						1.000000	5.000000	0.034417
YLR174W	YNL216W	0.992071						1.000000	5.000000	0.034919
YHR132C	YJR060W	0.992065						1.000000	5.000000	0.032905
YHR006W	YEL009C	0.992058						1.000000	5.000000	0.033180
YHL035C	YMR037C	0.992057						1.000000	5.000000	0.033621
YOR136W	YGL237C	0.992054						0.000000	5.000000	0.034899
YEL026W	YBR240C	0.992051						0.000000	-5.000000	0.033220
YKL085W	YAL051W	0.992049						1.000000	5.000000	0.034456
YER095W	YDL056W	0.992035						1.000000	5.000000	0.032587
YLR406C	YBR240C	0.992033	0.000000	0.493827	0.112360	0.230655	0.183066	0.000000	-5.000000	0.033963
YJR070C	YHR006W	0.992033						0.000000	-5.000000	0.034049
YFL014W	YKL062W	0.992032						1.000000	5.000000	0.034958
YCR021C	YJL056C	0.992018	0.000000	0.490798	0.112360	0.229906	0.182857	0.000000	5.000000	0.035387
YDL179W	YDR146C	0.992009	1.000000	0.493902	0.113764	0.232116	0.184932	0.000000	5.000000	0.034147
YNL154C	YNL216W	0.992004						1.000000	5.000000	0.033424
YBR078W	YMR037C	0.992001						1.000000	5.000000	0.033241
YDL125C	YMR037C	0.991999						1.000000	5.000000	0.036751
YHL004W	YOL108C	0.991997						1.000000	5.000000	0.034219
YDR233C	YHR124W	0.991996						1.000000	5.000000	0.033415
YNL258C	YBL005W	0.991980						1.000000	5.000000	0.033887
YIL034C	YDL020C	0.991971						0.000000	5.000000	0.047818
YDL182W	YKL032C	0.991965						1.000000	5.000000	0.033597
YGR189C	YMR037C	0.991957	0.000000	0.490909	0.113764	0.231371	0.184721	0.000000	5.000000	0.036118
YLR249W	YHR006W	0.991953						0.000000	-5.000000	0.032880
YOL120C	YNL216W	0.991948						1.000000	5.000000	0.033797
YOR312C	YIL131C	0.991947						1.000000	5.000000	0.033802
YHR139C	YMR172W	0.991947						0.000000	5.000000	0.034364
YCL056C	YHL027W	0.991946						1.000000	5.000000	0.034091
YMR174C	YKL062W	0.991936						1.000000	5.000000	0.036567
YHR143W	YGR044C	0.991936						0.000000	5.000000	0.036284
YOL119C	YER040W	0.991927	0.000000	0.487952	0.113764	0.230632	0.184510	0.000000	5.000000	0.033985
YNR051C	YJR060W	0.991926						1.000000	5.000000	0.033715
YHR200W	YMR037C	0.991926						1.000000	5.000000	0.032130
YKL152C	YPL075W	0.991923	1.000000	0.491018	0.115169	0.232827	0.186576	0.000000	5.000000	0.035561
YDR367W	YJR060W	0.991921						1.000000	5.000000	0.033350
YML052W	YHR206W	0.991917						1.000000	5.000000	0.032819
YMR083W	YKL032C	0.991911						1.000000	5.000000	0.033850
YER055C	YHR124W	0.991910						1.000000	5.000000	0.032866
YBR067C	YIR033W	0.991909	0.000000	0.488095	0.115169	0.232093	0.186364	0.000000	5.000000	0.033963
YPR035W	YER040W	0.991889	1.000000	0.491124	0.116573	0.234274	0.188422	0.000000	5.000000	0.032399
YHR041C	YJR060W	0.991886						1.000000	5.000000	0.032762
YDR050C	YNL199C	0.991884						0.000000	5.000000	0.032812
YDR232W	YHR178W	0.991878						1.000000	5.000000	0.034016
YAL036C	YNL068C	0.991877						1.000000	5.000000	0.034237
YDL120W	YJR060W	0.991874						1.000000	5.000000	0.034474
YHR007C	YDR123C	0.991873						1.000000	5.000000	0.033530
YFL030W	YKL109W	0.991858						0.000000	5.000000	0.030699
YNR002C	YKL062W	0.991857						1.000000	5.000000	0.028919
YPL087W	YKL032C	0.991855						1.000000	5.000000	0.032677
YOL120C	YOR162C	0.991854						1.000000	5.000000	0.032740
YNL306W	YKL112W	0.991846						1.000000	5.000000	0.032689
YKL152C	YPR065W	0.991839	0.000000	0.488235	0.116573	0.233544	0.188209	0.000000	5.000000	0.033069
YML125C	YHR124W	0.991839						1.000000	5.000000	0.033502
YOR267C	YGL073W	0.991832						1.000000	5.000000	0.031840
YGR075C	YGR249W	0.991827						1.000000	5.000000	0.033511
YLR110C	YMR037C	0.991826						1.000000	5.000000	0.032975
YDL061C	YNL216W	0.991817						1.000000	5.000000	0.032786
YER163C	YIL101C	0.991809						1.000000	5.000000	0.033573
YLR293C	YIL131C	0.991807						0.000000	5.000000	0.028312
YOR051C	YNL068C	0.991794						1.000000	5.000000	0.033153
YLR259C	YGL073W	0.991794	1.000000	0.491228	0.117978	0.235712	0.190260	0.000000	5.000000	0.033049
YJR138W	YJR060W	0.991787						1.000000	5.000000	0.033844
YKL113C	YKL185W	0.991785	0.000000	0.488372	0.117978	0.234986	0.190045	0.000000	5.000000	0.032088
YGL054C	YMR037C	0.991782						1.000000	5.000000	0.034317
YGR236C	YDR216W	0.991776	1.000000	0.491329	0.119382	0.237142	0.192090	0.000000	5.000000	0.032784
YDL048C	YMR016C	0.991768						1.000000	5.000000	0.032553
YOL052C-A	YDR216W	0.991765						0.000000	5.000000	0.032577
YDL126C	YKL032C	0.991756						1.000000	5.000000	0.032900
YPL266W	YHR124W	0.991755						1.000000	5.000000	0.034433
YPL019C	YGL237C	0.991752						1.000000	5.000000	0.033802
YOL110W	YMR037C	0.991750						1.000000	5.000000	0.033278
YOL101C	YDR207C	0.991743						1.000000	5.000000	0.033473
YCR010C	YGR249W	0.991725						0.000000	5.000000	0.033545
YFL034C-A	YLR403W	0.991724						1.000000	5.000000	0.030225
YDL101C	YDL056W	0.991722						1.000000	5.000000	0.033623
YBR101C	YIR018W	0.991719						1.000000	5.000000	0.029589
YKL114C	YEL009C	0.991717						1.000000	5.000000	0.032022
YLR061W	YGL071W	0.991710						1.000000	5.000000	0.032512
YPR124W	YLR256W	0.991709						1.000000	5.000000	0.034933
YGL195W	YDL020C	0.991706						1.000000	5.000000	0.033140
YLR356W	YKR099W	0.991686						1.000000	5.000000	0.032226
YPR102C	YJR060W	0.991683						1.000000	5.000000	0.033869
YDL210W	YDR207C	0.991683						1.000000	5.000000	0.032318
YLR410W	YJR060W	0.991672						1.000000	5.000000	0.032701
YCR009C	YDL020C	0.991672						0.000000	5.000000	0.030894
YAR007C	YDL056W	0.991668						1.000000	5.000000	0.032659
YHR142W	YGL013C	0.991664						1.000000	5.000000	0.031962
YNL052W	YLR256W	0.991662						1.000000	5.000000	0.032528
YGL136C	YPL075W	0.991656						1.000000	5.000000	0.032081
YHR007C	YMR037C	0.991649						1.000000	5.000000	0.035435
YDR062W	YNL216W	0.991635						1.000000	5.000000	0.033257
YIL018W	YNL216W	0.991635						1.000000	5.000000	0.032199
YOR045W	YKL112W	0.991633						1.000000	5.000000	0.032205
YCR012W	YNL199C	0.991622	0.000000	0.488506	0.119382	0.236420	0.191874	0.000000	5.000000	0.032951
YOL111C	YAL051W	0.991617						1.000000	5.000000	0.033895
YKL009W	YIL131C	0.991607						1.000000	5.000000	0.031884
YNR055C	YOL108C	0.991607						1.000000	5.000000	0.031822
YIL106W	YMR043W	0.991603						1.000000	5.000000	0.031354
YHL031C	YBR049C	0.991578						1.000000	5.000000	0.031471
YMR247C	YNL167C	0.991573						1.000000	5.000000	0.032443
YDR225W	YGR249W	0.991566						0.000000	5.000000	0.033359
YML085C	YMR037C	0.991551						0.000000	5.000000	0.032735
YDL191W	YNL216W	0.991551						1.000000	5.000000	0.037710
YJR131W	YEL009C	0.991548						1.000000	5.000000	0.033007
YER093C-A	YMR037C	0.991542						1.000000	5.000000	0.031663
YBR052C	YGL073W	0.991527						1.000000	5.000000	0.031765
YHR183W	YDR253C	0.991510						1.000000	5.000000	0.031756
YKL094W	YMR037C	0.991508						1.000000	5.000000	0.030964
YKR089C	YMR037C	0.991497						1.000000	5.000000	0.031019
YGL226C-A	YNL216W	0.991486						1.000000	5.000000	0.032184
YHR057C	YKL032C	0.991479						1.000000	5.000000	0.031672
YGL154C	YGR249W	0.991478						1.000000	5.000000	0.030831
YAL005C	YHR206W	0.991475						1.000000	5.000000	0.033441
YDR068W	YNL314W	0.991470						1.000000	5.000000	0.032704
YPL160W	YDR207C	0.991456						1.000000	5.000000	0.028831
YBR050C	YER184C	0.991454						0.000000	5.000000	0.033253
YPL096W	YEL009C	0.991453						1.000000	5.000000	0.032376
YNL257C	YJR060W	0.991427						1.000000	5.000000	0.031363
YML008C	YDR123C	0.991424						1.000000	5.000000	0.031149
YPR194C	YJR060W	0.991412						1.000000	5.000000	0.031397
YDR070C	YML007W	0.991394						0.000000	5.000000	0.029056
YDL174C	YJL056C	0.991385						0.000000	5.000000	0.030837
YKR046C	YLR256W	0.991380						1.000000	5.000000	0.031108
YFR037C	YJR060W	0.991378						1.000000	5.000000	0.031269
YPR035W	YBL103C	0.991372	0.000000	0.485714	0.119382	0.235704	0.191657	0.000000	5.000000	0.030286
YLR388W	YHR006W	0.991367	0.000000	0.482955	0.119382	0.234995	0.191441	0.000000	-5.000000	0.031193
YLR199C	YHR178W	0.991356						1.000000	5.000000	0.031156
YOR303W	YOL108C	0.991355	0.000000	0.480226	0.119382	0.234291	0.191226	0.000000	5.000000	0.031662
YBL027W	YNL216W	0.991353						1.000000	5.000000	0.032625
YDL082W	YPR104C	0.991344						1.000000	5.000000	0.031476
YDR479C	YKL032C	0.991342						1.000000	5.000000	0.031707
YDL238C	YER040W	0.991341						0.000000	5.000000	0.031597
YKL041W	YEL009C	0.991334						1.000000	5.000000	0.032111
YGR157W	YDR123C	0.991333						1.000000	5.000000	0.031676
YGR155W	YJR060W	0.991331						1.000000	5.000000	0.030017
YLR378C	YOL108C	0.991324						1.000000	5.000000	0.033547
YCL009C	YDL020C	0.991324						1.000000	5.000000	0.033388
YDL010W	YMR037C	0.991321						1.000000	5.000000	0.031627
YOL039W	YDR123C	0.991318						1.000000	5.000000	0.029972
YGL038C	YFR034C	0.991312						1.000000	5.000000	0.030926
YER026C	YDR123C	0.991311						1.000000	5.000000	0.031653
YGR233C	YDR423C	0.991310						1.000000	5.000000	0.031919
YMR307W	YHR206W	0.991308						1.000000	5.000000	0.030227
YPL208W	YDL020C	0.991306						1.000000	5.000000	0.030188
YEL054C	YPR104C	0.991295						1.000000	5.000000	0.030467
YER175C	YEL009C	0.991288						1.000000	5.000000	0.029225
YGL172W	YDL020C	0.991286						1.000000	5.000000	0.032416
YJR103W	YOL108C	0.991282						1.000000	5.000000	0.030004
YPR035W	YDL020C	0.991275	0.000000	0.477528	0.119382	0.232900	0.191011	0.000000	5.000000	0.025698
YDR471W	YDL106C	0.991275	0.000000	0.474860	0.119382	0.232900	0.190797	0.000000	5.000000	0.030287
YIL125W	YKL109W	0.991269						0.000000	5.000000	0.029756
YPR128C	YOR363C	0.991259						1.000000	5.000000	0.031135
YDL133C-A	YPL133C	0.991252						0.000000	5.000000	0.033453
YDR175C	YML027W	0.991251						1.000000	5.000000	0.031906
YHR174W	YPL075W	0.991250	1.000000	0.477778	0.120787	0.235033	0.192825	0.000000	5.000000	0.031031
YLL009C	YKL109W	0.991249						0.000000	5.000000	0.031914
YGR264C	YDR207C	0.991217						1.000000	5.000000	0.029352
YML098W	YGL013C	0.991211						1.000000	5.000000	0.034898
YDL169C	YHR084W	0.991209						1.000000	5.000000	0.031230
YDL210W	YER040W	0.991205						1.000000	5.000000	0.030794
YDL140C	YBR049C	0.991205						1.000000	5.000000	0.030354
YAL012W	YIR017C	0.991186						1.000000	5.000000	0.029604
YGL122C	YDL020C	0.991184						1.000000	5.000000	0.030540
YGL148W	YIL131C	0.991184						1.000000	5.000000	0.027019
YBR015C	YJR060W	0.991184						1.000000	5.000000	0.030328
YOR316C	YGL071W	0.991177						1.000000	5.000000	0.031608
YIL107C	YJR060W	0.991173						1.000000	5.000000	0.029818
YMR298W	YKL032C	0.991173						1.000000	5.000000	0.029990
YHR170W	YGL071W	0.991173						1.000000	5.000000	0.030783
YMR131C	YIL131C	0.991172						1.000000	5.000000	0.030107
YDL238C	YFL021W	0.991171						1.000000	5.000000	0.030261
YOL126C	YMR280C	0.991169						1.000000	5.000000	0.030047
YOL151W	YMR016C	0.991164						1.000000	5.000000	0.030344
YOR136W	YPL177C	0.991158						0.000000	-5.000000	0.030882
YKR071C	YHR178W	0.991153						1.000000	5.000000	0.031445
YPR163C	YHR006W	0.991152						0.000000	-5.000000	0.035047
YJR065C	YDL020C	0.991152						0.000000	5.000000	0.029589
YLR340W	YNL216W	0.991144						1.000000	5.000000	0.030387
YIR031C	YDR259C	0.991141						0.000000	5.000000	0.030795
YGR097W	YEL009C	0.991136						1.000000	5.000000	0.029988
YDR287W	YDL020C	0.991136						1.000000	5.000000	0.029654
YMR186W	YJR060W	0.991130	0.000000	0.475138	0.120787	0.234344	0.192609	0.000000	5.000000	0.035836
YJR123W	YKL062W	0.991122						0.000000	-5.000000	0.028606
YDR468C	YEL009C	0.991116						1.000000	5.000000	0.030867
YDL174C	YGL237C	0.991107						0.000000	5.000000	0.031632
YAR015W	YMR037C	0.991103						1.000000	5.000000	0.028100
YOR374W	YOR028C	0.991093	0.000000	0.472527	0.120787	0.233661	0.192394	0.000000	5.000000	0.029089
YIL023C	YJR060W	0.991088						1.000000	5.000000	0.030742
YER049W	YNL068C	0.991078						1.000000	5.000000	0.031499
YKL009W	YNL199C	0.991070						1.000000	5.000000	0.029782
YPR167C	YIR017C	0.991057						1.000000	5.000000	0.030008
YOR294W	YNL068C	0.991047						1.000000	5.000000	0.029591
YMR300C	YKR099W	0.991046						1.000000	5.000000	0.029764
YPL249C-A	YNL216W	0.991042	0.000000	0.469945	0.120787	0.232983	0.192179	0.000000	5.000000	0.031428
YPR036W	YKL062W	0.991040						1.000000	5.000000	0.030452
YML128C	YGL073W	0.991036						0.000000	5.000000	0.030621
YKL026C	YOR028C	0.991033						1.000000	5.000000	0.029207
YGL008C	YHR178W	0.991033						1.000000	5.000000	0.029880
YPR167C	YPL038W	0.991031						1.000000	5.000000	0.029849
YIR038C	YKL032C	0.991014	0.000000	0.467391	0.120787	0.232311	0.191964	0.000000	5.000000	0.030368
YNL312W	YMR037C	0.991001						0.000000	5.000000	0.028760
YJR010W	YNL103W	0.990986						0.000000	5.000000	0.029889
YDL182W	YHR206W	0.990985						1.000000	5.000000	0.031297
YPL095C	YJR060W	0.990983						1.000000	5.000000	0.030181
YEL065W	YGL071W	0.990979						1.000000	5.000000	0.029688
YOR173W	YML007W	0.990977	0.000000	0.464865	0.120787	0.231644	0.191750	0.000000	5.000000	0.029992
YOR080W	YEL009C	0.990970						1.000000	5.000000	0.030034
YHR162W	YMR037C	0.990967	0.000000	0.462366	0.120787	0.230982	0.191537	0.000000	5.000000	0.030679
YOR126C	YOL108C	0.990963						1.000000	5.000000	0.029776
YDL019C	YJR060W	0.990953						1.000000	5.000000	0.029699
YLR164W	YMR037C	0.990952						1.000000	5.000000	0.029059
YGR279C	YOR028C	0.990940						1.000000	5.000000	0.030075
YNL189W	YKR099W	0.990934						1.000000	5.000000	0.029812
YGR124W	YEL009C	0.990924						1.000000	5.000000	0.029893
YLR060W	YKR099W	0.990914						1.000000	5.000000	0.030695
YLR355C	YEL009C	0.990909						1.000000	5.000000	0.020870
YDR411C	YFR034C	0.990908						1.000000	5.000000	0.028983
YLR342W	YNL216W	0.990901						1.000000	5.000000	0.029926
YBR010W	YGR249W	0.990900						0.000000	5.000000	0.029425
YJR074W	YOL108C	0.990899						1.000000	5.000000	0.029566
YJL140W	YOL108C	0.990899						1.000000	5.000000	0.029996
YOR026W	YGL073W	0.990892						1.000000	5.000000	0.028884
YPR017C	YKL112W	0.990870						1.000000	5.000000	0.028864
YOR285W	YML007W	0.990860						1.000000	5.000000	0.029572
YNL289W	YPR065W	0.990854						1.000000	5.000000	0.030108
YOR096W	YPR104C	0.990845						1.000000	5.000000	0.029564
YMR175W	YAL051W	0.990837						0.000000	5.000000	0.030535
YOR361C	YNL068C	0.990831						1.000000	5.000000	0.029156
YOR020C	YNL103W	0.990813						0.000000	-5.000000	0.028567
YNL038W	YFL021W	0.990811						1.000000	5.000000	0.029611
YBR251W	YIL036W	0.990810						1.000000	5.000000	0.028636
YDR194C	YKL112W	0.990809						1.000000	5.000000	0.028719
YNL178W	YNL216W	0.990808						1.000000	5.000000	0.041989
YDR074W	YGL073W	0.990808	0.000000	0.459893	0.120787	0.230325	0.191324	0.000000	5.000000	0.029172
YDR375C	YOL108C	0.990793						1.000000	5.000000	0.029650
YJR113C	YAL051W	0.990785						1.000000	5.000000	0.029609
YKR062W	YMR037C	0.990777						1.000000	5.000000	0.037906
YJR139C	YJR060W	0.990775						1.000000	5.000000	0.026249
YKL117W	YDL020C	0.990759						0.000000	5.000000	0.027068
YJL177W	YHR124W	0.990753						1.000000	5.000000	0.028203
YBR072W	YHR084W	0.990752						1.000000	5.000000	0.031002
YEL011W	YMR016C	0.990752						1.000000	5.000000	0.028260
YIL158W	YIL131C	0.990749						1.000000	5.000000	0.028751
YDL185W	YMR037C	0.990749						0.000000	5.000000	0.027813
YER074W	YOR162C	0.990738						1.000000	5.000000	0.027128
YPR132W	YIL131C	0.990734						1.000000	5.000000	0.029563
YGR232W	YKL112W	0.990732						1.000000	5.000000	0.030820
YPL177C	YKR099W	0.990730						1.000000	5.000000	0.028255
YPR160W	YOR028C	0.990723						1.000000	5.000000	0.029882
YDL083C	YPR104C	0.990722						1.000000	5.000000	0.028586
YDL100C	YJR060W	0.990713						0.000000	5.000000	0.028885
YLR079W	YDR146C	0.990711	1.000000	0.462766	0.122191	0.232433	0.193333	0.000000	5.000000	0.029510
YOR382W	YGL071W	0.990709						1.000000	5.000000	0.028619
YDR376W	YOL108C	0.990704						1.000000	5.000000	0.030191
YBR048W	YOR162C	0.990693						1.000000	5.000000	0.028262
YOR293W	YIL131C	0.990689						1.000000	5.000000	0.028708
YBR147W	YER040W	0.990688	0.000000	0.460317	0.122191	0.231779	0.193119	0.000000	5.000000	0.033201
YNL251C	YKL062W	0.990687						1.000000	5.000000	0.030142
YBL075C	YGR249W	0.990679						0.000000	5.000000	0.029886
YML100W	YPL089C	0.990669						1.000000	5.000000	0.030100
YPL003W	YMR037C	0.990665						1.000000	5.000000	0.028901
YGR256W	YKL015W	0.990661						1.000000	5.000000	0.027667
YJL138C	YPR104C	0.990659						0.000000	5.000000	0.029638
YCL047C	YNL167C	0.990659						1.000000	5.000000	0.029197
YBR011C	YJR060W	0.990634						1.000000	5.000000	0.027609
YOR206W	YML099C	0.990619						0.000000	-5.000000	0.030773
YKL010C	YDL020C	0.990603						1.000000	5.000000	0.028782
YGR236C	YMR172W	0.990603						0.000000	5.000000	0.028854
YIL069C	YNL216W	0.990601						1.000000	-5.000000	0.027516
YBR149W	YMR037C	0.990600						1.000000	5.000000	0.039020
YOL022C	YOR162C	0.990595						1.000000	5.000000	0.028734
YHR098C	YJR060W	0.990594						1.000000	5.000000	0.028120
YGR282C	YOR028C	0.990583						1.000000	5.000000	0.029054
YLR093C	YMR037C	0.990572						1.000000	5.000000	0.028330
YOR290C	YPL089C	0.990572						1.000000	5.000000	0.028709
YDR174W	YER184C	0.990560						0.000000	-5.000000	0.027278
YDR322C-A	YOR028C	0.990524						1.000000	5.000000	0.028637
YJL079C	YPL133C	0.990524						0.000000	5.000000	0.027615
YDR342C	YGL073W	0.990516	0.000000	0.457895	0.122191	0.231131	0.192905	0.000000	5.000000	0.027404
YPR002W	YKL109W	0.990508						0.000000	5.000000	0.029693
YGR267C	YEL009C	0.990485	1.000000	0.460733	0.123596	0.233224	0.194906	0.000000	5.000000	0.026182
YER001W	YEL009C	0.990477						1.000000	5.000000	0.028398
YDR092W	YDL020C	0.990475						0.000000	5.000000	0.027765
YDR500C	YIL131C	0.990470						1.000000	5.000000	0.029675
YDL215C	YJR060W	0.990466						1.000000	5.000000	0.027933
YNL288W	YNL216W	0.990463						1.000000	5.000000	0.028094
YJR125C	YDL020C	0.990463						0.000000	5.000000	0.032419
YJL200C	YLR451W	0.990453	0.000000	0.458333	0.123596	0.232579	0.194690	0.000000	5.000000	0.028555
YDL014W	YHR006W	0.990446						0.000000	-5.000000	0.026886
YGR209C	YKR034W	0.990444						0.000000	5.000000	0.030383
YDR155C	YMR037C	0.990433						1.000000	5.000000	0.028265
YNL168C	YDL020C	0.990430						0.000000	5.000000	0.029933
YKL035W	YHR206W	0.990427						1.000000	5.000000	0.028051
YLL039C	YKL020C	0.990420						0.000000	5.000000	0.028013
YDL188C	YGL071W	0.990419						1.000000	5.000000	0.027488
YFR052W	YDL020C	0.990409						0.000000	5.000000	0.026414
YML098W	YER040W	0.990406						0.000000	5.000000	0.030569
YBR159W	YHR178W	0.990404						1.000000	5.000000	0.027670
YOL120C	YKL062W	0.990399						0.000000	-5.000000	0.031193
YGL253W	YDL056W	0.990399						0.000000	5.000000	0.028989
YHL001W	YLR403W	0.990397						1.000000	5.000000	0.028586
YPL154C	YOL108C	0.990386						0.000000	5.000000	0.035088
YHR029C	YFL021W	0.990379						1.000000	5.000000	0.026059
YJL130C	YKR099W	0.990377						1.000000	5.000000	0.027667
YGL038C	YHR084W	0.990360						1.000000	5.000000	0.028731
YJL094C	YDL020C	0.990358						1.000000	5.000000	0.028509
YBR177C	YOL108C	0.990355						1.000000	5.000000	0.026335
YDR373W	YDL020C	0.990354						1.000000	5.000000	0.028122
YCR059C	YPL248C	0.990349						1.000000	5.000000	0.028008
YKL218C	YEL009C	0.990345						1.000000	5.000000	0.027790
YNL036W	YKL062W	0.990324						1.000000	5.000000	0.027632
YNL066W	YMR043W	0.990324	0.000000	0.455959	0.123596	0.231938	0.194475	0.000000	-5.000000	0.026950
YKL016C	YJR060W	0.990310						1.000000	5.000000	0.025203
YKR076W	YHR084W	0.990310						1.000000	5.000000	0.029791
YDL204W	YKL062W	0.990306						1.000000	5.000000	0.036992
YPL049C	YKL043W	0.990305						1.000000	5.000000	0.027607
YOR374W	YML007W	0.990305	0.000000	0.453608	0.123596	0.231302	0.194260	0.000000	5.000000	0.029568
YKR034W	YER040W	0.990302						0.000000	5.000000	0.026561
YER150W	YMR043W	0.990293						1.000000	5.000000	0.026506
YLR113W	YIL101C	0.990292						1.000000	5.000000	0.027862
YOR163W	YFR034C	0.990292						1.000000	5.000000	0.028144
YGL198W	YBR049C	0.990278						1.000000	5.000000	0.028401
YKL157W	YPL038W	0.990260						1.000000	5.000000	0.027115
YDR225W	YDL056W	0.990258						0.000000	5.000000	0.028430
YGR233C	YKL043W	0.990255						1.000000	5.000000	0.027050
YEL034W	YPR104C	0.990249						1.000000	5.000000	0.027601
YNL059C	YKL112W	0.990249						1.000000	5.000000	0.027646
YEL021W	YMR016C	0.990246						1.000000	5.000000	0.027474
YDR451C	YER111C	0.990244						1.000000	5.000000	0.027597
YKL006C-A	YDL106C	0.990243						1.000000	5.000000	0.026472
YDR232W	YMR037C	0.990241						1.000000	5.000000	0.024763
YLR335W	YNL216W	0.990234						1.000000	5.000000	0.027699
YGL161C	YDL020C	0.990231						0.000000	5.000000	0.024561
YDL178W	YJR060W	0.990229						1.000000	5.000000	0.026003
YHR143W	YGL013C	0.990225	0.000000	0.451282	0.123596	0.230671	0.194046	0.000000	5.000000	0.026741
YOL083W	YAL051W	0.990224						1.000000	5.000000	0.027330
YMR145C	YKL109W	0.990201						0.000000	5.000000	0.028680
YNL111C	YLR256W	0.990201						1.000000	5.000000	0.027157
YDR251W	YMR037C	0.990190						1.000000	5.000000	0.026677
YHR047C	YEL009C	0.990184						1.000000	5.000000	0.023893
YJR144W	YGL013C	0.990181						1.000000	5.000000	0.027595
YOR176W	YOL108C	0.990179						1.000000	5.000000	0.026846
YAL042W	YKL112W	0.990178						1.000000	5.000000	0.026341
YGR218W	YBR083W	0.990161						1.000000	5.000000	0.028032
YBR091C	YJR060W	0.990150						1.000000	5.000000	0.025947
YLR167W	YMR280C	0.990140	0.000000	0.448980	0.123596	0.230045	0.193833	0.000000	-5.000000	0.027614
YJR006W	YDL020C	0.990138						1.000000	5.000000	0.028208
YDR043C	YNL167C	0.990129						1.000000	5.000000	0.026342
YML075C	YLR256W	0.990126						1.000000	5.000000	0.027829
YJL053W	YJR060W	0.990126						1.000000	5.000000	0.036095
YGL012W	YDL020C	0.990121						1.000000	5.000000	0.027359
YOR185C	YEL009C	0.990115						1.000000	5.000000	0.026800
YOR273C	YGL073W	0.990106	0.000000	0.446701	0.123596	0.229423	0.193619	0.000000	5.000000	0.026452
YJL159W	YMR021C	0.990102	0.000000	0.444444	0.123596	0.228806	0.193407	0.000000	5.000000	0.025610
YER086W	YEL009C	0.990093						1.000000	5.000000	0.024019
YDR513W	YOR028C	0.990088						0.000000	5.000000	0.027870
YER057C	YNL216W	0.990075						1.000000	5.000000	0.027151
YMR107W	YML007W	0.990075	0.000000	0.442211	0.123596	0.228194	0.193194	0.000000	5.000000	0.025343
YMR251W-A	YGL073W	0.990071						1.000000	5.000000	0.027003
YMR312W	YHR124W	0.990064						1.000000	5.000000	0.027533
YCR071C	YKL109W	0.990064						0.000000	5.000000	0.028216
YDR208W	YPR065W	0.990061						1.000000	5.000000	0.026636
YBR039W	YJR060W	0.990057						1.000000	5.000000	0.026752
YDL125C	YOL108C	0.990056						1.000000	5.000000	0.026722
YHR018C	YOL108C	0.990051						1.000000	5.000000	0.026692
YPR198W	YMR037C	0.990041						1.000000	5.000000	0.025171
YKL182W	YOL108C	0.990039						1.000000	5.000000	0.028000
YOR056C	YKL112W	0.990038						1.000000	5.000000	0.027276
YLR377C	YMR280C	0.990035						1.000000	5.000000	0.018725
YLR438W	YNL103W	0.990031						0.000000	-5.000000	0.026174
YNL189W	YML007W	0.990015						1.000000	5.000000	0.026983
YJR093C	YKL112W	0.990002						1.000000	5.000000	0.026641
YGL076C	YOR162C	0.990002						1.000000	5.000000	0.027415
YDL078C	YOR028C	0.990001						0.000000	5.000000	0.022771
YDL022W	YMR172W	0.989999						1.000000	5.000000	0.027380
YOR354C	YOL108C	0.989991						1.000000	5.000000	0.027174
YDL007W	YBR049C	0.989986						1.000000	5.000000	0.027105
YAL014C	YEL009C	0.989983						1.000000	5.000000	0.030095
YPR182W	YMR037C	0.989983						1.000000	5.000000	0.034168
YHR083W	YJR060W	0.989981						1.000000	5.000000	0.026413
YAR002W	YJR060W	0.989971						1.000000	5.000000	0.027081
YPL134C	YER184C	0.989971						0.000000	5.000000	0.026929
YJL205C	YKL109W	0.989969						0.000000	5.000000	0.030668
YGR234W	YFR034C	0.989965						1.000000	5.000000	0.032676
YGL228W	YEL009C	0.989959						1.000000	5.000000	0.027454
YKL192C	YJR060W	0.989955						1.000000	5.000000	0.026073
YMR255W	YMR037C	0.989949						1.000000	5.000000	0.023736
YDL067C	YEL009C	0.989947						1.000000	5.000000	0.026800
YOR247W	YDL056W	0.989942	0.000000	0.440000	0.123596	0.227586	0.192982	0.000000	5.000000	0.025807
YER099C	YJR060W	0.989936						1.000000	5.000000	0.026193
YJL054W	YJR060W	0.989930						1.000000	5.000000	0.026474
YBR009C	YGR249W	0.989929						0.000000	5.000000	0.027706
YMR314W	YMR037C	0.989920						1.000000	5.000000	0.024180
YGR019W	YER040W	0.989916	0.000000	0.437811	0.123596	0.226982	0.192771	0.000000	5.000000	0.031219
YMR194W	YNL216W	0.989907						1.000000	-5.000000	0.025363
YML001W	YJR060W	0.989905						1.000000	5.000000	0.028664
YFR041C	YGL013C	0.989902						1.000000	5.000000	0.025961
YMR040W	YDR207C	0.989899						1.000000	5.000000	0.027990
YGR187C	YGL071W	0.989897						1.000000	5.000000	0.027052
YOR262W	YKL112W	0.989893						1.000000	5.000000	0.026381
YDR041W	YML007W	0.989892						1.000000	5.000000	0.026892
YMR044W	YGL237C	0.989892						1.000000	5.000000	0.027093
YBL005W	YOR162C	0.989890						1.000000	5.000000	0.026448
YGL076C	YNL216W	0.989884						1.000000	5.000000	0.026978
YOL068C	YEL009C	0.989883						1.000000	5.000000	0.026241
YBR047W	YEL009C	0.989882						1.000000	5.000000	0.026848
YJL148W	YNL068C	0.989882						1.000000	5.000000	0.026176
Q0130	YER184C	0.989880						0.000000	5.000000	0.026075
YMR011W	YER111C	0.989876	0.000000	0.435644	0.123596	0.226383	0.192560	0.000000	-5.000000	0.027573
YDL074C	YJR060W	0.989862						1.000000	5.000000	0.027009
YMR256C	YER184C	0.989856						0.000000	5.000000	0.026084
YPR167C	YEL009C	0.989847						1.000000	5.000000	0.026249
Q0050	YER184C	0.989845						0.000000	5.000000	0.027172
YOL139C	YNL068C	0.989843						1.000000	5.000000	0.025876
YHR135C	YMR037C	0.989839						1.000000	5.000000	0.028212
YMR072W	YMR043W	0.989839						1.000000	5.000000	0.024825
YCL045C	YGL013C	0.989833						1.000000	5.000000	0.027355
YDL224C	YJR060W	0.989828						1.000000	5.000000	0.026510
YCL031C	YNL068C	0.989817						1.000000	5.000000	0.025903
YPL186C	YML007W	0.989817						1.000000	5.000000	0.027636
YMR108W	YEL009C	0.989815						1.000000	5.000000	0.026146
YMR072W	YER111C	0.989812						1.000000	5.000000	0.024953
YBR290W	YKL112W	0.989811						1.000000	5.000000	0.026657
YDR225W	YMR037C	0.989795						1.000000	5.000000	0.025906
YPL094C	YJR060W	0.989795						1.000000	5.000000	0.024662
YJR080C	YKL109W	0.989791						0.000000	5.000000	0.025500
YIL094C	YEL009C	0.989787						1.000000	5.000000	0.026086
YHR139C	YML027W	0.989783	0.000000	0.433498	0.123596	0.225788	0.192350	0.000000	-5.000000	0.026456
YNL001W	YJR060W	0.989782						1.000000	5.000000	0.030357
YIL057C	YFL021W	0.989777						0.000000	-5.000000	0.025795
YMR215W	YER111C	0.989771						0.000000	5.000000	0.025839
YNL243W	YOR162C	0.989768						1.000000	5.000000	0.025846
YKL217W	YJL056C	0.989761	0.000000	0.431373	0.123596	0.225198	0.192140	0.000000	5.000000	0.025395
YAL016W	YOR363C	0.989748						1.000000	5.000000	0.024597
YDR354W	YEL009C	0.989746						1.000000	5.000000	0.025940
YBL003C	YML027W	0.989745						0.000000	5.000000	0.026873
YML007W	YAL051W	0.989743						1.000000	5.000000	0.027658
YDR465C	YGL071W	0.989738						1.000000	5.000000	0.025660
YHR142W	YHR084W	0.989737						1.000000	5.000000	0.026382
YDL131W	YLR451W	0.989735						0.000000	5.000000	0.025083
YDR384C	YER184C	0.989734						0.000000	-5.000000	0.026205
YDR304C	YDL020C	0.989727						0.000000	5.000000	0.025200
YER112W	YJR060W	0.989723						1.000000	5.000000	0.025763
YBR006W	YML007W	0.989719						1.000000	5.000000	0.026268
YLL024C	YOR344C	0.989717	0.000000	0.429268	0.123596	0.224612	0.191930	0.000000	5.000000	0.026858
YPL221W	YOR363C	0.989716						1.000000	5.000000	0.024439
YLL018C	YIL101C	0.989716						1.000000	5.000000	0.024886
YHR087W	YML007W	0.989715						1.000000	5.000000	0.026116
YJR126C	YMR037C	0.989712						1.000000	5.000000	0.026023
YEL020W-A	YKL109W	0.989699						0.000000	5.000000	0.025376
YOR336W	YEL009C	0.989693						1.000000	5.000000	0.025450
YLR044C	YHR206W	0.989689	0.000000	0.427184	0.123596	0.224030	0.191721	0.000000	5.000000	0.024372
YMR186W	YKL112W	0.989678	0.000000	0.425121	0.123596	0.223452	0.191513	0.000000	5.000000	0.029141
YEL059C-A	YOR028C	0.989676						1.000000	5.000000	0.023838
YBR149W	YOR028C	0.989669						0.000000	5.000000	0.024841
YNL231C	YLR256W	0.989669						1.000000	5.000000	0.025894
YPL131W	YNL216W	0.989654						1.000000	5.000000	0.043841
YDR135C	YNL216W	0.989639						1.000000	5.000000	0.025727
YHR029C	YEL009C	0.989633						1.000000	5.000000	0.024665
YER094C	YDL020C	0.989633	1.000000	0.427885	0.125000	0.225501	0.193478	0.000000	5.000000	0.020880
YLR380W	YBR049C	0.989633						1.000000	5.000000	0.026919
YDR070C	YDR216W	0.989619						0.000000	5.000000	0.020328
YPL158C	YDR146C	0.989619	1.000000	0.430622	0.126404	0.227542	0.195440	0.000000	5.000000	0.025639
YPL031C	YDL020C	0.989617						0.000000	5.000000	0.025608
YMR175W	YDR216W	0.989611						0.000000	5.000000	0.026340
YPL232W	YMR037C	0.989610						1.000000	5.000000	0.024231
YDR397C	YJR060W	0.989606						1.000000	5.000000	0.026840
YGR092W	YML027W	0.989606						1.000000	5.000000	0.024968
YOR260W	YJR060W	0.989601						1.000000	5.000000	0.026876
YDL045W-A	YGL071W	0.989598						1.000000	5.000000	0.027348
YJL166W	YKL112W	0.989589						1.000000	5.000000	0.025311
YDR153C	YGL073W	0.989557						0.000000	5.000000	0.026150
YGL120C	YGL071W	0.989556						1.000000	5.000000	0.026166
YPR030W	YKL062W	0.989547						1.000000	5.000000	0.025671
YDL091C	YGL073W	0.989542						1.000000	5.000000	0.026053
YNL055C	YNL103W	0.989541						0.000000	-5.000000	0.025288
YNR035C	YDL020C	0.989537						0.000000	5.000000	0.029720
YGR027C	YOL028C	0.989529						0.000000	5.000000	0.025613
YKR009C	YMR037C	0.989512						1.000000	5.000000	0.024701
YHR142W	YBR083W	0.989511						1.000000	5.000000	0.025066
YNL030W	YGR249W	0.989510						0.000000	5.000000	0.025213
YOR362C	YNL068C	0.989503						1.000000	5.000000	0.024416
YML009C	YKL109W	0.989498						0.000000	5.000000	0.026315
YDR471W	YPL089C	0.989489	0.000000	0.428571	0.126404	0.226964	0.195228	0.000000	-5.000000	0.025610
YKR076W	YKL032C	0.989488						1.000000	5.000000	0.025545
YNL162W	YIL131C	0.989480						1.000000	5.000000	0.025093
YGL103W	YOL116W	0.989470	0.000000	0.426540	0.126404	0.226390	0.195016	0.000000	-5.000000	0.039671
YHR050W	YKL109W	0.989466						1.000000	5.000000	0.026442
YKL096W-A	YMR164C	0.989465						0.000000	-5.000000	0.024663
YEL056W	YNL216W	0.989462						1.000000	5.000000	0.024971
YBR208C	YMR021C	0.989458						0.000000	5.000000	0.024454
YCR036W	YDL020C	0.989453						0.000000	5.000000	0.026042
YBR207W	YGL073W	0.989450						1.000000	5.000000	0.025973
YGR248W	YML007W	0.989419	0.000000	0.424528	0.126404	0.225819	0.194805	0.000000	5.000000	0.024546
YDR345C	YKL032C	0.989417						1.000000	5.000000	0.024846
YNL232W	YJR060W	0.989390						1.000000	5.000000	0.026060
YER001W	YMR037C	0.989380						1.000000	5.000000	0.023115
YPL010W	YJR060W	0.989363						0.000000	5.000000	0.024503
YMR203W	YDL020C	0.989359						0.000000	5.000000	0.022717
YMR261C	YMR037C	0.989358						1.000000	5.000000	0.020628
YOR168W	YPR104C	0.989352						0.000000	5.000000	0.024624
YLR448W	YLR403W	0.989349						1.000000	5.000000	0.025618
YGL231C	YEL009C	0.989347						1.000000	5.000000	0.025316
YCR002C	YDL020C	0.989345						1.000000	5.000000	0.026864
YMR011W	YPR065W	0.989343	0.000000	0.422535	0.126404	0.225253	0.194595	0.000000	5.000000	0.027568
YIL106W	YIL131C	0.989340						1.000000	5.000000	0.024731
YNL327W	YER111C	0.989332						0.000000	-5.000000	0.026113
YDR430C	YMR037C	0.989329						1.000000	5.000000	0.025831
YMR169C	YGL073W	0.989321	0.000000	0.420561	0.126404	0.224691	0.194384	0.000000	5.000000	0.024991
YLR164W	YHR084W	0.989311						1.000000	5.000000	0.024174
YJL151C	YOL108C	0.989310						1.000000	5.000000	0.024051
YGR147C	YJR060W	0.989308						1.000000	5.000000	0.023678
YOL155C	YDR259C	0.989303						0.000000	5.000000	0.024847
YGL206C	YMR037C	0.989297						1.000000	5.000000	0.024589
YOR369C	YNL216W	0.989294						1.000000	5.000000	0.023889
YER089C	YEL009C	0.989291						1.000000	5.000000	0.024330
YKL060C	YEL009C	0.989285						1.000000	5.000000	0.025112
YKL144C	YNL167C	0.989272						1.000000	5.000000	0.025650
YLL028W	YOR162C	0.989266						1.000000	5.000000	0.024756
YML116W	YKL043W	0.989256						1.000000	5.000000	0.027470
YKR013W	YKL043W	0.989251						1.000000	5.000000	0.025617
YIR038C	YML007W	0.989237	0.000000	0.418605	0.126404	0.224132	0.194175	0.000000	5.000000	0.025097
YDL066W	YBL103C	0.989235						0.000000	5.000000	0.024559
YPR165W	YMR037C	0.989232						0.000000	5.000000	0.025494
YFR053C	YMR037C	0.989230						1.000000	5.000000	0.022292
YDL029W	YDL020C	0.989229						0.000000	5.000000	0.019132
YNL078W	YDL056W	0.989228						1.000000	5.000000	0.023824
YER091C	YLR451W	0.989224						0.000000	5.000000	0.025563
YLR414C	YMR037C	0.989222						1.000000	5.000000	0.027069
YMR107W	YGR249W	0.989219						0.000000	5.000000	0.024203
YDR145W	YDL106C	0.989215						1.000000	5.000000	0.023560
YBR036C	YNL216W	0.989207						1.000000	5.000000	0.026626
YLR448W	YPR104C	0.989177						1.000000	5.000000	0.024213
YOR182C	YHR178W	0.989177						1.000000	5.000000	0.025458
YDL072C	YPR104C	0.989161						1.000000	5.000000	0.025619
YDR353W	YMR037C	0.989148	0.000000	0.416667	0.126404	0.223577	0.193966	0.000000	5.000000	0.022644
YMR012W	YDL020C	0.989136						1.000000	5.000000	0.030177
YDL201W	YNL068C	0.989132						1.000000	5.000000	0.023957
YBR158W	YPR104C	0.989124						1.000000	5.000000	0.023343
YOL021C	YNL314W	0.989119						1.000000	5.000000	0.024603
YGL209W	YOR162C	0.989118						1.000000	5.000000	0.024202
YNL239W	YOR028C	0.989117						1.000000	5.000000	0.027616
YOR133W	YHR206W	0.989104						0.000000	5.000000	0.029521
YML030W	YKL109W	0.989101						0.000000	5.000000	0.022348
YIL057C	YHR084W	0.989095						1.000000	5.000000	0.024025
YOR064C	YOR028C	0.989084						1.000000	5.000000	0.022180
YBL099W	YHR206W	0.989080						1.000000	5.000000	0.023939
YER100W	YJR060W	0.989078						1.000000	5.000000	0.024434
YBR208C	YDR463W	0.989076						0.000000	-5.000000	0.025131
YBR078W	YNL216W	0.989044						1.000000	5.000000	0.027542
YDR254W	YDR253C	0.989043						1.000000	5.000000	0.024043
YOR220W	YNL027W	0.989041						1.000000	5.000000	0.025877
YOR285W	YNL103W	0.989036						0.000000	-5.000000	0.025989
YPL144W	YNL216W	0.989035						1.000000	5.000000	0.024340
YDL237W	YDL020C	0.989007						0.000000	5.000000	0.025337
YPR029C	YDR207C	0.989002						1.000000	5.000000	0.023126
YCL030C	YER040W	0.988995	0.000000	0.414747	0.126404	0.223026	0.193757	0.000000	5.000000	0.024907
YNL016W	YNL068C	0.988995						1.000000	5.000000	0.024238
YLR033W	YJR060W	0.988993						1.000000	5.000000	0.024723
YDL052C	YMR164C	0.988985						0.000000	-5.000000	0.024181
YOL101C	YAL051W	0.988982						1.000000	5.000000	0.022722
YGR183C	YBR083W	0.988979						1.000000	5.000000	0.023373
YOR074C	YDL056W	0.988969						1.000000	5.000000	0.024425
YIL056W	YGL073W	0.988965	0.000000	0.412844	0.126404	0.222479	0.193548	0.000000	5.000000	0.023818
YGL141W	YJR060W	0.988960						1.000000	5.000000	0.024546
YMR002W	YGL073W	0.988958						0.000000	5.000000	0.024481
YGL026C	YEL009C	0.988958	1.000000	0.415525	0.127809	0.224492	0.195489	0.000000	5.000000	0.022572
YEL027W	YEL009C	0.988954						0.000000	5.000000	0.023016
YGR284C	YMR037C	0.988946						1.000000	5.000000	0.020120
YIL118W	YJR060W	0.988944						1.000000	5.000000	0.025250
YIL148W	YOL028C	0.988942						0.000000	5.000000	0.024464
YER163C	YBR049C	0.988930						1.000000	5.000000	0.024551
YCL005W	YKL112W	0.988929						1.000000	5.000000	0.024496
YGR286C	YMR037C	0.988923						1.000000	5.000000	0.023225
YKL085W	YNL027W	0.988922						1.000000	5.000000	0.023837
YLR342W	YER111C	0.988912						1.000000	5.000000	0.025001
YBR039W	YGL013C	0.988902						1.000000	5.000000	0.024777
YMR308C	YJR060W	0.988902						1.000000	5.000000	0.023381
YER048C	YOR028C	0.988900						1.000000	5.000000	0.024544
YHL033C	YHR006W	0.988891	0.000000	0.413636	0.127809	0.223947	0.195279	0.000000	-5.000000	0.023629
YBL059C-A	YKL109W	0.988890						0.000000	5.000000	0.022990
YML087C	YKL109W	0.988888						0.000000	5.000000	0.023821
YLL039C	YOL108C	0.988885	0.000000	0.411765	0.127809	0.223405	0.195070	0.000000	5.000000	0.023131
YNL192W	YMR037C	0.988885						1.000000	5.000000	0.024371
YBR221C	YBL021C	0.988876						0.000000	-5.000000	0.022197
YCR017C	YBR083W	0.988876						1.000000	5.000000	0.023714
YOR086C	YBR083W	0.988869						1.000000	5.000000	0.024655
YGL121C	YOR028C	0.988855						0.000000	5.000000	0.022385
YML128C	YOR028C	0.988840						0.000000	5.000000	0.021821
YPR035W	YDR259C	0.988836						0.000000	5.000000	0.022504
YIL062C	YDL020C	0.988827						0.000000	5.000000	0.024182
YKL156W	YIL131C	0.988825						1.000000	5.000000	0.023855
YLR406C	YNL027W	0.988824	0.000000	0.409910	0.127809	0.222866	0.194861	0.000000	-5.000000	0.023714
YLR327C	YMR016C	0.988823	0.000000	0.408072	0.127809	0.222331	0.194652	0.000000	5.000000	0.022485
YLL024C	YBR049C	0.988822						0.000000	5.000000	0.025776
YMR125W	YIL036W	0.988818						1.000000	5.000000	0.023928
YBL092W	YOR162C	0.988817						1.000000	5.000000	0.023110
YKL145W	YKL032C	0.988813						1.000000	5.000000	0.023896
YER002W	YFL021W	0.988805						1.000000	5.000000	0.023019
YDR242W	YEL009C	0.988776						1.000000	5.000000	0.024248
YIL126W	YJR060W	0.988769						1.000000	5.000000	0.023034
YDL229W	YDL106C	0.988763						0.000000	5.000000	0.023053
YMR307W	YMR037C	0.988757						1.000000	5.000000	0.025144
YMR039C	YGL073W	0.988750						0.000000	5.000000	0.023446
YHR113W	YJR060W	0.988745						1.000000	5.000000	0.019668
YJL042W	YMR037C	0.988739						1.000000	5.000000	0.023562
YGL038C	YER111C	0.988736						1.000000	5.000000	0.023454
YJL161W	YGL013C	0.988735						1.000000	5.000000	0.023764
YPR113W	YIL101C	0.988727						1.000000	5.000000	0.023783
YNL287W	YBR083W	0.988711						1.000000	5.000000	0.023334
YOR173W	YOR028C	0.988709	0.000000	0.406250	0.127809	0.221799	0.194444	0.000000	5.000000	0.021819
YBR086C	YKR099W	0.988706						1.000000	5.000000	0.023222
YGL123W	YNL216W	0.988705						1.000000	5.000000	0.022866
YJL167W	YOL108C	0.988702						1.000000	5.000000	0.023482
YDR070C	YHR084W	0.988701						0.000000	5.000000	0.024419
YDR028C	YHL027W	0.988696						1.000000	5.000000	0.022963
YOL002C	YOR363C	0.988695						1.000000	5.000000	0.027908
YKL060C	YMR037C	0.988693						1.000000	5.000000	0.023110
YPR103W	YJR060W	0.988688						1.000000	5.000000	0.021725
YLR301W	YDR253C	0.988678						1.000000	5.000000	0.021736
YBR286W	YJR060W	0.988668						1.000000	5.000000	0.029171
YBR196C	YOR162C	0.988661						0.000000	5.000000	0.023476
YJR139C	YEL009C	0.988654						0.000000	5.000000	0.024312
YKL110C	YNL068C	0.988654						1.000000	5.000000	0.022492
YMR258C	YML007W	0.988637						1.000000	5.000000	0.023950
YMR118C	YMR172W	0.988626						0.000000	5.000000	0.022775
YER177W	YJR060W	0.988626						1.000000	5.000000	0.022874
YOL032W	YGL073W	0.988625						0.000000	5.000000	0.023937
YGR028W	YMR037C	0.988618						1.000000	5.000000	0.023450
YML012W	YMR037C	0.988610						0.000000	5.000000	0.024426
YDR384C	YMR280C	0.988606						1.000000	5.000000	0.023663
YGR183C	YKR099W	0.988605						1.000000	5.000000	0.022711
YLR292C	YGL237C	0.988601						1.000000	5.000000	0.023964
YNL080C	YJR060W	0.988595						1.000000	5.000000	0.022440
YBL075C	YMR172W	0.988592						0.000000	5.000000	0.022180
YOL012C	YJR060W	0.988578						1.000000	5.000000	0.026609
YJL177W	YIL131C	0.988577						1.000000	5.000000	0.023077
YIL114C	YHR206W	0.988576						1.000000	5.000000	0.023105
YMR107W	YHR084W	0.988571	0.000000	0.404444	0.127809	0.221271	0.194237	0.000000	5.000000	0.022379
YJL052W	YJL056C	0.988568						0.000000	5.000000	0.022972
YDR293C	YMR037C	0.988563						1.000000	5.000000	0.023140
YEL021W	YNL216W	0.988552						1.000000	5.000000	0.023302
YIR034C	YDR259C	0.988551						0.000000	5.000000	0.023658
YOR293W	YNL216W	0.988549						1.000000	5.000000	0.023484
YCL018W	YKL062W	0.988546						1.000000	5.000000	0.022343
YCL001W	YMR037C	0.988540						0.000000	5.000000	0.023022
YBR230C	YGL073W	0.988532						0.000000	5.000000	0.028270
YGL147C	YOR162C	0.988529						1.000000	5.000000	0.022202
YGR157W	YDR253C	0.988526						1.000000	5.000000	0.023529
YAL012W	YJR060W	0.988524						1.000000	5.000000	0.025062
YKL096W-A	YCR065W	0.988522						0.000000	5.000000	0.022888
YDL135C	YDL020C	0.988511						0.000000	5.000000	0.030622
YMR195W	YEL009C	0.988504						1.000000	5.000000	0.023650
YOR202W	YEL009C	0.988504						1.000000	5.000000	0.022058
YML081C-A	YGL237C	0.988467						0.000000	5.000000	0.021960
YBL039C	YKL112W	0.988463						1.000000	5.000000	0.025773
YFR017C	YML007W	0.988461	0.000000	0.402655	0.127809	0.220747	0.194030	0.000000	5.000000	0.024837
YER071C	YJR060W	0.988456						1.000000	5.000000	0.022758
YCR010C	YAL051W	0.988453						1.000000	5.000000	0.022658
YNL149C	YKL112W	0.988450						1.000000	5.000000	0.022138
YPL170W	YBR083W	0.988441						1.000000	5.000000	0.024523
YBR153W	YDL020C	0.988439						1.000000	5.000000	0.023839
YKL152C	YOL116W	0.988427	0.000000	0.400881	0.127809	0.220226	0.193823	0.000000	-5.000000	0.022916
YDL084W	YBR049C	0.988423						0.000000	5.000000	0.023249
YPL221W	YNL027W	0.988422						1.000000	5.000000	0.022063
YDR041W	YML027W	0.988419						1.000000	5.000000	0.023152
YGL147C	YNL216W	0.988414						1.000000	5.000000	0.024308
YLR390W	YKL109W	0.988411						0.000000	5.000000	0.022389
YOR185C	YOR028C	0.988409						0.000000	5.000000	0.022133
YLL050C	YDL020C	0.988400						0.000000	5.000000	0.022304
YLR027C	YEL009C	0.988391	1.000000	0.403509	0.129213	0.222214	0.195745	0.000000	5.000000	0.021381
YNL002C	YHR006W	0.988390						0.000000	-5.000000	0.022332
YGL001C	YDL020C	0.988386						1.000000	5.000000	0.023213
YIR031C	YDR463W	0.988375	0.000000	0.401747	0.129213	0.221694	0.195537	0.000000	-5.000000	0.022258
YEL001C	YJR060W	0.988374						1.000000	5.000000	0.023078
YMR062C	YER040W	0.988369	0.000000	0.400000	0.129213	0.221177	0.195329	0.000000	5.000000	0.020444
YML087C	YER184C	0.988366						0.000000	5.000000	0.022949
YGL226W	YHR084W	0.988365						1.000000	5.000000	0.022348
YDL184C	YIL131C	0.988363						1.000000	5.000000	0.023266
YER088C	YMR037C	0.988352						1.000000	5.000000	0.023287
YKL007W	YPL202C	0.988351						0.000000	-5.000000	0.023242
YGR198W	YEL009C	0.988351						1.000000	5.000000	0.022271
YIL160C	YDR216W	0.988344						1.000000	5.000000	0.024905
YBR104W	YEL009C	0.988340						1.000000	5.000000	0.021307
YHL048W	YGL013C	0.988339						1.000000	5.000000	0.022119
YER124C	YDR146C	0.988335	0.000000	0.398268	0.129213	0.220664	0.195122	0.000000	5.000000	0.021519
YMR002W	YOL108C	0.988333						0.000000	5.000000	0.024669
YPL223C	YHR084W	0.988331						1.000000	5.000000	0.021515
YBR082C	YJR060W	0.988325	0.000000	0.396552	0.129213	0.220154	0.194915	0.000000	5.000000	0.023640
YDL140C	YDL020C	0.988303						1.000000	5.000000	0.022040
YLR409C	YDL106C	0.988299						0.000000	5.000000	0.025447
YBR158W	YGL013C	0.988296						1.000000	5.000000	0.021803
YNL168C	YIL101C	0.988292						1.000000	5.000000	0.021995
YGR076C	YKL109W	0.988287						0.000000	5.000000	0.020941
YGR234W	YPR065W	0.988287						1.000000	5.000000	0.025360
YDR099W	YOL108C	0.988281						0.000000	5.000000	0.021477
YDR244W	YAL051W	0.988280						1.000000	5.000000	0.022570
YDR384C	YKL112W	0.988251						1.000000	5.000000	0.022894
YGL135W	YPR104C	0.988251	0.000000	0.394850	0.129213	0.219647	0.194709	0.000000	5.000000	0.028749
YIL046W	YNL103W	0.988248						1.000000	5.000000	0.022077
YJR133W	YDR123C	0.988244						1.000000	5.000000	0.023331
YCL064C	YNL103W	0.988236	0.000000	0.393162	0.129213	0.219143	0.194503	0.000000	-5.000000	0.022766
YOR201C	YEL009C	0.988225						1.000000	5.000000	0.021581
YNL289W	YDL056W	0.988213						1.000000	5.000000	0.024954
YGL026C	YMR037C	0.988206	0.000000	0.391489	0.129213	0.218643	0.194298	0.000000	5.000000	0.021730
YBR036C	YMR043W	0.988206						1.000000	5.000000	0.023167
YJL210W	YFL021W	0.988200						1.000000	5.000000	0.023140
YNL209W	YHR124W	0.988195						0.000000	5.000000	0.017745
YBR067C	YLR176C	0.988195	0.000000	0.389831	0.129213	0.218145	0.194093	0.000000	-5.000000	0.021412
YER024W	YOL067C	0.988193						0.000000	5.000000	0.019130
YDR533C	YML007W	0.988188						1.000000	5.000000	0.020357
YDL111C	YPR104C	0.988187						0.000000	5.000000	0.023633
YDR224C	YML027W	0.988184						0.000000	5.000000	0.020525
YKL110C	YJR060W	0.988177						1.000000	5.000000	0.021633
YKL142W	YOL108C	0.988174						0.000000	5.000000	0.026167
YGL200C	YDL056W	0.988171						0.000000	5.000000	0.022142
YIL115C	YJR060W	0.988152						1.000000	5.000000	0.021448
YPL154C	YOR028C	0.988149						0.000000	5.000000	0.027949
YBR050C	YKL062W	0.988143						1.000000	5.000000	0.020828
YDL070W	YOR162C	0.988140						1.000000	5.000000	0.022949
YJR010W	YPL038W	0.988135						0.000000	5.000000	0.021008
YBR048W	YEL009C	0.988127						1.000000	5.000000	0.022102
YBR162C	YDL056W	0.988118						0.000000	5.000000	0.023818
YLR109W	YMR037C	0.988118	0.000000	0.388186	0.129213	0.217651	0.193888	0.000000	5.000000	0.021526
YPL059W	YDL020C	0.988114						0.000000	5.000000	0.022505
YOR236W	YIL131C	0.988113						1.000000	5.000000	0.022042
YPL223C	YML027W	0.988105						0.000000	-5.000000	0.021862
YNL142W	YKR034W	0.988103						0.000000	5.000000	0.021868
YNL036W	YGL073W	0.988084						0.000000	5.000000	0.022498
YPR145W	YJR147W	0.988083						0.000000	5.000000	0.022308
YCR003W	YKL112W	0.988081						1.000000	5.000000	0.021853
YLR110C	YPR104C	0.988076						1.000000	5.000000	0.022068
YER067W	YML007W	0.988070						1.000000	5.000000	0.021894
YPL163C	YER111C	0.988068	0.000000	0.386555	0.129213	0.217159	0.193684	0.000000	5.000000	0.022337
YJL166W	YGL073W	0.988067						0.000000	5.000000	0.020184
YJL012C	YJR060W	0.988056						1.000000	5.000000	0.022365
YOR236W	YKL020C	0.988055						0.000000	-5.000000	0.021780
YKR042W	YHR206W	0.988051						1.000000	5.000000	0.021934
YMR024W	YMR037C	0.988042						1.000000	5.000000	0.020830
YCL064C	YOL089C	0.988040						0.000000	-5.000000	0.020526
YER120W	YMR037C	0.988035	0.000000	0.384937	0.129213	0.216671	0.193481	0.000000	5.000000	0.018587
YER043C	YHR206W	0.988025						0.000000	5.000000	0.021405
YBR050C	YGL073W	0.988016						1.000000	5.000000	0.020803
YGL087C	YDL020C	0.987984						0.000000	5.000000	0.019704
YOR099W	YJR060W	0.987984						1.000000	5.000000	0.020202
YGR214W	YDR253C	0.987975						1.000000	5.000000	0.021104
YGL008C	YER040W	0.987967						1.000000	5.000000	0.021900
YML072C	YML027W	0.987966						0.000000	5.000000	0.021022
YNL008C	YMR037C	0.987965						1.000000	5.000000	0.022418
YPL111W	YKR034W	0.987963						0.000000	5.000000	0.024830
YGR146C	YPR065W	0.987963						1.000000	5.000000	0.021517
YOR095C	YHR124W	0.987955						1.000000	5.000000	0.020792
YGR186W	YEL009C	0.987945						1.000000	5.000000	0.023063
YPL095C	YOR363C	0.987939						1.000000	5.000000	0.021467
YER006W	YHR006W	0.987917						0.000000	-5.000000	0.020405
Q0130	YKL109W	0.987909						0.000000	5.000000	0.022635
YDL133C-A	YNL216W	0.987906						1.000000	5.000000	0.020228
YDL169C	YMR037C	0.987902						1.000000	5.000000	0.024212
YDR155C	YOL028C	0.987900						0.000000	5.000000	0.021222
YIL017C	YJR060W	0.987898						1.000000	5.000000	0.020487
YML074C	YJR060W	0.987876						0.000000	5.000000	0.020305
YPL112C	YAL051W	0.987876						1.000000	5.000000	0.021448
YKR001C	YJR060W	0.987872						1.000000	5.000000	0.020388
YMR029C	YOL108C	0.987863						1.000000	5.000000	0.021016
YKR091W	YMR021C	0.987857						0.000000	5.000000	0.017485
YKL008C	YKL062W	0.987848						1.000000	5.000000	0.021441
YJL088W	YLR451W	0.987847	0.000000	0.383333	0.129213	0.216186	0.193277	0.000000	5.000000	0.021525
YGR285C	YBR049C	0.987840						0.000000	5.000000	0.019466
YPL215W	YNL167C	0.987838						1.000000	5.000000	0.021406
YJL172W	YBL103C	0.987825						0.000000	5.000000	0.023130
YHR208W	YHR124W	0.987809						1.000000	5.000000	0.022058
YPL230W	YDR216W	0.987804						1.000000	5.000000	0.019298
YKL182W	YNL216W	0.987795						1.000000	5.000000	0.018894
YMR108W	YGL073W	0.987792						1.000000	5.000000	0.022428
YDR086C	YKL032C	0.987781						1.000000	5.000000	0.021586
YGR295C	YER111C	0.987761						1.000000	5.000000	0.021337
YDR447C	YIL131C	0.987758						1.000000	5.000000	0.021637
YIL051C	YOL089C	0.987754						0.000000	-5.000000	0.020769
YHR023W	YEL009C	0.987750						1.000000	5.000000	0.021441
YIL026C	YKL185W	0.987743						0.000000	5.000000	0.021772
YJL042W	YGL013C	0.987739						1.000000	5.000000	0.021759
YGR060W	YJR060W	0.987738						1.000000	5.000000	0.021121
YGR157W	YOL108C	0.987733						1.000000	5.000000	0.020144
YBR067C	YML007W	0.987732	0.000000	0.381743	0.129213	0.215703	0.193075	0.000000	5.000000	0.022060
YKR067W	YKL062W	0.987732						1.000000	5.000000	0.022755
YHR162W	YEL009C	0.987725	1.000000	0.384298	0.130618	0.217657	0.194969	0.000000	5.000000	0.021191
YGL062W	YKL109W	0.987723						0.000000	5.000000	0.020253
YCR011C	YJR060W	0.987722						1.000000	5.000000	0.019293
YJR118C	YMR037C	0.987721						1.000000	5.000000	0.019959
YNL142W	YBL103C	0.987720						0.000000	5.000000	0.020822
YLR390W-A	YDL020C	0.987706						0.000000	5.000000	0.020483
YOR362C	YDL020C	0.987699						0.000000	5.000000	0.024378
YGR279C	YOR162C	0.987696						1.000000	5.000000	0.021696
YOR155C	YDL020C	0.987695						0.000000	5.000000	0.020605
YFR037C	YHL027W	0.987685						1.000000	5.000000	0.021770
YOR130C	YER040W	0.987673						0.000000	5.000000	0.019722
YDL208W	YNL068C	0.987673						0.000000	5.000000	0.021228
YNR016C	YDR123C	0.987665						1.000000	5.000000	0.019869
YDL046W	YOL108C	0.987664						0.000000	5.000000	0.020027
YLL050C	YMR037C	0.987659						0.000000	5.000000	0.021136
YBR254C	YEL009C	0.987656						1.000000	5.000000	0.021222
YBL018C	YKL032C	0.987637						1.000000	5.000000	0.019648
YER095W	YDL020C	0.987633						1.000000	5.000000	0.021968
YDR066C	YDL020C	0.987627						1.000000	5.000000	0.020814
YEL071W	YDR213W	0.987617						0.000000	5.000000	0.020567
YMR174C	YHR084W	0.987580						1.000000	5.000000	0.020730
YEL026W	YNL027W	0.987577						0.000000	-5.000000	0.020850
YNL096C	YHR124W	0.987572						0.000000	5.000000	0.044576
YEL055C	YPR104C	0.987570						1.000000	5.000000	0.020495
YPR166C	YKL109W	0.987569						0.000000	5.000000	0.020713
YPL270W	YEL009C	0.987565						1.000000	5.000000	0.020923
YCR028C-A	YJR060W	0.987563						0.000000	5.000000	0.018374
YJL159W	YGL013C	0.987555	0.000000	0.382716	0.130618	0.217175	0.194764	0.000000	5.000000	0.019687
YDR242W	YER040W	0.987548						0.000000	5.000000	0.020138
YJR048W	YGL237C	0.987548						1.000000	5.000000	0.021089
YDR331W	YOR162C	0.987539						1.000000	5.000000	0.021499
YOL086C	YFL021W	0.987527						0.000000	5.000000	0.020337
YNR016C	YMR037C	0.987526						1.000000	5.000000	0.021193
YFL039C	YMR037C	0.987526						0.000000	5.000000	0.020859
YMR173W	YIL101C	0.987521						1.000000	5.000000	0.020936
YJR139C	YDR253C	0.987520						1.000000	5.000000	0.021703
YDL095W	YDL020C	0.987506						1.000000	5.000000	0.026415
YDR385W	YHR206W	0.987500						0.000000	5.000000	0.020848
YOR096W	YDR253C	0.987489						1.000000	5.000000	0.020402
YDR510W	YOR028C	0.987489						1.000000	5.000000	0.019948
YOL109W	YGL073W	0.987489						1.000000	5.000000	0.016796
YHR089C	YNL068C	0.987486						0.000000	5.000000	0.020661
YOR212W	YKL032C	0.987479						1.000000	5.000000	0.020647
YGR028W	YHR084W	0.987473						1.000000	5.000000	0.022137
YLR027C	YDL020C	0.987473	0.000000	0.381148	0.130618	0.216696	0.194561	0.000000	5.000000	0.020634
YMR083W	YJR060W	0.987472						1.000000	5.000000	0.020857
YBR222C	YHL027W	0.987470						0.000000	5.000000	0.019550
YKL054C	YDL020C	0.987468						1.000000	5.000000	0.020975
YNL064C	YNL027W	0.987459						0.000000	-5.000000	0.019222
YMR186W	YHR206W	0.987458	0.000000	0.379592	0.130618	0.216221	0.194357	0.000000	5.000000	0.023152
YBR151W	YOR162C	0.987450						1.000000	5.000000	0.018010
YBR044C	YMR037C	0.987448						1.000000	5.000000	0.020231
YPL111W	YDR207C	0.987440	0.000000	0.378049	0.130618	0.215748	0.194154	0.000000	5.000000	0.020609
YLL018C	YHR206W	0.987439						1.000000	5.000000	0.020505
YPL234C	YMR037C	0.987421						0.000000	5.000000	0.022131
YCL025C	YER040W	0.987421	0.000000	0.376518	0.130618	0.215278	0.193952	0.000000	5.000000	0.020333
YLR058C	YKR099W	0.987411	1.000000	0.379032	0.132022	0.217214	0.195833	0.000000	5.000000	0.020039
YPR065W	YGL073W	0.987408						0.000000	5.000000	0.018997
YIL041W	YDL020C	0.987403						0.000000	5.000000	0.020795
YBR121C	YBR049C	0.987403						0.000000	5.000000	0.019522
YOL111C	YJR060W	0.987394						1.000000	5.000000	0.019568
YBR067C	YGR249W	0.987372						0.000000	5.000000	0.019847
YML078W	YOL089C	0.987371						0.000000	-5.000000	0.020796
YGR209C	YJR147W	0.987367						0.000000	5.000000	0.021302
YGR108W	YMR043W	0.987356						1.000000	5.000000	0.020767
YHR103W	YJR060W	0.987349						1.000000	5.000000	0.020342
YDR418W	YIL131C	0.987341						1.000000	5.000000	0.021238
YFL045C	YKL062W	0.987340						0.000000	-5.000000	0.022625
YKR067W	YMR037C	0.987340						1.000000	5.000000	0.020791
YPL111W	YDR463W	0.987336	0.000000	0.377510	0.132022	0.216744	0.195630	0.000000	-5.000000	0.020745
YGR084C	YPL075W	0.987328						1.000000	5.000000	0.019113
YJL177W	YPR104C	0.987319						1.000000	5.000000	0.019946
YDL133C-A	YDR421W	0.987314						0.000000	5.000000	0.021386
YJL167W	YDR123C	0.987310						1.000000	5.000000	0.021505
YER163C	YDL020C	0.987309						1.000000	5.000000	0.020986
YKR042W	YEL009C	0.987298						1.000000	5.000000	0.015989
YDR502C	YHR206W	0.987296						0.000000	5.000000	0.021779
YDR155C	YDR451C	0.987284						0.000000	5.000000	0.020432
YBL003C	YGR249W	0.987281						0.000000	5.000000	0.020272
YBL064C	YOL108C	0.987270						0.000000	5.000000	0.018440
YKR065C	YDL020C	0.987268						0.000000	5.000000	0.021376
YOR086C	YJR060W	0.987261						1.000000	5.000000	0.024300
YOL151W	YGL073W	0.987260						0.000000	5.000000	0.019994
YKL210W	YDL020C	0.987258						1.000000	5.000000	0.021677
YPR103W	YPR104C	0.987250						1.000000	5.000000	0.020286
YGR078C	YGL071W	0.987242						1.000000	5.000000	0.020796
YBL091C	YJR060W	0.987238						0.000000	5.000000	0.019560
YKL098W	YKL043W	0.987232						1.000000	5.000000	0.020169
YPR149W	YKL185W	0.987230						0.000000	-5.000000	0.020833
YDR353W	YDR451C	0.987228	0.000000	0.376000	0.132022	0.216278	0.195426	0.000000	5.000000	0.019961
YNL160W	YML007W	0.987226						1.000000	5.000000	0.021210
YLR367W	YPR104C	0.987213						1.000000	5.000000	0.020097
YLL023C	YGL073W	0.987211						1.000000	5.000000	0.020056
YKL217W	YML007W	0.987210	0.000000	0.374502	0.132022	0.215814	0.195223	0.000000	5.000000	0.020270
YLR250W	YDL020C	0.987193						0.000000	5.000000	0.019409
YOR122C	YEL009C	0.987193						0.000000	5.000000	0.019575
YKL096W-A	YGR249W	0.987192						0.000000	-5.000000	0.018992
YPL127C	YNL216W	0.987187						1.000000	5.000000	0.017858
YDR144C	YIR017C	0.987186						1.000000	5.000000	0.020177
YLR043C	YMR037C	0.987182						0.000000	5.000000	0.018900
YHR162W	YHR206W	0.987181	0.000000	0.373016	0.132022	0.215352	0.195021	0.000000	5.000000	0.021579
YAL044C	YOL089C	0.987176						0.000000	-5.000000	0.020250
YDR381W	YJR060W	0.987172						0.000000	5.000000	0.019320
YPL177C	YNL167C	0.987161						1.000000	5.000000	0.019943
YIL155C	YKL109W	0.987159						0.000000	5.000000	0.020872
YIL105C	YGL073W	0.987156						0.000000	5.000000	0.020430
YGR282C	YHR206W	0.987156						0.000000	5.000000	0.020637
YOR084W	YMR037C	0.987151						1.000000	5.000000	0.019400
YGR295C	YGL013C	0.987144						1.000000	5.000000	0.020086
YIR037W	YOR028C	0.987140						0.000000	5.000000	0.018747
YNL117W	YGL237C	0.987136						0.000000	5.000000	0.019290
YMR199W	YKL185W	0.987130	0.000000	0.371542	0.132022	0.214894	0.194819	0.000000	5.000000	0.020481
YNL239W	YMR037C	0.987122						1.000000	5.000000	0.021296
YIL010W	YDL020C	0.987120						0.000000	5.000000	0.018751
YLR153C	YOR363C	0.987119						1.000000	5.000000	0.020314
YML101C	YDL056W	0.987102						1.000000	5.000000	0.019827
YBR069C	YHR124W	0.987101						1.000000	5.000000	0.020265
YLR384C	YJR060W	0.987099						1.000000	5.000000	0.019795
YOR340C	YHR124W	0.987098						1.000000	5.000000	0.021338
YEL011W	YAL051W	0.987097						1.000000	5.000000	0.018833
YOR109W	YEL009C	0.987083						1.000000	5.000000	0.018512
YNL094W	YJR060W	0.987077						1.000000	5.000000	0.019593
YKL026C	YJL056C	0.987066						0.000000	5.000000	0.020339
YMR250W	YOR028C	0.987058	0.000000	0.370079	0.132022	0.214438	0.194617	0.000000	5.000000	0.018837
YKR039W	YKR034W	0.987054						0.000000	-5.000000	0.024509
YOR153W	YOR162C	0.987052						1.000000	5.000000	0.021012
YER165W	YBR049C	0.987045						0.000000	5.000000	0.020666
YGR279C	YHR206W	0.987044						1.000000	5.000000	0.019798
YIL123W	YER111C	0.987038						1.000000	5.000000	0.019648
YIL158W	YNL068C	0.987037						1.000000	5.000000	0.019601
YGR180C	YEL009C	0.987028	0.000000	0.368627	0.132022	0.213984	0.194416	0.000000	5.000000	0.017079
YCR012W	YMR037C	0.987025	0.000000	0.367188	0.132022	0.213534	0.194215	0.000000	5.000000	0.019841
YMR096W	YEL009C	0.987025						1.000000	5.000000	0.019230
YNL241C	YBR083W	0.987023						1.000000	5.000000	0.019972
YOR227W	YMR037C	0.987023						1.000000	5.000000	0.018250
YDR399W	YHR006W	0.987023						0.000000	-5.000000	0.020113
YNL079C	YDL020C	0.987016						0.000000	5.000000	0.020439
YDR516C	YKL032C	0.987010	0.000000	0.365759	0.132022	0.213086	0.194014	0.000000	5.000000	0.018066
YOR220W	YAL051W	0.987009						1.000000	5.000000	0.020696
YKL187C	YDR216W	0.987006	1.000000	0.368217	0.133427	0.214997	0.195876	0.000000	5.000000	0.022716
YGL105W	YBR049C	0.986982						0.000000	5.000000	0.021204
YJR016C	YLR451W	0.986975	1.000000	0.370656	0.134831	0.216901	0.197734	0.000000	5.000000	0.019482
YOR286W	YMR037C	0.986969						1.000000	5.000000	0.019387
YEL017C-A	YNL216W	0.986964						1.000000	5.000000	0.018710
YIL121W	YKL032C	0.986963						1.000000	5.000000	0.020658
YDR151C	YDL020C	0.986960						1.000000	5.000000	0.019455
YLR304C	YJR060W	0.986957						1.000000	5.000000	0.019513
YGR043C	YOR028C	0.986945						1.000000	5.000000	0.019500
YDR099W	YBL021C	0.986945						0.000000	-5.000000	0.021680
YAR018C	YKR099W	0.986943						1.000000	5.000000	0.018964
YBR296C	YIL036W	0.986938						0.000000	5.000000	0.020378
YML078W	YDL020C	0.986937						0.000000	5.000000	0.019349
YJL217W	YMR037C	0.986936						1.000000	5.000000	0.019516
YGR157W	YGL073W	0.986927						1.000000	5.000000	0.018672
YLR284C	YAL051W	0.986926						1.000000	5.000000	0.021384
YNL157W	YGL073W	0.986923						0.000000	5.000000	0.021779
YBR256C	YER040W	0.986915						0.000000	5.000000	0.020179
YJR063W	YKL112W	0.986910						1.000000	5.000000	0.019214
YER043C	YJR060W	0.986909						1.000000	5.000000	0.015659
YBR196C	YPL075W	0.986908	1.000000	0.373077	0.136236	0.218799	0.199588	0.000000	5.000000	0.019656
YLR380W	YGL071W	0.986905						1.000000	5.000000	0.019686
YOR316C	YNL216W	0.986902						1.000000	5.000000	0.018607
YHR163W	YEL009C	0.986900						1.000000	5.000000	0.020116
YIL069C	YDL106C	0.986895						0.000000	5.000000	0.019429
YGL136C	YML007W	0.986888						1.000000	5.000000	0.018915
YLL045C	YOR162C	0.986885						1.000000	5.000000	0.019468
YOL030W	YHR206W	0.986883						0.000000	5.000000	0.022002
YJL122W	YHR006W	0.986875						0.000000	-5.000000	0.019350
YLR299W	YHR084W	0.986869						1.000000	5.000000	0.019709
YBR294W	YLR451W	0.986868						0.000000	5.000000	0.018846
YFR017C	YOR028C	0.986861	0.000000	0.371648	0.136236	0.218348	0.199383	0.000000	5.000000	0.024397
YNL064C	YDL106C	0.986844						0.000000	5.000000	0.018520
YOL077C	YNL068C	0.986841						0.000000	5.000000	0.018736
YLR154W-C	YOL067C	0.986834						0.000000	5.000000	0.020450
YER166W	YML027W	0.986830						0.000000	5.000000	0.019226
YNL096C	YHR006W	0.986830	0.000000	0.370229	0.136236	0.217899	0.199179	0.000000	-5.000000	0.048207
YGR049W	YJR060W	0.986828						1.000000	5.000000	0.021780
YMR118C	YHR084W	0.986825						1.000000	5.000000	0.020275
YMR003W	YER111C	0.986825						0.000000	5.000000	0.022134
YOL058W	YHR206W	0.986816						1.000000	5.000000	0.018465
YGR082W	YJR060W	0.986814						0.000000	5.000000	0.020824
YDL075W	YKL043W	0.986804						0.000000	5.000000	0.018860
YDR171W	YKL020C	0.986802						0.000000	5.000000	0.019364
YDR388W	YDL020C	0.986788						0.000000	5.000000	0.018839
YOR236W	YML007W	0.986775						1.000000	5.000000	0.019227
YDR261C	YBR083W	0.986771						1.000000	5.000000	0.019128
YER035W	YOR162C	0.986768						1.000000	5.000000	0.019289
YOR136W	YMR037C	0.986760						1.000000	5.000000	0.019377
YMR276W	YDL020C	0.986759	1.000000	0.372624	0.137640	0.219786	0.201026	0.000000	5.000000	0.018372
YDL022W	YGL073W	0.986759						0.000000	5.000000	0.019231
YPL135W	YDR216W	0.986756						1.000000	5.000000	0.020915
YER178W	YOL089C	0.986755						0.000000	-5.000000	0.018404
YAR018C	YML027W	0.986754						1.000000	5.000000	0.018767
YIL076W	YOR162C	0.986753						1.000000	5.000000	0.019220
YPL015C	YMR037C	0.986745						1.000000	5.000000	0.019879
YDR071C	YGL073W	0.986743						1.000000	5.000000	0.019198
YGR132C	YOL108C	0.986739						0.000000	5.000000	0.018063
YKR056W	YPR104C	0.986737						1.000000	5.000000	0.019034
YPR036W	YMR037C	0.986733						1.000000	5.000000	0.016908
YEL012W	YGL073W	0.986716						0.000000	5.000000	0.019189
YNL138W	YDL020C	0.986714						0.000000	5.000000	0.017770
YER053C	YOR028C	0.986712	0.000000	0.371212	0.137640	0.219338	0.200820	0.000000	5.000000	0.019686
YGL030W	YPR104C	0.986711						1.000000	5.000000	0.019915
YPL234C	YEL009C	0.986704						0.000000	5.000000	0.020595
YPL170W	YOR028C	0.986703						1.000000	5.000000	0.023766
YBR183W	YGL073W	0.986702	0.000000	0.369811	0.137640	0.218892	0.200614	0.000000	5.000000	0.020099
YLR045C	YER111C	0.986700						1.000000	5.000000	0.019678
YNL274C	YHR178W	0.986697						1.000000	5.000000	0.020019
YPL001W	YJR060W	0.986692						1.000000	5.000000	0.019061
YKR093W	YER040W	0.986688	0.000000	0.368421	0.137640	0.218448	0.200409	0.000000	5.000000	0.017994
YJL002C	YDL020C	0.986682						1.000000	5.000000	0.018660
YGR253C	YKL062W	0.986676						1.000000	5.000000	0.020099
YOR326W	YMR037C	0.986673						1.000000	5.000000	0.018494
YDR254W	YJR060W	0.986660						1.000000	5.000000	0.018751
YDR070C	YAL051W	0.986657						0.000000	5.000000	0.016392
YHR099W	YJR060W	0.986639						1.000000	5.000000	0.019050
YKR081C	YHR006W	0.986628						0.000000	-5.000000	0.019671
YAR002C-A	YMR037C	0.986627						0.000000	5.000000	0.019953
YER056C-A	YNL216W	0.986627						1.000000	5.000000	0.018830
YGR085C	YDL106C	0.986624						0.000000	5.000000	0.018712
YJL158C	YOR162C	0.986618						1.000000	5.000000	0.019505
YGR034W	YPR104C	0.986615						1.000000	5.000000	0.019012
YLR270W	YOL108C	0.986611						0.000000	5.000000	0.020599
YLR370C	YDL020C	0.986602						0.000000	5.000000	0.021885
YOR120W	YHR178W	0.986593						1.000000	5.000000	0.021075
YCR002C	YIL101C	0.986584						1.000000	5.000000	0.018256
YIR006C	YOR344C	0.986578						1.000000	5.000000	0.018912
YDR119W-A	YOR028C	0.986575						0.000000	5.000000	0.019102
YIL148W	YPR065W	0.986569	0.000000	0.367041	0.137640	0.218007	0.200204	0.000000	5.000000	0.020472
YML052W	YPR104C	0.986566						1.000000	5.000000	0.021371
YPL028W	YIR017C	0.986562						0.000000	5.000000	0.020025
YGR204W	YNL216W	0.986561						1.000000	5.000000	0.018740
YOR317W	YOL108C	0.986554	0.000000	0.365672	0.137640	0.217569	0.200000	0.000000	5.000000	0.022069
YER165W	YKL112W	0.986546						0.000000	5.000000	0.020336
YOR332W	YEL009C	0.986543						0.000000	5.000000	0.017455
YPL111W	YNL103W	0.986539	0.000000	0.364312	0.137640	0.217132	0.199796	0.000000	-5.000000	0.018994
YNL220W	YEL009C	0.986538						1.000000	5.000000	0.017536
YJL112W	YHR084W	0.986535						1.000000	5.000000	0.019107
YFR033C	YGL237C	0.986535	0.000000	0.362963	0.137640	0.216698	0.199593	0.000000	5.000000	0.018740
YHR113W	YDR253C	0.986535						1.000000	5.000000	0.017945
YMR079W	YMR037C	0.986528						0.000000	5.000000	0.020492
YJL048C	YDR216W	0.986527						1.000000	5.000000	0.018409
YLR378C	YDR123C	0.986514						1.000000	5.000000	0.018675
YER052C	YEL009C	0.986508						1.000000	5.000000	0.018979
YER020W	YJR060W	0.986503						1.000000	5.000000	0.016938
YDR055W	YMR021C	0.986501	0.000000	0.361624	0.137640	0.216267	0.199390	0.000000	5.000000	0.018156
YDR334W	YDL020C	0.986501						1.000000	5.000000	0.018687
YKR066C	YHR206W	0.986499						1.000000	5.000000	0.018825
YJL096W	YML007W	0.986498						1.000000	5.000000	0.018337
YPL246C	YJR060W	0.986486						0.000000	5.000000	0.027794
YJL136C	YIL131C	0.986483	0.000000	0.360294	0.137640	0.215838	0.199187	0.000000	5.000000	0.019001
YPR025C	YMR037C	0.986481						1.000000	5.000000	0.019929
YLR447C	YJR060W	0.986460	0.000000	0.358974	0.137640	0.215411	0.198985	0.000000	5.000000	0.017377
YIL069C	YIL131C	0.986458						1.000000	5.000000	0.018535
YDL184C	YKL043W	0.986450						0.000000	5.000000	0.019782
YCR053W	YBR049C	0.986447						0.000000	5.000000	0.017255
YLR406C	YPL089C	0.986435	0.000000	0.357664	0.137640	0.214986	0.198783	0.000000	-5.000000	0.018707
YPL023C	YMR037C	0.986431						1.000000	5.000000	0.018676
YGR248W	YOR028C	0.986431	0.000000	0.356364	0.137640	0.214564	0.198582	0.000000	5.000000	0.018314
YIR033W	YGL237C	0.986425						1.000000	5.000000	0.018416
YLR327C	YHR084W	0.986423	0.000000	0.355072	0.137640	0.214144	0.198381	0.000000	5.000000	0.019105
YKL127W	YMR037C	0.986419						1.000000	5.000000	0.015051
YJL196C	YMR037C	0.986414						1.000000	5.000000	0.024115
YDR296W	YJR060W	0.986413						1.000000	5.000000	0.020008
YMR088C	YBR083W	0.986405						1.000000	5.000000	0.018075
YOR375C	YKR034W	0.986402						0.000000	5.000000	0.019684
YNL084C	YDL020C	0.986397						0.000000	5.000000	0.018383
YLR130C	YER040W	0.986381						1.000000	5.000000	0.018047
YGR233C	YFR034C	0.986377						1.000000	5.000000	0.018217
YLR314C	YHR124W	0.986373						1.000000	5.000000	0.018409
YEL065W	YML027W	0.986373						1.000000	5.000000	0.017241
YDL014W	YNL068C	0.986372						0.000000	5.000000	0.018338
YHR190W	YMR037C	0.986371						1.000000	5.000000	0.017654
YOL146W	YOR363C	0.986371						1.000000	5.000000	0.018199
YIL048W	YKL112W	0.986366						1.000000	5.000000	0.018966
YLR175W	YNL068C	0.986359						0.000000	5.000000	0.018275
YOL026C	YDL020C	0.986355						0.000000	5.000000	0.019048
YCL025C	YDR259C	0.986343						0.000000	5.000000	0.018068
YDR071C	YJR060W	0.986341						0.000000	5.000000	0.014960
YPL230W	YGL073W	0.986326						0.000000	5.000000	0.018557
YDR047W	YGL013C	0.986323						1.000000	5.000000	0.018478
YBR010W	YMR037C	0.986316	1.000000	0.357401	0.139045	0.216000	0.200202	0.000000	5.000000	0.018720
YBR185C	YGL237C	0.986315						0.000000	5.000000	0.018125
YMR157C	YKL109W	0.986315						0.000000	5.000000	0.019170
YBR177C	YDR123C	0.986314						1.000000	5.000000	0.018021
YAL054C	YMR016C	0.986302						1.000000	5.000000	0.017872
YPL081W	YHR006W	0.986294	0.000000	0.356115	0.139045	0.215581	0.200000	0.000000	-5.000000	0.014674
YIL136W	YHR084W	0.986290						1.000000	5.000000	0.018667
YPL252C	YEL009C	0.986288						1.000000	5.000000	0.017939
YDR384C	YHR178W	0.986279						1.000000	5.000000	0.018310
YNL301C	YHR006W	0.986279	0.000000	0.354839	0.139045	0.215163	0.199798	0.000000	-5.000000	0.020331
YOL052C-A	YKL062W	0.986274						1.000000	5.000000	0.017993
YDR077W	YHR206W	0.986270						1.000000	5.000000	0.018997
YJR122W	YOR028C	0.986268						1.000000	5.000000	0.020350
YJL190C	YNL027W	0.986266						0.000000	-5.000000	0.018106
YLR332W	YPL089C	0.986263						1.000000	5.000000	0.018768
YGL038C	YHR206W	0.986261						1.000000	5.000000	0.018278
YDL117W	YER111C	0.986253						0.000000	-5.000000	0.018160
YNL209W	YOR344C	0.986252						0.000000	5.000000	0.018113
YDR246W	YFL021W	0.986251						1.000000	5.000000	0.018486
YBR089C-A	YDL020C	0.986245						0.000000	5.000000	0.020412
YLR327C	YAL051W	0.986237	0.000000	0.353571	0.139045	0.214748	0.199597	0.000000	5.000000	0.018351
YOL020W	YHR124W	0.986234						1.000000	5.000000	0.018353
YER150W	YKL020C	0.986230						0.000000	5.000000	0.019073
YFR050C	YDL020C	0.986229	1.000000	0.355872	0.140449	0.216593	0.201410	0.000000	5.000000	0.017049
YDR098C	YOR162C	0.986222						1.000000	5.000000	0.017652
YER150W	YDR216W	0.986220						1.000000	5.000000	0.019098
YMR125W	YHR124W	0.986209						1.000000	5.000000	0.018496
YMR105C	YOL108C	0.986206						0.000000	5.000000	0.018705
YAL053W	YKR099W	0.986203						1.000000	5.000000	0.017867
YBR005W	YIL101C	0.986202						1.000000	5.000000	0.019030
YPL024W	YPR104C	0.986198						1.000000	5.000000	0.018531
YGR103W	YHR006W	0.986194						0.000000	-5.000000	0.018621
YMR120C	YLR451W	0.986188						0.000000	5.000000	0.018681
YDR457W	YMR037C	0.986182						1.000000	5.000000	0.016552
YML070W	YOL108C	0.986160						0.000000	5.000000	0.017059
YHL027W	YAL051W	0.986150						1.000000	5.000000	0.017795
YNR016C	YOL108C	0.986148						1.000000	5.000000	0.018431
YBL075C	YHR084W	0.986148						1.000000	5.000000	0.018127
YBL042C	YKL032C	0.986142						1.000000	5.000000	0.018287
YGR060W	YBR083W	0.986142						1.000000	5.000000	0.017088
YER050C	YGL237C	0.986138						0.000000	5.000000	0.017846
YLR389C	YMR037C	0.986135						1.000000	5.000000	0.018254
YMR031C	YMR037C	0.986124						1.000000	5.000000	0.017505
YBR145W	YER040W	0.986122	0.000000	0.354610	0.140449	0.216178	0.201207	0.000000	5.000000	0.018193
YFR025C	YEL009C	0.986108						1.000000	5.000000	0.020558
YGR221C	YGR249W	0.986105						1.000000	5.000000	0.017741
YGR232W	YDL020C	0.986102						0.000000	5.000000	0.019754
YDR001C	YJR060W	0.986096						1.000000	5.000000	0.020333
YJR130C	YEL009C	0.986096						1.000000	5.000000	0.016312
YCL064C	YIR023W	0.986091	0.000000	0.353357	0.140449	0.215765	0.201005	0.000000	5.000000	0.017804
YDR072C	YGL073W	0.986090						0.000000	5.000000	0.018667
YOR310C	YIL131C	0.986085						1.000000	5.000000	0.018392
YFR017C	YGL073W	0.986075	0.000000	0.352113	0.140449	0.215354	0.200803	0.000000	5.000000	0.018983
YNL220W	YJR060W	0.986069						1.000000	5.000000	0.022391
YDR034C	YEL009C	0.986063						1.000000	5.000000	0.017573
YGR159C	YDL106C	0.986049	0.000000	0.350877	0.140449	0.214945	0.200602	0.000000	5.000000	0.018446
YKL067W	YOR028C	0.986041						1.000000	5.000000	0.018562
YGL059W	YHR084W	0.986033						1.000000	5.000000	0.017925
YDR171W	YMR016C	0.986023	0.000000	0.349650	0.140449	0.214539	0.200401	0.000000	5.000000	0.018100
YMR260C	YNL314W	0.986017						0.000000	5.000000	0.018320
YPR008W	YHR084W	0.986012						1.000000	5.000000	0.019168
YER067W	YGL013C	0.986007						0.000000	5.000000	0.017544
YDR496C	YBR049C	0.986004						1.000000	5.000000	0.017156
YGL123W	YPR104C	0.986003						1.000000	5.000000	0.018787
YOR206W	YGL237C	0.986003						1.000000	5.000000	0.019182
YMR031C	YOR162C	0.985999						1.000000	5.000000	0.017837
YJL161W	YOR028C	0.985987						1.000000	5.000000	0.017430
YJL161W	YMR037C	0.985981						1.000000	5.000000	0.017654
YPL223C	YFL021W	0.985968						0.000000	-5.000000	0.018612
YLR197W	YHR124W	0.985967						0.000000	5.000000	0.018568
YCL035C	YOR028C	0.985955						0.000000	5.000000	0.017605
YMR238W	YMR037C	0.985950						0.000000	5.000000	0.019151
YPR065W	YNL167C	0.985949						1.000000	5.000000	0.018120
YLR303W	YLR451W	0.985949						0.000000	5.000000	0.019299
YLR304C	YOR028C	0.985948						1.000000	5.000000	0.017362
YOL097C	YHR124W	0.985947						0.000000	5.000000	0.016091
YGR142W	YDR310C	0.985924	0.000000	0.348432	0.140449	0.214134	0.200200	0.000000	5.000000	0.018299
YMR307W	YDL056W	0.985919						0.000000	5.000000	0.017855
YFR044C	YEL009C	0.985907						1.000000	5.000000	0.018273
YEL039C	YOR028C	0.985906						1.000000	5.000000	0.017320
YML101C	YHR206W	0.985906						1.000000	5.000000	0.017291
YGR240C	YMR037C	0.985893	0.000000	0.347222	0.140449	0.213732	0.200000	0.000000	5.000000	0.019369
YBR234C	YDL020C	0.985886						0.000000	5.000000	0.017691
YJL210W	YIR017C	0.985876						1.000000	5.000000	0.016867
YDR244W	YEL009C	0.985857						1.000000	5.000000	0.018139
YLR064W	YGL073W	0.985857						1.000000	5.000000	0.017911
YPL158C	YER111C	0.985855	0.000000	0.346021	0.140449	0.213331	0.199800	0.000000	-5.000000	0.018063
YDR406W	YMR037C	0.985854						1.000000	5.000000	0.017428
YGR037C	YJR147W	0.985853						0.000000	5.000000	0.018091
YKL104C	YMR037C	0.985851						1.000000	5.000000	0.022791
YNR033W	YJR060W	0.985846						1.000000	5.000000	0.017314
YJL148W	YLR403W	0.985841						1.000000	5.000000	0.023319
YEL026W	YPR104C	0.985839						0.000000	5.000000	0.017868
YOR020C	YOR028C	0.985836						1.000000	5.000000	0.017234
YEL007W	YBR083W	0.985834						1.000000	5.000000	0.017498
YJL164C	YML007W	0.985831						1.000000	5.000000	0.017065
YBR082C	YKL112W	0.985828	0.000000	0.344828	0.140449	0.212933	0.199601	0.000000	5.000000	0.017499
YMR272C	YOR162C	0.985826						1.000000	5.000000	0.016780
YMR110C	YML007W	0.985821						0.000000	5.000000	0.018078
YKL216W	YLR451W	0.985801						0.000000	5.000000	0.017577
YIL111W	YDR463W	0.985801	0.000000	0.343643	0.140449	0.212536	0.199402	0.000000	-5.000000	0.018956
YNL001W	YFL021W	0.985794						1.000000	5.000000	0.017970
YGR230W	YJR060W	0.985786						1.000000	5.000000	0.017827
YHL048W	YNL216W	0.985786						1.000000	5.000000	0.018658
YDL130W	YKL062W	0.985781	0.000000	0.342466	0.140449	0.212142	0.199203	0.000000	-5.000000	0.017215
YCL038C	YEL009C	0.985769						1.000000	5.000000	0.017250
YNL315C	YKL109W	0.985766						0.000000	5.000000	0.019196
YPR112C	YDL106C	0.985763						0.000000	5.000000	0.027978
YPL006W	YEL009C	0.985761						1.000000	5.000000	0.016374
YER126C	YHR006W	0.985745						0.000000	-5.000000	0.018800
YBR248C	YKL112W	0.985742						1.000000	5.000000	0.016542
YKR066C	YKL062W	0.985737						1.000000	5.000000	0.017670
YDR429C	YHR006W	0.985735						0.000000	-5.000000	0.018101
YDL035C	YEL009C	0.985731						1.000000	5.000000	0.017668
YIL111W	YKL032C	0.985716	0.000000	0.341297	0.140449	0.211750	0.199005	0.000000	5.000000	0.019267
YOR161C	YPR104C	0.985704						1.000000	5.000000	0.016973
YGL123W	YOR162C	0.985702						1.000000	5.000000	0.017032
YFR044C	YDL020C	0.985692						0.000000	5.000000	0.017224
YAL007C	YJR060W	0.985691						1.000000	5.000000	0.018162
YOL027C	YEL009C	0.985690						1.000000	5.000000	0.016703
YPL215W	YMR037C	0.985683						1.000000	5.000000	0.018169
YPR145W	YKL032C	0.985675						1.000000	5.000000	0.019066
YDR267C	YJR060W	0.985663						1.000000	5.000000	0.017592
YHR039C-A	YKL043W	0.985661						0.000000	5.000000	0.017360
YNL186W	YPR104C	0.985648						1.000000	5.000000	0.017360
YLR163C	YJR060W	0.985639						1.000000	5.000000	0.017241
YEL017W	YKL112W	0.985634						1.000000	5.000000	0.018198
YOR321W	YJR060W	0.985632						1.000000	5.000000	0.017658
YER092W	YIR017C	0.985631						1.000000	5.000000	0.023665
YIL129C	YMR037C	0.985630						1.000000	5.000000	0.017391
YGR223C	YDL020C	0.985630						1.000000	5.000000	0.015143
YMR297W	YKL112W	0.985624						1.000000	5.000000	0.018045
YDR063W	YOL089C	0.985612						0.000000	-5.000000	0.026171
YBR198C	YJR060W	0.985600						1.000000	5.000000	0.017867
YHL016C	YCR084C	0.985599						1.000000	5.000000	0.017273
YHR071W	YER040W	0.985599	0.000000	0.340136	0.140449	0.211359	0.198807	0.000000	5.000000	0.016408
YPL090C	YNL216W	0.985596						1.000000	5.000000	0.016230
YHR089C	YHR006W	0.985590						0.000000	-5.000000	0.018417
YNL251C	YHR124W	0.985589						1.000000	5.000000	0.017800
YBR244W	YOL116W	0.985585	0.000000	0.338983	0.140449	0.210970	0.198610	0.000000	-5.000000	0.017605
YHR193C	YLR131C	0.985582						0.000000	-5.000000	0.015818
YDL125C	YNL103W	0.985574						0.000000	-5.000000	0.018429
YKR092C	YNL216W	0.985570						1.000000	5.000000	0.015819
YMR217W	YHR006W	0.985561						0.000000	-5.000000	0.017051
YLR100W	YMR037C	0.985556						1.000000	5.000000	0.016978
YDL006W	YJR060W	0.985556						1.000000	5.000000	0.017955
YNL117W	YJL056C	0.985555						0.000000	5.000000	0.017169
YBL030C	YPL133C	0.985554						0.000000	5.000000	0.018044
YMR296C	YNL216W	0.985545						1.000000	5.000000	0.016902
YPR041W	YHR006W	0.985542						0.000000	-5.000000	0.014484
YDR047W	YDR253C	0.985531						1.000000	5.000000	0.017365
YPR113W	YPL075W	0.985526						0.000000	5.000000	0.020029
YDR007W	YJR060W	0.985514						1.000000	5.000000	0.020405
YOR165W	YFR034C	0.985514						1.000000	5.000000	0.017508
YML007W	YDL020C	0.985512						1.000000	5.000000	0.017978
YGR203W	YKR099W	0.985507						1.000000	5.000000	0.016821
YNR009W	YDL056W	0.985507	0.000000	0.337838	0.140449	0.210584	0.198413	0.000000	5.000000	0.017494
YDR517W	YDL020C	0.985499						0.000000	5.000000	0.021384
YBR248C	YEL009C	0.985490						1.000000	5.000000	0.013030
YPL189C-A	YGL073W	0.985484						0.000000	5.000000	0.019377
YEL027W	YHR206W	0.985481						0.000000	5.000000	0.017245
YKR074W	YJR060W	0.985468						1.000000	5.000000	0.017465
YOR234C	YDR253C	0.985465						1.000000	5.000000	0.017713
YOR078W	YNL314W	0.985456						1.000000	5.000000	0.017345
YDR156W	YPR104C	0.985455						1.000000	5.000000	0.016821
YKL160W	YOL089C	0.985454						0.000000	-5.000000	0.022743
YOR074C	YKL185W	0.985446						0.000000	5.000000	0.018168
YOL002C	YHR124W	0.985442						1.000000	5.000000	0.017386
YLR301W	YJR060W	0.985435						1.000000	5.000000	0.020000
YDL179W	YER111C	0.985434	0.000000	0.336700	0.140449	0.210199	0.198216	0.000000	-5.000000	0.016750
YLR303W	YIL131C	0.985423						1.000000	5.000000	0.017005
YJR077C	YBL021C	0.985421						0.000000	-5.000000	0.016032
YDR385W	YLR451W	0.985420						0.000000	5.000000	0.017208
YEL051W	YJR060W	0.985420						0.000000	5.000000	0.016998
YLR089C	YDR463W	0.985413						0.000000	-5.000000	0.015290
YDL022W	YNL027W	0.985413						1.000000	5.000000	0.017228
YJL005W	YMR037C	0.985407						1.000000	5.000000	0.016390
YDR139C	YOR363C	0.985404						1.000000	5.000000	0.017035
YDR043C	YHR206W	0.985403						1.000000	5.000000	0.017116
YIR034C	YHR206W	0.985403						1.000000	5.000000	0.018047
YPL154C	YPL177C	0.985401						0.000000	-5.000000	0.018010
YOR161C	YKL020C	0.985382						0.000000	5.000000	0.017920
YHR007C	YDR253C	0.985380						1.000000	5.000000	0.016009
YAL013W	YFL021W	0.985379						1.000000	5.000000	0.018130
YBR082C	YPL075W	0.985376	0.000000	0.335570	0.140449	0.209816	0.198020	0.000000	5.000000	0.017916
YJL143W	YJR060W	0.985369						1.000000	5.000000	0.016806
YDL192W	YJR060W	0.985367						0.000000	5.000000	0.019471
YHL020C	YOL108C	0.985357						1.000000	5.000000	0.016948
YJL130C	YEL009C	0.985351						1.000000	5.000000	0.017242
YER046W	YKL032C	0.985349						1.000000	5.000000	0.016871
YDL182W	YDL020C	0.985341						1.000000	5.000000	0.016989
YMR079W	YHR124W	0.985331						1.000000	5.000000	0.016509
YPL117C	YMR037C	0.985325						1.000000	5.000000	0.029532
YOR085W	YMR037C	0.985320						0.000000	5.000000	0.016956
YBR070C	YDL056W	0.985318						1.000000	5.000000	0.016979
YER009W	YHR178W	0.985313						0.000000	5.000000	0.017202
YAR018C	YMR043W	0.985311						1.000000	5.000000	0.017583
YDL212W	YKL112W	0.985306						0.000000	5.000000	0.016660
YEL002C	YMR037C	0.985306						0.000000	5.000000	0.015157
YLL015W	YBR083W	0.985305						1.000000	5.000000	0.016897
YGL157W	YMR037C	0.985300						1.000000	5.000000	0.021701
YER155C	YBR083W	0.985297						1.000000	5.000000	0.016815
YLR299W	YCR084C	0.985288						1.000000	5.000000	0.016667
YBL011W	YGL073W	0.985287						1.000000	5.000000	0.017283
YBR093C	YDR081C	0.985282						0.000000	5.000000	0.016222
YDR380W	YEL009C	0.985281						1.000000	5.000000	0.017304
YPL173W	YKL109W	0.985279						0.000000	5.000000	0.014344
YLR293C	YNL314W	0.985277						0.000000	5.000000	0.015857
YBR122C	YNL103W	0.985275						0.000000	-5.000000	0.018311
YKL128C	YEL009C	0.985275						1.000000	5.000000	0.016672
YML054C	YDR216W	0.985274						1.000000	5.000000	0.017070
YGL189C	YKL043W	0.985272						0.000000	5.000000	0.018819
YLR168C	YPL133C	0.985246						0.000000	5.000000	0.016982
YIL046W	YMR016C	0.985244						1.000000	5.000000	0.016398
YGR141W	YGL073W	0.985228						1.000000	5.000000	0.014315
YFL039C	YDL020C	0.985219						0.000000	5.000000	0.017191
YDL212W	YJR060W	0.985218						0.000000	5.000000	0.020196
YLR293C	YOR344C	0.985218						0.000000	5.000000	0.014306
YIR030C	YGR249W	0.985215						1.000000	5.000000	0.017255
YER141W	YLR256W	0.985213						1.000000	5.000000	0.016553
YJR009C	YMR037C	0.985208						1.000000	5.000000	0.017089
YNL096C	YPR104C	0.985186	0.000000	0.334448	0.140449	0.209435	0.197824	0.000000	5.000000	0.024125
YOR021C	YPR104C	0.985185						0.000000	5.000000	0.017823
YOR253W	YKL032C	0.985179						1.000000	5.000000	0.017587
YBL102W	YDL020C	0.985173	0.000000	0.333333	0.140449	0.209056	0.197628	0.000000	5.000000	0.014440
YML115C	YJR060W	0.985171						1.000000	5.000000	0.016823
YOR198C	YNL068C	0.985168						1.000000	5.000000	0.016124
YCL064C	YPL177C	0.985166	0.000000	0.332226	0.140449	0.208679	0.197433	0.000000	-5.000000	0.016751
YOR165W	YJR060W	0.985164						1.000000	5.000000	0.016622
YNL283C	YDL056W	0.985158	0.000000	0.331126	0.140449	0.208303	0.197239	0.000000	5.000000	0.016844
YGR088W	YGL073W	0.985158						0.000000	5.000000	0.017777
YPL061W	YOR162C	0.985142						1.000000	5.000000	0.017040
YKR091W	YER040W	0.985133						0.000000	5.000000	0.018212
YDL014W	YDL106C	0.985132						0.000000	5.000000	0.017573
YMR031C	YMR043W	0.985129						1.000000	5.000000	0.016880
YMR241W	YMR037C	0.985128						1.000000	5.000000	0.022400
YER133W	YMR043W	0.985124						1.000000	5.000000	0.016402
YIL083C	YMR037C	0.985120						1.000000	5.000000	0.016609
YKL192C	YNL103W	0.985118						0.000000	-5.000000	0.016838
YER063W	YDL020C	0.985117	0.000000	0.330033	0.140449	0.207929	0.197044	0.000000	5.000000	0.015844
YNL142W	YDR463W	0.985115						0.000000	-5.000000	0.016733
YMR250W	YML007W	0.985109	0.000000	0.328947	0.140449	0.207558	0.196850	0.000000	5.000000	0.016252
YLR377C	YDR216W	0.985104						1.000000	5.000000	0.015231
YDR034C	YBR083W	0.985102						1.000000	5.000000	0.016878
YLR259C	YGL237C	0.985099	0.000000	0.327869	0.140449	0.207188	0.196657	0.000000	5.000000	0.019371
YOR259C	YDL020C	0.985082						1.000000	5.000000	0.016060
YLR287C-A	YKL112W	0.985076	0.000000	0.326797	0.140449	0.206819	0.196464	0.000000	5.000000	0.015842
YDL095W	YDL056W	0.985076						0.000000	5.000000	0.017057
YLR066W	YEL009C	0.985072						0.000000	5.000000	0.016444
YGR159C	YNL068C	0.985071	0.000000	0.325733	0.140449	0.206453	0.196271	0.000000	5.000000	0.015979
YJR045C	YGL237C	0.985070						0.000000	5.000000	0.016302
YGR185C	YBR049C	0.985061						0.000000	5.000000	0.017161
YPL211W	YNL068C	0.985046						0.000000	5.000000	0.016536
YLL027W	YGL073W	0.985032						0.000000	5.000000	0.016059
YDR405W	YKL062W	0.985013						1.000000	5.000000	0.014977
YLL039C	YKL032C	0.984986	0.000000	0.324675	0.140449	0.206088	0.196078	0.000000	5.000000	0.016848
YBR143C	YHR124W	0.984986						0.000000	5.000000	0.014457
YML052W	YOR162C	0.984982						1.000000	5.000000	0.016107
YKR094C	YIL131C	0.984981	0.000000	0.323625	0.140449	0.205725	0.195886	0.000000	5.000000	0.014543
YJR077C	YKL032C	0.984980						1.000000	5.000000	0.016609
YER053C	YGL073W	0.984979	0.000000	0.322581	0.140449	0.205363	0.195695	0.000000	5.000000	0.016138
YDL066W	YEL009C	0.984977						1.000000	5.000000	0.016659
YDR343C	YHL027W	0.984975						1.000000	5.000000	0.016028
YIR038C	YKL015W	0.984973	0.000000	0.321543	0.140449	0.205004	0.195503	0.000000	5.000000	0.017169
YEL066W	YDL020C	0.984972						0.000000	5.000000	0.016702
YLR075W	YPR065W	0.984970	0.000000	0.320513	0.140449	0.204645	0.195312	0.000000	5.000000	0.019005
YBL064C	YKL062W	0.984964						1.000000	5.000000	0.017712
YOR297C	YDL020C	0.984957						1.000000	5.000000	0.016678
YPL098C	YOL089C	0.984948						0.000000	-5.000000	0.016547
YKL085W	YGL237C	0.984929						0.000000	5.000000	0.016259
YEL034W	YPL038W	0.984926						0.000000	-5.000000	0.016228
YGR086C	YHR084W	0.984922						1.000000	5.000000	0.013874
YEL056W	YKL032C	0.984911						1.000000	5.000000	0.016904
YPL231W	YKR034W	0.984911						0.000000	5.000000	0.016328
YHR082C	YJR060W	0.984903						1.000000	5.000000	0.016371
YPL265W	YDL020C	0.984895	0.000000	0.319489	0.140449	0.204289	0.195122	0.000000	5.000000	0.017967
YOL058W	YDR123C	0.984890						1.000000	5.000000	0.016959
YAL062W	YMR016C	0.984870						1.000000	5.000000	0.017191
YMR009W	YAL051W	0.984859						1.000000	5.000000	0.015783
YAL034C	YMR016C	0.984854						1.000000	5.000000	0.015734
YOL109W	YMR037C	0.984840						1.000000	5.000000	0.010831
YOR148C	YHR084W	0.984835						1.000000	5.000000	0.016299
YPR072W	YJR060W	0.984828						1.000000	5.000000	0.016850
YLR186W	YHR006W	0.984820						0.000000	-5.000000	0.018021
YMR175W	YGR249W	0.984810						0.000000	5.000000	0.015723
YPL203W	YMR037C	0.984803						1.000000	5.000000	0.015757
YMR289W	YIL131C	0.984790						1.000000	5.000000	0.016064
YJL151C	YPR104C	0.984788						1.000000	5.000000	0.016633
YAR015W	YML007W	0.984774						1.000000	5.000000	0.015717
YNL268W	YHR124W	0.984773						1.000000	5.000000	0.016450
YMR259C	YHL027W	0.984772						1.000000	5.000000	0.015228
YPR036W-A	YOL108C	0.984754						0.000000	5.000000	0.016237
YDR116C	YGL237C	0.984746						0.000000	5.000000	0.016244
YHR087W	YJL056C	0.984737						0.000000	5.000000	0.016243
YLR153C	YLR256W	0.984736						1.000000	5.000000	0.016266
YML125C	YLR131C	0.984715						0.000000	-5.000000	0.015021
YNL141W	YOR162C	0.984714						1.000000	5.000000	0.015873
YNL160W	YJL056C	0.984703						0.000000	5.000000	0.017304
YFR024C-A	YDL020C	0.984697						0.000000	5.000000	0.016424
YOR374W	YPL133C	0.984691						0.000000	5.000000	0.016780
YCL040W	YGL073W	0.984690						0.000000	5.000000	0.016762
YDR019C	YNL216W	0.984687						1.000000	5.000000	0.016483
YML022W	YHR124W	0.984674						0.000000	5.000000	0.013486
YJL190C	YNL216W	0.984658						1.000000	5.000000	0.015664
YML012W	YEL009C	0.984656						0.000000	5.000000	0.018839
YOR136W	YOL108C	0.984634						0.000000	5.000000	0.016383
YJL190C	YDR253C	0.984632						1.000000	5.000000	0.016377
YNL112W	YKL112W	0.984610						1.000000	5.000000	0.016966
YAL060W	YOL108C	0.984608	0.000000	0.318471	0.140449	0.203934	0.194932	0.000000	5.000000	0.014228
YOR051C	YMR037C	0.984605						1.000000	5.000000	0.016361
YOR223W	YKL032C	0.984605						1.000000	5.000000	0.015314
YDL061C	YIL131C	0.984604						1.000000	5.000000	0.015665
YOL111C	YNL068C	0.984596						1.000000	5.000000	0.016019
YFL004W	YJR060W	0.984593						1.000000	5.000000	0.015923
YLR056W	YKL062W	0.984584	0.000000	0.317460	0.140449	0.203581	0.194742	0.000000	-5.000000	0.016590
YAL012W	YDR253C	0.984573						1.000000	5.000000	0.016138
YOR332W	YIR017C	0.984572						0.000000	5.000000	0.014314
YOR344C	YNL199C	0.984572						1.000000	5.000000	0.016040
YDR142C	YEL009C	0.984566						1.000000	5.000000	0.016190
YER154W	YHR206W	0.984547						1.000000	5.000000	0.015875
YMR251W-A	YOL108C	0.984540						0.000000	5.000000	0.016293
YJL088W	YPL038W	0.984532	0.000000	0.316456	0.140449	0.203230	0.194553	0.000000	5.000000	0.017182
YPR030W	YGL073W	0.984524						0.000000	5.000000	0.015746
YGL019W	YJR060W	0.984518						0.000000	5.000000	0.015467
YBL075C	YDR216W	0.984511						0.000000	5.000000	0.016038
YIL133C	YDL106C	0.984507	0.000000	0.315457	0.140449	0.202880	0.194363	0.000000	5.000000	0.015548
YER043C	YDR123C	0.984505						1.000000	5.000000	0.016222
YJR105W	YDR123C	0.984475						1.000000	5.000000	0.015487
YDR011W	YHR124W	0.984469						1.000000	5.000000	0.016384
YMR105C	YGL013C	0.984469						0.000000	5.000000	0.016783
YOL155C	YHL027W	0.984465						0.000000	-5.000000	0.015580
YGR243W	YPL230W	0.984439						0.000000	5.000000	0.015931
YML027W	YER111C	0.984430						1.000000	5.000000	0.015778
YMR096W	YML007W	0.984427						1.000000	5.000000	0.016389
YNL055C	YOR140W	0.984419						0.000000	-5.000000	0.016186
YJL003W	YGL237C	0.984418						1.000000	5.000000	0.013630
YJL060W	YDR259C	0.984401						0.000000	5.000000	0.019172
YBR154C	YLR403W	0.984399						1.000000	5.000000	0.021383
YEL044W	YHR124W	0.984393						1.000000	5.000000	0.015266
YOL123W	YOR162C	0.984392						1.000000	5.000000	0.015960
YPR062W	YJR060W	0.984373						0.000000	5.000000	0.015247
YMR194W	YIL131C	0.984360						1.000000	5.000000	0.015197
YDR041W	YGL237C	0.984345						1.000000	5.000000	0.015649
YPL123C	YMR037C	0.984336						1.000000	5.000000	0.015309
YPR102C	YNL216W	0.984326						0.000000	5.000000	0.017959
YDR502C	YOL108C	0.984321						1.000000	5.000000	0.018830
YHR141C	YDR253C	0.984317						1.000000	5.000000	0.015519
YDR405W	YMR037C	0.984317						1.000000	5.000000	0.014449
YDR001C	YMR016C	0.984308						1.000000	5.000000	0.016900
YFR015C	YKL032C	0.984306						1.000000	5.000000	0.015190
YNR041C	YLR256W	0.984300						1.000000	5.000000	0.015090
YGR221C	YBR083W	0.984294						1.000000	5.000000	0.015067
YOR294W	YHR006W	0.984289						0.000000	-5.000000	0.016311
YAL003W	YHR206W	0.984280						1.000000	5.000000	0.016199
YPR149W	YDR253C	0.984275						1.000000	5.000000	0.022306
YJL172W	YDR259C	0.984268						0.000000	5.000000	0.014584
YPL230W	YMR016C	0.984262						1.000000	5.000000	0.015640
YPL198W	YHR006W	0.984256	0.000000	0.314465	0.140449	0.202532	0.194175	0.000000	-5.000000	0.017645
YHR094C	YGL209W	0.984238	0.000000	0.313480	0.140449	0.202185	0.193986	0.000000	5.000000	0.015549
YNL151C	YNL068C	0.984237						0.000000	5.000000	0.014179
YDR033W	YMR043W	0.984228						1.000000	5.000000	0.015208
Q0050	YKL109W	0.984226						0.000000	5.000000	0.016388
YLL039C	YPL230W	0.984225						0.000000	5.000000	0.016233
YBL041W	YJR060W	0.984223						0.000000	5.000000	0.011709
YGR189C	YPL089C	0.984223	1.000000	0.315625	0.141854	0.203958	0.195736	0.000000	5.000000	0.015865
YHL001W	YPR104C	0.984222						1.000000	5.000000	0.015861
YBR067C	YIL036W	0.984220						0.000000	5.000000	0.015317
YNL241C	YDR123C	0.984207						1.000000	5.000000	0.015218
YIL136W	YOR028C	0.984196						1.000000	5.000000	0.015665
YMR158W	YGL237C	0.984194						0.000000	5.000000	0.015768
YEL054C	YIL131C	0.984191						1.000000	5.000000	0.015693
YMR118C	YDR216W	0.984191						0.000000	5.000000	0.015343
YJL158C	YNL216W	0.984182						1.000000	5.000000	0.015450
YEL055C	YHR178W	0.984175						1.000000	5.000000	0.015265
YNL110C	YHR006W	0.984157						0.000000	-5.000000	0.016754
YHL027W	YEL009C	0.984153						1.000000	5.000000	0.016104
YLR174W	YGL237C	0.984139						0.000000	5.000000	0.015190
YBR164C	YJR060W	0.984130						0.000000	5.000000	0.016121
YDL045C	YIL101C	0.984129						1.000000	5.000000	0.015514
YDR399W	YDL106C	0.984126						0.000000	5.000000	0.015781
YDR354W	YDR123C	0.984123						1.000000	5.000000	0.014789
YPL028W	YDL020C	0.984123						0.000000	5.000000	0.015659
YOL041C	YKL112W	0.984118						1.000000	5.000000	0.014620
YER155C	YGL013C	0.984108						1.000000	5.000000	0.015279
YPL154C	YOR140W	0.984108						0.000000	-5.000000	0.017087
YCL017C	YDL020C	0.984101						0.000000	5.000000	0.018294
YGL062W	YOR140W	0.984101						0.000000	-5.000000	0.015241
YGL198W	YDL020C	0.984100						0.000000	5.000000	0.014046
YGR234W	YJR060W	0.984098						1.000000	5.000000	0.050355
YOR092W	YMR037C	0.984094						1.000000	5.000000	0.014928
YDR304C	YOL089C	0.984091						0.000000	-5.000000	0.014130
YGL106W	YKL112W	0.984089						1.000000	5.000000	0.014219
YBL042C	YKL062W	0.984087						1.000000	-5.000000	0.016697
YLR432W	YHR006W	0.984087						0.000000	-5.000000	0.015192
YIL123W	YPL089C	0.984084						1.000000	5.000000	0.015693
YDR353W	YEL009C	0.984080	0.000000	0.314642	0.141854	0.203611	0.195547	0.000000	5.000000	0.015082
YLR064W	YMR037C	0.984068						1.000000	5.000000	0.015339
YDR041W	YFL021W	0.984063						1.000000	5.000000	0.016268
YOL077W-A	YGL013C	0.984057						1.000000	5.000000	0.015653
YDR225W	YNL216W	0.984056						1.000000	5.000000	0.015953
YKR042W	YHR124W	0.984052						1.000000	5.000000	0.014566
YOR361C	YHR006W	0.984034						0.000000	-5.000000	0.021068
YMR120C	YEL009C	0.984033						1.000000	5.000000	0.014800
YLR061W	YLR403W	0.984033						1.000000	5.000000	0.014753
YPL231W	YMR037C	0.984033						1.000000	5.000000	0.015797
YBL032W	YGL073W	0.984029						1.000000	5.000000	0.016015
YKL185W	YER111C	0.984022	0.000000	0.313665	0.141854	0.203266	0.195358	0.000000	-5.000000	0.015277
YJR121W	YML007W	0.984022						1.000000	5.000000	0.014450
YHR205W	YJR060W	0.984004						1.000000	5.000000	0.015304
YDR368W	YJR060W	0.983973						1.000000	5.000000	0.016115
YDR525W-A	YMR037C	0.983971						1.000000	5.000000	0.014989
YMR318C	YOR162C	0.983958						1.000000	5.000000	0.015517
YAL025C	YBR049C	0.983945						1.000000	5.000000	0.014399
YBL093C	YMR043W	0.983943						1.000000	5.000000	0.014849
YAR015W	YBR083W	0.983935						1.000000	5.000000	0.015361
YNL036W	YOL067C	0.983934						0.000000	5.000000	0.014835
YJR152W	YDR463W	0.983918	0.000000	0.312693	0.141854	0.202922	0.195169	0.000000	-5.000000	0.015294
YLL024C	YKL112W	0.983899	0.000000	0.311728	0.141854	0.202580	0.194981	0.000000	5.000000	0.015279
YER020W	YMR016C	0.983894						1.000000	5.000000	0.015127
YPL223C	YKL062W	0.983893						1.000000	-5.000000	0.015505
YDL021W	YOR028C	0.983891						1.000000	5.000000	0.014605
YDR100W	YBR049C	0.983887						1.000000	5.000000	0.017502
YKR097W	YKL062W	0.983886						1.000000	-5.000000	0.016144
YOR063W	YHR124W	0.983881						1.000000	5.000000	0.017170
YEL012W	YMR016C	0.983880						1.000000	5.000000	0.016568
YER067W	YMR037C	0.983880						1.000000	5.000000	0.016172
YLL014W	YMR037C	0.983878						0.000000	5.000000	0.014360
YBR159W	YAL051W	0.983876						1.000000	5.000000	0.015000
YBR088C	YDL170W	0.983876						0.000000	5.000000	0.014833
YMR184W	YDL020C	0.983876						0.000000	5.000000	0.015259
YLR099W-A	YMR037C	0.983870						0.000000	5.000000	0.013666
YBR296C	YPL133C	0.983870						0.000000	5.000000	0.015577
YJL096W	YNL216W	0.983865						1.000000	5.000000	0.015575
YDL075W	YLR131C	0.983864	0.000000	0.310769	0.141854	0.202240	0.194793	0.000000	-5.000000	0.018094
YDR135C	YML007W	0.983861						1.000000	5.000000	0.015012
YOR362C	YJR060W	0.983859						0.000000	5.000000	0.017468
YDR068W	YFL021W	0.983858						1.000000	5.000000	0.015611
YLR043C	YEL009C	0.983858						0.000000	5.000000	0.015084
YGR214W	YPR104C	0.983850						1.000000	5.000000	0.015528
YLR208W	YEL009C	0.983845						0.000000	5.000000	0.018727
YPR036W-A	YMR037C	0.983842						1.000000	5.000000	0.013939
YGR280C	YHR006W	0.983841	0.000000	0.309816	0.141854	0.201901	0.194605	0.000000	-5.000000	0.013428
YML059C	YOR162C	0.983838						1.000000	5.000000	0.014990
YLR414C	YHR206W	0.983838						1.000000	5.000000	0.014631
YOL083W	YDR253C	0.983831						1.000000	5.000000	0.015276
YOR293W	YPR104C	0.983829						1.000000	5.000000	0.015482
YNR050C	YMR037C	0.983822						1.000000	5.000000	0.015624
YGR155W	YKL032C	0.983816						1.000000	5.000000	0.014966
YMR107W	YAL051W	0.983815	0.000000	0.308869	0.141854	0.201563	0.194418	0.000000	5.000000	0.015344
YOL064C	YEL009C	0.983807	1.000000	0.310976	0.143258	0.203319	0.196154	0.000000	5.000000	0.014205
YML054C	YER184C	0.983806						0.000000	5.000000	0.014734
YDR017C	YFR034C	0.983792						1.000000	5.000000	0.014910
YBR162C	YBR083W	0.983776						1.000000	5.000000	0.016441
YGR175C	YDR123C	0.983766						1.000000	5.000000	0.015831
YDR508C	YMR037C	0.983764						1.000000	5.000000	0.014955
YEL066W	YER040W	0.983760						0.000000	5.000000	0.015421
YGL121C	YGL013C	0.983748						1.000000	5.000000	0.014757
YJR058C	YJR060W	0.983742						1.000000	5.000000	0.015209
YDR254W	YFL021W	0.983738						1.000000	5.000000	0.015193
YNL117W	YMR280C	0.983728						1.000000	5.000000	0.013724
YDR047W	YJR060W	0.983715						1.000000	5.000000	0.014892
YDR129C	YNL103W	0.983699						0.000000	-5.000000	0.014946
YOL048C	YMR037C	0.983693						1.000000	5.000000	0.013608
YOR234C	YPR104C	0.983692						1.000000	5.000000	0.014521
YGR027C	YOL116W	0.983689	0.000000	0.310030	0.143258	0.202981	0.195965	0.000000	-5.000000	0.018635
YIL043C	YJR060W	0.983687						0.000000	5.000000	0.017282
YMR174C	YOR028C	0.983672						0.000000	5.000000	0.013675
YGL248W	YDL020C	0.983671						0.000000	5.000000	0.015708
YNL005C	YEL009C	0.983667						1.000000	5.000000	0.015031
YOL052C-A	YMR016C	0.983665						1.000000	5.000000	0.016266
YJL109C	YJR060W	0.983661						1.000000	5.000000	0.014949
YBR001C	YML007W	0.983659						1.000000	5.000000	0.014095
YBL033C	YGL073W	0.983657						1.000000	5.000000	0.015141
YIR034C	YMR037C	0.983657						1.000000	5.000000	0.014643
YER070W	YDL056W	0.983650	1.000000	0.312121	0.144663	0.204730	0.197697	0.000000	5.000000	0.015410
YKL027W	YOL108C	0.983641						1.000000	5.000000	0.014782
YHR195W	YEL009C	0.983630						1.000000	5.000000	0.015040
YKR066C	YOR028C	0.983626						1.000000	5.000000	0.014508
YGR037C	YDL020C	0.983623						0.000000	5.000000	0.015894
YEL060C	YOL108C	0.983621	0.000000	0.311178	0.144663	0.204393	0.197507	0.000000	5.000000	0.015187
YNR018W	YHR206W	0.983610						1.000000	5.000000	0.014476
YDR519W	YOL108C	0.983608						1.000000	5.000000	0.014044
YER068W	YOL108C	0.983602						1.000000	5.000000	0.015579
YIL057C	YML027W	0.983596						0.000000	-5.000000	0.014206
YIR031C	YKR034W	0.983592						0.000000	5.000000	0.014822
YNL004W	YEL009C	0.983588						1.000000	5.000000	0.015112
YNL096C	YDL106C	0.983579	0.000000	0.310241	0.144663	0.204056	0.197318	0.000000	5.000000	0.015170
YDR100W	YDL020C	0.983573						0.000000	5.000000	0.016515
YDR513W	YOR140W	0.983569						0.000000	-5.000000	0.014767
YDL232W	YMR037C	0.983567						0.000000	5.000000	0.018457
YDL170W	YEL009C	0.983567						1.000000	5.000000	0.015947
YGL115W	YML007W	0.983563						1.000000	5.000000	0.014235
YML123C	YIL131C	0.983561						1.000000	5.000000	0.015104
YML008C	YDL020C	0.983560						1.000000	5.000000	0.014809
YKL109W	YJR060W	0.983560						1.000000	5.000000	0.016557
YNL239W	YHR084W	0.983553						1.000000	5.000000	0.013930
YEL012W	YHR084W	0.983544						1.000000	5.000000	0.016216
YEL042W	YKR099W	0.983539						1.000000	5.000000	0.015197
YHR088W	YHL027W	0.983534						1.000000	5.000000	0.013289
YHR162W	YBL103C	0.983533	0.000000	0.309309	0.144663	0.203721	0.197129	0.000000	5.000000	0.013568
YPL004C	YKL062W	0.983532						1.000000	5.000000	0.013728
YML100W	YGL073W	0.983528						1.000000	5.000000	0.014160
YPL198W	YDL106C	0.983515	0.000000	0.308383	0.144663	0.203388	0.196941	0.000000	5.000000	0.014517
YKL150W	YML007W	0.983511						0.000000	5.000000	0.014366
YBR070C	YKL185W	0.983506						0.000000	5.000000	0.013813
YOL052C	YBR049C	0.983505						1.000000	5.000000	0.014275
YBR025C	YKL112W	0.983502						0.000000	5.000000	0.016393
YLL024C	YPR104C	0.983498	0.000000	0.307463	0.144663	0.203056	0.196753	0.000000	5.000000	0.016777
YCR008W	YDL020C	0.983491						1.000000	5.000000	0.014475
YLR414C	YHR084W	0.983483						1.000000	5.000000	0.014706
YLR154W-C	YGL237C	0.983480						0.000000	5.000000	0.014450
YOR259C	YJR060W	0.983478						1.000000	5.000000	0.014465
YLR399C	YOR028C	0.983469						1.000000	5.000000	0.014723
YDR077W	YNL167C	0.983465						1.000000	5.000000	0.014740
YDL182W	YEL009C	0.983457						1.000000	5.000000	0.013323
YKL157W	YNL216W	0.983453						1.000000	5.000000	0.016542
YDR284C	YDL020C	0.983450	0.000000	0.306548	0.144663	0.202725	0.196565	0.000000	5.000000	0.020486
YAL038W	YNL216W	0.983438						1.000000	5.000000	0.012927
YGL224C	YER040W	0.983434						0.000000	5.000000	0.014309
YIL046W	YJR060W	0.983430						1.000000	5.000000	0.016553
YDL229W	YDR146C	0.983424						0.000000	-5.000000	0.014810
YLR432W	YHR124W	0.983422						0.000000	5.000000	0.014616
YBR207W	YGL071W	0.983420						1.000000	5.000000	0.014472
YDL085W	YDR216W	0.983418						0.000000	5.000000	0.017626
YNL302C	YHR006W	0.983417	0.000000	0.305638	0.144663	0.202396	0.196378	0.000000	-5.000000	0.034320
YBR010W	YML027W	0.983415	0.000000	0.304734	0.144663	0.202069	0.196190	0.000000	5.000000	0.014475
YDR451C	YDL056W	0.983407						1.000000	5.000000	0.014020
YIL112W	YER040W	0.983407						0.000000	5.000000	0.014156
YDL170W	YER040W	0.983399						1.000000	5.000000	0.014106
YMR110C	YOR028C	0.983396						0.000000	5.000000	0.013979
YGL004C	YFL021W	0.983388						1.000000	5.000000	0.014316
YNR067C	YMR043W	0.983384	0.000000	0.303835	0.144663	0.201742	0.196004	0.000000	-5.000000	0.014383
YNL070W	YPL177C	0.983372						0.000000	-5.000000	0.014455
YER023W	YMR037C	0.983353						0.000000	5.000000	0.013218
YML024W	YIL131C	0.983351						1.000000	5.000000	0.014599
YMR173W	YHR206W	0.983349						1.000000	5.000000	0.011866
YML008C	YNL103W	0.983345						0.000000	5.000000	0.014381
YDL229W	YHR006W	0.983345						0.000000	-5.000000	0.014795
YCL050C	YGL073W	0.983345						1.000000	5.000000	0.012849
YDR072C	YGL013C	0.983335						1.000000	5.000000	0.014501
YKL056C	YMR280C	0.983334						0.000000	-5.000000	0.014519
YKL053C-A	YNL103W	0.983333						0.000000	-5.000000	0.016945
YMR244C-A	YKL109W	0.983321						0.000000	5.000000	0.014548
YDR316W	YHR084W	0.983317						1.000000	5.000000	0.014637
YEL039C	YPR065W	0.983310						1.000000	5.000000	0.014978
YFL005W	YJR060W	0.983299						1.000000	5.000000	0.014260
YBL032W	YHR206W	0.983299						1.000000	5.000000	0.014236
YOR382W	YOR028C	0.983293						1.000000	5.000000	0.013520
YOR176W	YDL020C	0.983291						0.000000	5.000000	0.015015
YGL062W	YOL108C	0.983290						1.000000	5.000000	0.014728
YGR060W	YDR451C	0.983289						0.000000	5.000000	0.015324
YDR393W	YOL108C	0.983283						1.000000	5.000000	0.015149
YKL067W	YKL185W	0.983272						0.000000	5.000000	0.014594
YER067W	YPL230W	0.983257						0.000000	5.000000	0.014202
YHR096C	YAL051W	0.983255	0.000000	0.302941	0.144663	0.201418	0.195817	0.000000	5.000000	0.014017
YDR507C	YER111C	0.983254						1.000000	5.000000	0.013962
YKR089C	YHR084W	0.983248						1.000000	5.000000	0.015179
YKR071C	YML007W	0.983243						1.000000	5.000000	0.014308
YEL031W	YMR037C	0.983235						0.000000	5.000000	0.013512
YCR097W	YNL216W	0.983220						1.000000	5.000000	0.013247
YER017C	YKL062W	0.983215						1.000000	5.000000	0.013904
YPL208W	YHL027W	0.983201						1.000000	5.000000	0.014042
YDL053C	YGL073W	0.983199						0.000000	5.000000	0.012621
YEL007W	YHR084W	0.983193						1.000000	5.000000	0.014709
YPL240C	YML007W	0.983192						1.000000	5.000000	0.016882
YDR513W	YEL009C	0.983184						1.000000	5.000000	0.013698
YER009W	YJR060W	0.983183						0.000000	5.000000	0.012202
YCL008C	YDL020C	0.983177						1.000000	5.000000	0.013719
YOL016C	YNL027W	0.983172						1.000000	5.000000	0.013725
YIR038C	YOR028C	0.983170	0.000000	0.302053	0.144663	0.201094	0.195632	0.000000	5.000000	0.014022
YDR145W	YHR084W	0.983168						1.000000	5.000000	0.014069
YIL046W	YIR017C	0.983166						1.000000	5.000000	0.015359
YDL204W	YML007W	0.983164						0.000000	5.000000	0.014553
YLR197W	YNL068C	0.983161						0.000000	5.000000	0.014097
YCR010C	YML027W	0.983160						0.000000	-5.000000	0.013545
YDL078C	YML007W	0.983159						0.000000	5.000000	0.014200
YLR060W	YGL013C	0.983150						1.000000	5.000000	0.013838
YGL105W	YJR060W	0.983144						0.000000	5.000000	0.015935
YJL079C	YGR249W	0.983134						0.000000	-5.000000	0.014241
YDL110C	YOR028C	0.983130						0.000000	5.000000	0.013376
YGL037C	YKL032C	0.983126						0.000000	5.000000	0.013840
YEL058W	YDL020C	0.983126						0.000000	5.000000	0.012832
YKR066C	YMR037C	0.983123						1.000000	5.000000	0.013688
YDR084C	YDR174W	0.983121						0.000000	5.000000	0.013911
YGL104C	YGL013C	0.983109						1.000000	5.000000	0.013713
YKR042W	YGR249W	0.983106						0.000000	-5.000000	0.014257
YLR328W	YOR162C	0.983098						1.000000	5.000000	0.014664
YDR047W	YMR037C	0.983098						1.000000	5.000000	0.013969
YLR175W	YDL106C	0.983093						0.000000	5.000000	0.013855
YDR513W	YGL073W	0.983091						0.000000	5.000000	0.014169
YER053C	YJL056C	0.983088	0.000000	0.301170	0.144663	0.200772	0.195446	0.000000	5.000000	0.012499
YMR243C	YNL216W	0.983080						1.000000	5.000000	0.011913
YLR287C-A	YMR043W	0.983071	0.000000	0.300292	0.144663	0.200451	0.195261	0.000000	-5.000000	0.013835
YJL189W	YLR403W	0.983067						1.000000	5.000000	0.013842
YNL289W	YKL062W	0.983063						1.000000	5.000000	0.014501
YJL104W	YOL089C	0.983057						0.000000	-5.000000	0.014342
YMR169C	YPL230W	0.983039						0.000000	5.000000	0.014444
YML092C	YDL020C	0.983036	1.000000	0.302326	0.146067	0.202175	0.196970	0.000000	5.000000	0.013205
YOR270C	YJR060W	0.983035						1.000000	5.000000	0.013688
YDR083W	YHR006W	0.983025						0.000000	-5.000000	0.016370
YLR293C	YBR049C	0.983020						0.000000	5.000000	0.012895
YER150W	YPL230W	0.983020						0.000000	5.000000	0.014190
YNR037C	YKL112W	0.983015						1.000000	5.000000	0.013447
YLR197W	YHR006W	0.983012						0.000000	-5.000000	0.014390
YNL185C	YEL009C	0.983004						1.000000	5.000000	0.013190
YER115C	YJR060W	0.983000						1.000000	5.000000	0.013310
YBR088C	YMR043W	0.982995						0.000000	-5.000000	0.014173
YNL015W	YKL062W	0.982976						1.000000	5.000000	0.012956
YOR222W	YLR451W	0.982970	0.000000	0.301449	0.146067	0.201854	0.196783	0.000000	5.000000	0.015519
YLR356W	YOR028C	0.982969						0.000000	5.000000	0.014259
YNL111C	YGL071W	0.982966						1.000000	5.000000	0.014108
YHR019C	YBR049C	0.982963						0.000000	5.000000	0.015106
YNL169C	YOL108C	0.982955						1.000000	5.000000	0.013988
YBR047W	YER040W	0.982950						0.000000	5.000000	0.013675
YKL080W	YEL009C	0.982949						0.000000	5.000000	0.013899
YDL133C-A	YKL043W	0.982929						0.000000	5.000000	0.014246
YGR281W	YEL009C	0.982927						1.000000	5.000000	0.014046
YAL022C	YMR043W	0.982916						1.000000	5.000000	0.014176
YHR136C	YGR044C	0.982909						0.000000	-5.000000	0.013915
YGR094W	YEL009C	0.982900						1.000000	5.000000	0.013287
YDR531W	YEL009C	0.982894						1.000000	5.000000	0.014747
YHR139C	YDR216W	0.982892	0.000000	0.300578	0.146067	0.201534	0.196597	0.000000	5.000000	0.013322
YLR264W	YCR084C	0.982891						1.000000	5.000000	0.013535
YML081C-A	YOL067C	0.982886						0.000000	5.000000	0.013229
YJR148W	YNL103W	0.982886						0.000000	-5.000000	0.014289
YEL017C-A	YIL101C	0.982871						1.000000	5.000000	0.013758
YKL190W	YEL009C	0.982871						0.000000	5.000000	0.013740
YER091C	YPL133C	0.982868						0.000000	5.000000	0.016102
YDR232W	YDR253C	0.982867						1.000000	5.000000	0.014851
YDR073W	YKL032C	0.982866						1.000000	5.000000	0.014192
YGL147C	YMR280C	0.982845						0.000000	-5.000000	0.014353
YNL173C	YHR084W	0.982843						1.000000	5.000000	0.014757
YLR268W	YMR037C	0.982843	0.000000	0.299712	0.146067	0.201216	0.196412	0.000000	5.000000	0.014283
YHR043C	YIL101C	0.982840						1.000000	5.000000	0.014084
YPL078C	YGL237C	0.982832						0.000000	5.000000	0.012667
YDR234W	YGL013C	0.982827						1.000000	5.000000	0.014084
YLR350W	YGL073W	0.982827						0.000000	5.000000	0.014276
YHR141C	YNL216W	0.982820						1.000000	5.000000	0.013642
YPL186C	YOR028C	0.982820						0.000000	5.000000	0.014065
YPL230W	YHR206W	0.982815						1.000000	5.000000	0.013988
YJL186W	YJR060W	0.982812						1.000000	5.000000	0.014855
YDR074W	YKL020C	0.982801						0.000000	5.000000	0.013193
YER103W	YMR016C	0.982801	1.000000	0.301724	0.147472	0.202930	0.198113	0.000000	5.000000	0.013504
YDR034C	YHR084W	0.982800						1.000000	5.000000	0.013404
YPR069C	YBR049C	0.982794						0.000000	5.000000	0.014234
YBR069C	YPR065W	0.982786						1.000000	5.000000	0.013450
YPR058W	YEL009C	0.982779	1.000000	0.303725	0.148876	0.204640	0.199811	0.000000	5.000000	0.012804
YDR037W	YBR049C	0.982773						0.000000	5.000000	0.013211
YML116W	YHR178W	0.982767						1.000000	5.000000	0.016045
YEL065W	YPL038W	0.982766						0.000000	-5.000000	0.015465
YOR095C	YIL131C	0.982736						1.000000	5.000000	0.014251
YPR043W	YLR403W	0.982732						1.000000	5.000000	0.013404
YEL026W	YDR146C	0.982730						0.000000	-5.000000	0.013753
YIL051C	YNL103W	0.982724						0.000000	-5.000000	0.013140
YER088C	YDR253C	0.982720						1.000000	5.000000	0.013549
YER119C	YDL020C	0.982717						0.000000	5.000000	0.013449
YDR530C	YJR060W	0.982712						1.000000	5.000000	0.015328
YLR312W-A	YMR037C	0.982710						1.000000	5.000000	0.015484
YJR144W	YLR403W	0.982695						1.000000	5.000000	0.014157
YER023W	YEL009C	0.982690						0.000000	5.000000	0.013732
YGL227W	YEL009C	0.982673						1.000000	5.000000	0.013784
YLR092W	YIR017C	0.982672						1.000000	5.000000	0.014172
YER088C	YMR016C	0.982672						1.000000	5.000000	0.015182
YBR122C	YOL108C	0.982670						0.000000	5.000000	0.016556
YOR246C	YMR016C	0.982642						1.000000	5.000000	0.013602
YMR197C	YJR060W	0.982636						1.000000	5.000000	0.012448
YDR152W	YLR403W	0.982628						1.000000	5.000000	0.012195
YNL051W	YGR249W	0.982627						1.000000	5.000000	0.013338
YDR224C	YNL216W	0.982625						1.000000	5.000000	0.014485
YDR032C	YNL103W	0.982622						0.000000	-5.000000	0.017804
YLR414C	YBR083W	0.982613						1.000000	5.000000	0.012721
YFL005W	YEL009C	0.982601						1.000000	5.000000	0.014008
YEL036C	YOL108C	0.982595						1.000000	5.000000	0.013799
YJR093C	YHR084W	0.982594						1.000000	5.000000	0.013434
YNL264C	YGR249W	0.982593						1.000000	5.000000	0.012825
YGL196W	YHR178W	0.982588						1.000000	5.000000	0.014627
YNL130C	YEL009C	0.982563						1.000000	5.000000	0.013631
YGL001C	YMR037C	0.982553						1.000000	5.000000	0.013784
YOR278W	YOR028C	0.982549						1.000000	5.000000	0.013257
YPR004C	YBL021C	0.982538						0.000000	-5.000000	0.014158
YBL024W	YJR060W	0.982528						1.000000	5.000000	0.013617
YER009W	YEL009C	0.982518						0.000000	5.000000	0.012134
YBL030C	YGL237C	0.982513	0.000000	0.302857	0.148876	0.204320	0.199623	0.000000	5.000000	0.013329
YDR337W	YGL237C	0.982509						0.000000	5.000000	0.014659
YDR238C	YMR037C	0.982495						0.000000	5.000000	0.013443
YLR092W	YDR253C	0.982492						1.000000	5.000000	0.012992
YAL003W	YDL056W	0.982487						1.000000	5.000000	0.013771
YDL179W	YMR021C	0.982486	0.000000	0.301994	0.148876	0.204001	0.199436	0.000000	5.000000	0.014208
YLR438W	YDR463W	0.982484						0.000000	-5.000000	0.014123
YJL052W	YOL108C	0.982476						1.000000	5.000000	0.013775
YOR161C	YPL230W	0.982469						0.000000	5.000000	0.013673
YKL065C	YKL020C	0.982466						0.000000	5.000000	0.013631
YGR209C	YNL103W	0.982458						0.000000	-5.000000	0.012655
YLR180W	YNL216W	0.982446						1.000000	5.000000	0.011391
YNL130C	YDR123C	0.982422						1.000000	5.000000	0.014081
YDR483W	YEL009C	0.982421						0.000000	5.000000	0.011814
YGL245W	YJR060W	0.982412						0.000000	5.000000	0.014945
YBR154C	YIL131C	0.982407						1.000000	5.000000	0.012945
YJR059W	YMR037C	0.982400						1.000000	5.000000	0.014086
YDL204W	YDR216W	0.982399						0.000000	5.000000	0.018098
YIL123W	YMR037C	0.982397						1.000000	5.000000	0.013996
YOR327C	YOR028C	0.982394						1.000000	5.000000	0.012197
YMR307W	YKL185W	0.982389						0.000000	5.000000	0.012505
YDR502C	YDR123C	0.982386						1.000000	5.000000	0.014219
YPL211W	YDL106C	0.982354						0.000000	5.000000	0.013291
YMR202W	YMR037C	0.982354						1.000000	5.000000	0.013168
YNL209W	YBR049C	0.982347						0.000000	5.000000	0.013808
YPR036W	YIL131C	0.982347						1.000000	5.000000	0.016102
YLR270W	YGL073W	0.982345						0.000000	5.000000	0.013617
YKL117W	YOL089C	0.982342						0.000000	-5.000000	0.013487
YGR236C	YML027W	0.982333	0.000000	0.301136	0.148876	0.203684	0.199248	0.000000	-5.000000	0.013021
YNL220W	YIL101C	0.982329						1.000000	5.000000	0.013355
YNL283C	YER111C	0.982319	0.000000	0.300283	0.148876	0.203368	0.199061	0.000000	5.000000	0.013526
YIL003W	YGL013C	0.982310						1.000000	5.000000	0.013983
YER001W	YML027W	0.982301						0.000000	5.000000	0.013123
YDR310C	YJR060W	0.982291						1.000000	5.000000	0.013094
YDR507C	YKL185W	0.982284						0.000000	5.000000	0.013252
YML048W	YDL020C	0.982279	1.000000	0.302260	0.150281	0.205067	0.200750	0.000000	5.000000	0.018983
YBR166C	YIR023W	0.982278						0.000000	-5.000000	0.013291
YKL164C	YFR034C	0.982268	0.000000	0.301408	0.150281	0.204750	0.200562	0.000000	5.000000	0.012476
YGR121C	YDR123C	0.982251						1.000000	5.000000	0.013302
YPR002W	YIL101C	0.982249						1.000000	5.000000	0.012665
YFL048C	YBR083W	0.982246						1.000000	5.000000	0.013047
YLR359W	YBR049C	0.982244						0.000000	5.000000	0.012675
YLR051C	YKL015W	0.982236						1.000000	5.000000	0.013609
YGR027C	YPR065W	0.982227	0.000000	0.300562	0.150281	0.204435	0.200375	0.000000	5.000000	0.014340
YDL085W	YOR028C	0.982226						0.000000	5.000000	0.012432
YJL173C	YMR037C	0.982219						0.000000	5.000000	0.014977
YKL217W	YIL036W	0.982217						0.000000	5.000000	0.013039
YBR214W	YDR216W	0.982216						1.000000	5.000000	0.011924
YGL178W	YMR037C	0.982198						1.000000	5.000000	0.013374
YNL192W	YIL101C	0.982180						1.000000	5.000000	0.012998
YDL055C	YDR253C	0.982179						1.000000	5.000000	0.013633
YPL135W	YGL073W	0.982179						0.000000	5.000000	0.013391
YMR118C	YML027W	0.982153						0.000000	-5.000000	0.014246
YOR025W	YNL068C	0.982153						1.000000	5.000000	0.013175
YNL104C	YPL177C	0.982149	0.000000	0.299720	0.150281	0.204122	0.200187	0.000000	-5.000000	0.011535
YLR254C	YMR016C	0.982144						1.000000	5.000000	0.012987
YNR009W	YER111C	0.982135	1.000000	0.301676	0.151685	0.205812	0.201869	0.000000	5.000000	0.013054
YIL111W	YKR034W	0.982133						0.000000	5.000000	0.013078
YNL231C	YML007W	0.982126						1.000000	5.000000	0.012179
YGR142W	YKL020C	0.982124						0.000000	5.000000	0.012893
YNL281W	YJR060W	0.982124	0.000000	0.300836	0.151685	0.205498	0.201681	0.000000	5.000000	0.012584
YNL071W	YOL108C	0.982118						0.000000	5.000000	0.011626
YDR486C	YEL009C	0.982117						1.000000	5.000000	0.011792
YDR037W	YOR344C	0.982114						0.000000	5.000000	0.012871
YLL045C	YNL216W	0.982100						1.000000	5.000000	0.012897
YKL008C	YKL112W	0.982097						1.000000	5.000000	0.014163
YBL001C	YOR028C	0.982090						0.000000	5.000000	0.011565
YMR271C	YIL101C	0.982084						1.000000	5.000000	0.012885
YOR023C	YGL073W	0.982081						0.000000	5.000000	0.012190
YHR005C-A	YGL237C	0.982078						0.000000	5.000000	0.012623
YNR067C	YMR021C	0.982073	0.000000	0.300000	0.151685	0.205185	0.201493	0.000000	5.000000	0.014198
YMR040W	YMR016C	0.982064						1.000000	5.000000	0.013727
YGL157W	YML027W	0.982061						1.000000	5.000000	0.013977
YFR053C	YHR206W	0.982054						1.000000	5.000000	0.014036
YBR244W	YDR451C	0.982049	0.000000	0.299169	0.151685	0.204874	0.201305	0.000000	5.000000	0.014128
YKL216W	YMR037C	0.982043						1.000000	5.000000	0.013075
YLR350W	YHR084W	0.982039						1.000000	5.000000	0.012969
YKL192C	YOR140W	0.982035						0.000000	-5.000000	0.012738
YOR064C	YLR256W	0.982033						1.000000	5.000000	0.013471
YDL130W-A	YOL067C	0.982032						0.000000	5.000000	0.013062
YIL009W	YKL032C	0.982028						1.000000	5.000000	0.012882
YML042W	YOL067C	0.982028						0.000000	5.000000	0.012666
YOL077C	YDL106C	0.982028						0.000000	5.000000	0.014267
YER009W	YFR034C	0.982005						0.000000	5.000000	0.014724
YNL031C	YKL185W	0.982005						0.000000	-5.000000	0.012984
YNL037C	YOL067C	0.982004	0.000000	0.298343	0.151685	0.204564	0.201117	0.000000	5.000000	0.013085
YNL180C	YMR037C	0.982000						1.000000	-5.000000	0.013408
YGL055W	YDR123C	0.981998						1.000000	5.000000	0.012915
YDR272W	YOR028C	0.981994						0.000000	5.000000	0.012537
YNL310C	YDL020C	0.981982						0.000000	5.000000	0.013264
YHR139C	YMR164C	0.981980						0.000000	5.000000	0.012758
YLR248W	YJR060W	0.981977						1.000000	5.000000	0.012049
YGL121C	YHR084W	0.981973						0.000000	5.000000	0.013580
YKL143W	YKL112W	0.981955						1.000000	5.000000	0.012375
YAL034C	YGL073W	0.981942						0.000000	5.000000	0.013178
YNL063W	YGL073W	0.981942						1.000000	5.000000	0.010402
YHR135C	YFR034C	0.981933						1.000000	5.000000	0.013713
YER056C	YNL216W	0.981930						1.000000	5.000000	0.013110
YKL142W	YGL013C	0.981923						0.000000	5.000000	0.012003
YER055C	YMR037C	0.981920						1.000000	5.000000	0.015659
YOR098C	YJR060W	0.981919						1.000000	5.000000	0.012994
YKL218C	YER040W	0.981918						0.000000	5.000000	0.012829
YKR049C	YOR028C	0.981892						0.000000	5.000000	0.012980
YBR001C	YJR060W	0.981891						1.000000	5.000000	0.014439
YCL025C	YNL103W	0.981888	0.000000	0.297521	0.151685	0.204255	0.200930	0.000000	-5.000000	0.010702
YBR147W	YGL013C	0.981886	0.000000	0.296703	0.151685	0.203947	0.200743	0.000000	5.000000	0.013179
YHR068W	YKL032C	0.981886						1.000000	5.000000	0.012415
YDR363W-A	YMR037C	0.981879						1.000000	5.000000	0.012781
YIL088C	YJR060W	0.981879						1.000000	5.000000	0.012996
YGR175C	YPL202C	0.981873						0.000000	-5.000000	0.012374
YOR316C	YDR253C	0.981862						1.000000	5.000000	0.012459
YPL061W	YER111C	0.981861						0.000000	-5.000000	0.013055
YPL158C	YMR021C	0.981853	0.000000	0.295890	0.151685	0.203641	0.200557	0.000000	5.000000	0.013432
YHR021C	YIL131C	0.981852						1.000000	5.000000	0.013097
YOR264W	YER111C	0.981846	0.000000	0.295082	0.151685	0.203335	0.200371	0.000000	-5.000000	0.012821
YGR034W	YIL131C	0.981842						1.000000	5.000000	0.012471
YHL034C	YOR028C	0.981805						1.000000	5.000000	0.012095
YMR011W	YKL038W	0.981798	1.000000	0.297003	0.153090	0.205009	0.202039	0.000000	5.000000	0.012166
YOR234C	YIL131C	0.981793						1.000000	5.000000	0.013385
YAL023C	YMR043W	0.981788						1.000000	5.000000	0.013063
YKL058W	YHR124W	0.981785						1.000000	5.000000	0.013901
YER057C	YDL020C	0.981785						0.000000	5.000000	0.013200
YDR011W	YHR178W	0.981782						1.000000	5.000000	0.012362
YNL241C	YHR206W	0.981779						1.000000	5.000000	0.012632
YNL265C	YGL013C	0.981777						1.000000	5.000000	0.012725
YJL161W	YHR084W	0.981772						1.000000	5.000000	0.013219
YBR025C	YGL073W	0.981751						1.000000	5.000000	0.012806
YLR390W-A	YBL021C	0.981735						0.000000	-5.000000	0.013013
YLR048W	YHR124W	0.981729						0.000000	5.000000	0.011049
YHR096C	YHR084W	0.981722	0.000000	0.296196	0.153090	0.204704	0.201852	0.000000	5.000000	0.013216
YOR220W	YGL073W	0.981713						0.000000	5.000000	0.012631
YKR091W	YBR083W	0.981707						1.000000	5.000000	0.012565
YER068W	YEL009C	0.981700						1.000000	5.000000	0.012338
YLR270W	YGL013C	0.981697						0.000000	5.000000	0.012802
YKL190W	YDL020C	0.981678						0.000000	5.000000	0.012971
YMR225C	YOL067C	0.981677						0.000000	5.000000	0.012010
YDR037W	YDR253C	0.981675						0.000000	-5.000000	0.013603
YDR041W	YOL108C	0.981670						1.000000	5.000000	0.012496
YDL048C	YBR083W	0.981663						1.000000	5.000000	0.012409
YLR286C	YIR033W	0.981653	0.000000	0.295393	0.153090	0.204400	0.201665	0.000000	5.000000	0.012921
YER004W	YMR037C	0.981650						1.000000	5.000000	0.013760
YKR046C	YOL108C	0.981637						0.000000	5.000000	0.012386
YDR454C	YNL314W	0.981637						0.000000	5.000000	0.015190
YJR048W	YOL067C	0.981637						0.000000	5.000000	0.012878
YMR251W-A	YEL009C	0.981630						1.000000	5.000000	0.012463
YNL117W	YOL067C	0.981628						0.000000	5.000000	0.012033
YDR406W	YKL062W	0.981623						1.000000	5.000000	0.012365
YGL062W	YPL177C	0.981622						0.000000	-5.000000	0.014336
YIL078W	YBR049C	0.981619						0.000000	5.000000	0.011750
YJR116W	YOR162C	0.981606						1.000000	5.000000	0.012731
YPR057W	YNL216W	0.981606						1.000000	5.000000	0.012464
YBL015W	YJL056C	0.981599	0.000000	0.294595	0.153090	0.204097	0.201479	0.000000	5.000000	0.012299
YHR174W	YIL036W	0.981595						0.000000	-5.000000	0.014440
YDR023W	YBR049C	0.981588						0.000000	5.000000	0.012428
YDR074W	YPL230W	0.981576						0.000000	5.000000	0.012664
YPL195W	YGL071W	0.981574						1.000000	5.000000	0.012508
YNL147W	YKL032C	0.981574						1.000000	5.000000	0.012636
YDL090C	YHR084W	0.981572						1.000000	5.000000	0.012653
YDR408C	YEL009C	0.981571	0.000000	0.293801	0.153090	0.203795	0.201293	0.000000	5.000000	0.011071
YMR105C	YKL020C	0.981552						0.000000	5.000000	0.012543
YJR010W	YMR037C	0.981548						1.000000	5.000000	0.011349
YGR211W	YGL209W	0.981535	0.000000	0.293011	0.153090	0.203494	0.201107	0.000000	5.000000	0.012232
YDR012W	YOR162C	0.981528						1.000000	5.000000	0.012969
YML073C	YIL131C	0.981518						1.000000	5.000000	0.012582
YNL209W	YIR018W	0.981501						0.000000	5.000000	0.012641
YPR133W-A	YOL089C	0.981500						0.000000	-5.000000	0.012314
YER053C	YML007W	0.981498	0.000000	0.292225	0.153090	0.203194	0.200922	0.000000	5.000000	0.013239
YLR110C	YKL043W	0.981493						0.000000	5.000000	0.012347
YER035W	YOL108C	0.981487						0.000000	5.000000	0.012216
YMR098C	YHR084W	0.981483						1.000000	5.000000	0.011879
YDR381W	YKL112W	0.981470						0.000000	5.000000	0.012368
YBR230C	YOR140W	0.981466						0.000000	-5.000000	0.015190
YDL184C	YBL021C	0.981465						0.000000	-5.000000	0.013811
YNL067W	YMR037C	0.981462						1.000000	5.000000	0.013010
YDR002W	YKL112W	0.981459						0.000000	5.000000	0.012709
YNL130C	YMR037C	0.981455						1.000000	5.000000	0.012979
YBL042C	YPR104C	0.981453						1.000000	5.000000	0.012404
YPL037C	YJR060W	0.981450						0.000000	5.000000	0.012222
YLR299W	YMR037C	0.981447						1.000000	5.000000	0.012523
YOL082W	YDL020C	0.981445						1.000000	5.000000	0.012181
YML121W	YML007W	0.981440						1.000000	5.000000	0.012363
YNL141W	YIR023W	0.981439						0.000000	-5.000000	0.012157
YHL027W	YOR363C	0.981437						1.000000	5.000000	0.011987
YLR328W	YDR216W	0.981432						1.000000	5.000000	0.010576
YJR010W	YLR451W	0.981431						0.000000	5.000000	0.011683
YNR016C	YNL027W	0.981425						1.000000	5.000000	0.012122
YPR183W	YMR037C	0.981425						0.000000	5.000000	0.011790
YDL130W-A	YGL237C	0.981424						0.000000	5.000000	0.012160
YGR146C	YGL073W	0.981410						1.000000	5.000000	0.013016
YOR145C	YHR006W	0.981385						0.000000	-5.000000	0.013261
YKL026C	YHR084W	0.981383						0.000000	5.000000	0.013387
YPR036W-A	YOR028C	0.981383						0.000000	5.000000	0.012372
YDR384C	YBR083W	0.981378						0.000000	-5.000000	0.011965
YGL001C	YGL013C	0.981368						1.000000	5.000000	0.012141
YGR200C	YJR060W	0.981359						1.000000	5.000000	0.012138
YGR020C	YEL009C	0.981351						0.000000	5.000000	0.013359
YHL016C	YBR083W	0.981338						1.000000	5.000000	0.012130
YJR143C	YLR131C	0.981336						0.000000	-5.000000	0.012925
YEL033W	YBL005W	0.981330						0.000000	5.000000	0.011124
YBR089C-A	YJR060W	0.981316						1.000000	5.000000	0.011922
YML028W	YEL009C	0.981313	0.000000	0.291444	0.153090	0.202896	0.200737	0.000000	5.000000	0.011798
YOR288C	YOL108C	0.981306						1.000000	5.000000	0.012156
YDL200C	YOR028C	0.981306						0.000000	5.000000	0.014972
YPR133W-A	YDL020C	0.981299						0.000000	5.000000	0.012351
YOL087C	YHR084W	0.981291						1.000000	5.000000	0.013169
YPR030W	YMR037C	0.981291						1.000000	5.000000	0.013142
YBR038W	YGR249W	0.981270						0.000000	-5.000000	0.012402
YDR530C	YHR084W	0.981263						1.000000	5.000000	0.011975
YOR374W	YPL230W	0.981252						0.000000	5.000000	0.011871
YNR018W	YMR037C	0.981246						1.000000	5.000000	0.011338
YPL111W	YDR421W	0.981241	0.000000	0.290667	0.153090	0.202599	0.200552	0.000000	5.000000	0.012448
YNL037C	YGL237C	0.981235	0.000000	0.289894	0.153090	0.202303	0.200368	0.000000	5.000000	0.011915
YLR286C	YDR174W	0.981232						0.000000	5.000000	0.012637
YKR059W	YBR049C	0.981231						0.000000	5.000000	0.011848
YOR224C	YNL027W	0.981225						0.000000	-5.000000	0.011347
YNL015W	YER184C	0.981222						0.000000	5.000000	0.012924
YJR148W	YMR021C	0.981218						0.000000	5.000000	0.012779
YOR120W	YOR028C	0.981214						1.000000	5.000000	0.012875
YML042W	YJL056C	0.981203						0.000000	5.000000	0.011566
YKL104C	YBR083W	0.981196						1.000000	5.000000	0.011664
YNL069C	YMR280C	0.981180	0.000000	0.289125	0.153090	0.202008	0.200184	0.000000	-5.000000	0.013110
YPL111W	YMR021C	0.981173	0.000000	0.288360	0.153090	0.201714	0.200000	0.000000	5.000000	0.012184
YER103W	YLR176C	0.981171	0.000000	0.287599	0.153090	0.201421	0.199817	0.000000	5.000000	0.011851
YEL054C	YNL216W	0.981170						1.000000	-5.000000	0.012232
YHR136C	YIL036W	0.981169						0.000000	5.000000	0.012426
YDL075W	YBR240C	0.981169	0.000000	0.286842	0.153090	0.201130	0.199634	0.000000	-5.000000	0.012542
YLR447C	YEL009C	0.981167	0.000000	0.286089	0.153090	0.200839	0.199451	0.000000	5.000000	0.011794
YPL179W	YHR124W	0.981145						1.000000	5.000000	0.012005
YGL209W	YMR016C	0.981144						1.000000	5.000000	0.012567
YPR165W	YDL020C	0.981135						0.000000	5.000000	0.011965
YBR294W	YPL038W	0.981123						0.000000	5.000000	0.012354
YPL061W	YEL009C	0.981122						1.000000	5.000000	0.011806
YLR256W	YJR060W	0.981121						1.000000	5.000000	0.011112
YLR438C-A	YML007W	0.981120						1.000000	5.000000	0.012166
YNL229C	YJR060W	0.981120						1.000000	5.000000	0.011856
YFL030W	YHR084W	0.981116						1.000000	5.000000	0.012724
YBL075C	YNL216W	0.981103						1.000000	5.000000	0.012187
YDR043C	YNL027W	0.981102						1.000000	5.000000	0.011865
YAR035W	YER184C	0.981090						0.000000	5.000000	0.014585
YLR437C	YDR123C	0.981074						1.000000	5.000000	0.011442
YBR222C	YOL108C	0.981073						0.000000	5.000000	0.012741
YBR294W	YDR253C	0.981071						1.000000	5.000000	0.011226
YPL152W	YDL056W	0.981069						1.000000	5.000000	0.011882
YJL042W	YDR253C	0.981068						1.000000	5.000000	0.011906
YJL172W	YDR463W	0.981051						0.000000	-5.000000	0.012319
YCR079W	YFL021W	0.981051						1.000000	5.000000	0.012048
YAL039C	YJR060W	0.981050						1.000000	5.000000	0.013688
YIL057C	YNL216W	0.981042						1.000000	5.000000	0.011368
YKL191W	YJR060W	0.981037						1.000000	5.000000	0.012244
YMR123W	YJR060W	0.981032						1.000000	5.000000	0.011526
YDR190C	YMR043W	0.981032						1.000000	5.000000	0.011844
YDL048C	YOR162C	0.981027						1.000000	5.000000	0.012465
YOR122C	YDL020C	0.981025						0.000000	5.000000	0.012441
YOR084W	YDR216W	0.981021						1.000000	5.000000	0.012176
YOR096W	YIL131C	0.981017						1.000000	5.000000	0.012088
YNL002C	YBR083W	0.981007						0.000000	-5.000000	0.012044
YIL051C	YMR021C	0.981000						0.000000	5.000000	0.011687
YCL064C	YMR021C	0.980992	0.000000	0.285340	0.153090	0.200550	0.199269	0.000000	5.000000	0.012259
YKL019W	YML007W	0.980991						1.000000	5.000000	0.011922
YDR363W-A	YML007W	0.980981						1.000000	5.000000	0.012016
YDR208W	YDR123C	0.980981						1.000000	5.000000	0.011715
YIL123W	YMR043W	0.980976						1.000000	5.000000	0.012336
YBR077C	YBR083W	0.980963						1.000000	5.000000	0.011501
YDR418W	YPR104C	0.980956						1.000000	5.000000	0.011761
YPL015C	YMR016C	0.980940						1.000000	5.000000	0.011224
YFR031C-A	YHR124W	0.980928						0.000000	5.000000	0.007139
YLR089C	YNL103W	0.980924						0.000000	-5.000000	0.012386
YKL039W	YDL020C	0.980916						1.000000	5.000000	0.011844
YMR174C	YJL056C	0.980886						0.000000	5.000000	0.011861
YKR013W	YKL032C	0.980886						1.000000	5.000000	0.011615
YDR178W	YGL237C	0.980877						0.000000	5.000000	0.011485
YHR139C	YFL021W	0.980876						0.000000	-5.000000	0.011260
YLR175W	YPR104C	0.980874						0.000000	5.000000	0.013681
YNL008C	YMR016C	0.980871						1.000000	5.000000	0.013047
YNL002C	YDL106C	0.980866						0.000000	5.000000	0.011891
YEL033W	YGR044C	0.980864						0.000000	-5.000000	0.010918
YOR227W	YKL062W	0.980854						1.000000	5.000000	0.012711
YOL087C	YMR037C	0.980846						1.000000	5.000000	0.011560
YKR006C	YGL237C	0.980839						0.000000	5.000000	0.011207
YNL141W	YNL068C	0.980839						0.000000	5.000000	0.012786
YPR008W	YMR037C	0.980836						1.000000	5.000000	0.011888
YAL061W	YGL013C	0.980833	0.000000	0.284595	0.153090	0.200262	0.199087	0.000000	5.000000	0.011213
YIR038C	YGR249W	0.980827						0.000000	5.000000	0.012117
YCR095C	YNL199C	0.980825						1.000000	5.000000	0.011974
YMR297W	YOL108C	0.980822						0.000000	5.000000	0.012290
YAL061W	YOR028C	0.980815	0.000000	0.283854	0.153090	0.199975	0.198905	0.000000	5.000000	0.012560
YNL077W	YKL020C	0.980814						0.000000	5.000000	0.011433
YNL180C	YEL009C	0.980811						1.000000	5.000000	0.012044
YPR198W	YBR083W	0.980795						1.000000	5.000000	0.011854
YOR332W	YMR037C	0.980785						0.000000	5.000000	0.012438
YDL208W	YDL106C	0.980778						0.000000	5.000000	0.011539
YGR105W	YJR060W	0.980765						0.000000	5.000000	0.013468
YCL040W	YGL013C	0.980755						0.000000	5.000000	0.011781
YAL042W	YOR162C	0.980744						1.000000	5.000000	0.012053
YGR281W	YOR162C	0.980744						1.000000	5.000000	0.012865
YLR344W	YPL089C	0.980741	0.000000	0.283117	0.153090	0.199689	0.198724	0.000000	-5.000000	0.011574
YAL035W	YHR124W	0.980725						0.000000	5.000000	0.012803
YMR118C	YFL021W	0.980725						0.000000	-5.000000	0.012243
YPR058W	YER040W	0.980715	0.000000	0.282383	0.153090	0.199404	0.198543	0.000000	5.000000	0.012009
YLR110C	YPL075W	0.980713						0.000000	5.000000	0.011902
YKL152C	YPL038W	0.980712	0.000000	0.281654	0.153090	0.199120	0.198362	0.000000	-5.000000	0.012151
YJR070C	YNL068C	0.980707						0.000000	5.000000	0.012779
YPR030W	YPL230W	0.980697						0.000000	5.000000	0.011463
YOR367W	YDL020C	0.980690	0.000000	0.280928	0.153090	0.198837	0.198182	0.000000	5.000000	0.008810
YMR215W	YIL131C	0.980690						1.000000	5.000000	0.012572
YAL030W	YNL103W	0.980688						0.000000	-5.000000	0.011848
YFL014W	YJL056C	0.980680						0.000000	5.000000	0.011537
YJR152W	YBR083W	0.980679	0.000000	0.280206	0.153090	0.198555	0.198002	0.000000	5.000000	0.011542
YDR002W	YPL075W	0.980676						0.000000	5.000000	0.011548
YER087C-B	YMR037C	0.980668						0.000000	5.000000	0.010416
YJL138C	YKL038W	0.980660						0.000000	5.000000	0.012050
YNL135C	YMR037C	0.980656						0.000000	5.000000	0.012789
YHR030C	YDL020C	0.980647						0.000000	5.000000	0.009341
YER178W	YOL108C	0.980646						0.000000	5.000000	0.011246
YER103W	YKL020C	0.980641						0.000000	5.000000	0.012441
YDR006C	YJR060W	0.980641						1.000000	5.000000	0.011578
YBR214W	YKL020C	0.980639						0.000000	5.000000	0.013006
YER119C	YHR084W	0.980621						1.000000	5.000000	0.012195
YMR189W	YER040W	0.980616	0.000000	0.279487	0.153090	0.198274	0.197822	0.000000	5.000000	0.012344
YLR204W	YNL103W	0.980615						0.000000	-5.000000	0.012333
YOR344C	YDL106C	0.980614						1.000000	5.000000	0.012624
YHL016C	YDR463W	0.980611						0.000000	-5.000000	0.011561
YPR036W-A	YPL230W	0.980608						0.000000	5.000000	0.012047
YFL030W	YJL056C	0.980607						0.000000	5.000000	0.011997
YGL008C	YHR206W	0.980602						1.000000	5.000000	0.012208
YER017C	YJR060W	0.980601						1.000000	5.000000	0.011989
YFL021W	YEL009C	0.980595						1.000000	5.000000	0.012020
YBL075C	YFL021W	0.980589						0.000000	-5.000000	0.012486
YCL057W	YDL020C	0.980589						0.000000	5.000000	0.011764
YHR143W	YIR033W	0.980586	0.000000	0.278772	0.153090	0.197995	0.197643	0.000000	5.000000	0.012519
YGL252C	YJR060W	0.980586						1.000000	5.000000	0.011334
YHR121W	YEL009C	0.980580						1.000000	5.000000	0.008854
YCR012W	YOR162C	0.980566						0.000000	5.000000	0.011696
YPR169W	YGL013C	0.980566						1.000000	5.000000	0.011289
YFR019W	YDR123C	0.980562						1.000000	5.000000	0.011326
YLR178C	YJL056C	0.980546	0.000000	0.278061	0.153090	0.197716	0.197464	0.000000	5.000000	0.011835
YGR019W	YDR463W	0.980544	0.000000	0.277354	0.153090	0.197438	0.197285	0.000000	-5.000000	0.011449
YLR180W	YOR162C	0.980535						1.000000	5.000000	0.011748
YLL050C	YMR021C	0.980524						0.000000	5.000000	0.011474
YBR214W	YGL073W	0.980518						0.000000	5.000000	0.010556
YJL173C	YKL185W	0.980496						0.000000	5.000000	0.011397
YML112W	YGL013C	0.980487						1.000000	5.000000	0.011012
YML056C	YDL106C	0.980486						0.000000	5.000000	0.010552
YPL151C	YGL073W	0.980481						1.000000	5.000000	0.011979
YDR050C	YOR162C	0.980480						0.000000	5.000000	0.011671
YLR043C	YOL089C	0.980475						0.000000	-5.000000	0.012297
YKR097W	YGL237C	0.980472						0.000000	5.000000	0.011631
YGR028W	YBR083W	0.980470						1.000000	5.000000	0.011189
YLR227C	YBR083W	0.980466						1.000000	5.000000	0.011476
YIR037W	YOL108C	0.980465						0.000000	5.000000	0.014346
YML125C	YDR146C	0.980462						0.000000	-5.000000	0.012247
YBR069C	YIL036W	0.980453						0.000000	5.000000	0.011716
YNL070W	YOL108C	0.980436						0.000000	5.000000	0.013552
YDR171W	YDR310C	0.980432	0.000000	0.276650	0.153090	0.197162	0.197107	0.000000	5.000000	0.011285
YPL220W	YHR206W	0.980424	0.000000	0.275949	0.153090	0.196886	0.196929	0.000000	5.000000	0.010991
YMR302C	YJR060W	0.980416						1.000000	5.000000	0.011179
YKL175W	YGR044C	0.980414						0.000000	-5.000000	0.012512
YKL085W	YOR028C	0.980403						1.000000	5.000000	0.011330
YOR323C	YJR060W	0.980402						0.000000	5.000000	0.011991
YER001W	YKL185W	0.980401						0.000000	5.000000	0.011197
YDR475C	YGL073W	0.980388						1.000000	5.000000	0.011345
YMR188C	YEL009C	0.980384						1.000000	5.000000	0.011948
YOR310C	YHR006W	0.980364						0.000000	-5.000000	0.011164
YBR140C	YHR084W	0.980357						1.000000	5.000000	0.011433
YDL204W	YAL051W	0.980349						0.000000	5.000000	0.014036
YLR009W	YNL068C	0.980338						0.000000	5.000000	0.011034
YGL115W	YJR060W	0.980338						1.000000	5.000000	0.011360
YMR098C	YKR099W	0.980331						1.000000	5.000000	0.011794
YIL111W	YKL020C	0.980321						0.000000	5.000000	0.011187
YKL032C	YHR178W	0.980310						1.000000	5.000000	0.011104
YCR069W	YMR037C	0.980308						1.000000	5.000000	0.010733
YMR134W	YLR256W	0.980305						1.000000	5.000000	0.011064
YBR121C	YKL112W	0.980298	0.000000	0.275253	0.153090	0.196338	0.196751	0.000000	5.000000	0.010995
YKL164C	YHL027W	0.980298	0.000000	0.274559	0.153090	0.196338	0.196573	0.000000	-5.000000	0.011353
YLR109W	YIR017C	0.980295	0.000000	0.273869	0.153090	0.196066	0.196396	0.000000	5.000000	0.011559
YOR001W	YJR060W	0.980293						1.000000	5.000000	0.011057
YPL218W	YMR037C	0.980291						0.000000	5.000000	0.011065
YAR035W	YKL062W	0.980289						1.000000	5.000000	0.014749
YMR139W	YJR060W	0.980285						1.000000	5.000000	0.011948
YML008C	YMR037C	0.980280						1.000000	5.000000	0.011218
YOR142W	YBL021C	0.980272						0.000000	-5.000000	0.011723
YKL192C	YOL089C	0.980247						0.000000	-5.000000	0.011394
YOL119C	YDR207C	0.980245	0.000000	0.273183	0.153090	0.195794	0.196220	0.000000	5.000000	0.011605
YGR254W	YLR256W	0.980239	0.000000	0.272500	0.153090	0.195523	0.196043	0.000000	-5.000000	0.010586
YNR041C	YIL101C	0.980231						1.000000	5.000000	0.012125
YNL169C	YGL071W	0.980228						1.000000	5.000000	0.010938
YOR173W	YGL073W	0.980226	0.000000	0.271820	0.153090	0.195254	0.195867	0.000000	5.000000	0.011030
YOR025W	YKL032C	0.980222						1.000000	5.000000	0.011153
YLR130C	YGR044C	0.980215						0.000000	-5.000000	0.010791
YBR029C	YOL108C	0.980214						1.000000	5.000000	0.011128
YJL217W	YNL103W	0.980208						0.000000	-5.000000	0.010608
YOR247W	YIR017C	0.980208	0.000000	0.271144	0.153090	0.194985	0.195691	0.000000	5.000000	0.011156
YDR367W	YGL013C	0.980207						1.000000	5.000000	0.011401
YJR072C	YGR044C	0.980206						0.000000	-5.000000	0.010407
YER018C	YOL108C	0.980186						1.000000	5.000000	0.011404
YBL068W	YLR403W	0.980182						1.000000	5.000000	0.015585
YMR318C	YMR037C	0.980179						1.000000	5.000000	0.011937
YER046W	YPR104C	0.980175						1.000000	5.000000	0.010998
YNL066W	YGL013C	0.980141	0.000000	0.270471	0.153090	0.194718	0.195516	0.000000	5.000000	0.012032
YBL039C	YNL068C	0.980120						0.000000	5.000000	0.011134
YGR027C	YNL314W	0.980100	0.000000	0.269802	0.153090	0.194451	0.195341	0.000000	5.000000	0.011314
YBR009C	YMR037C	0.980100						0.000000	5.000000	0.015354
YOR167C	YIL131C	0.980098	0.000000	0.269136	0.153090	0.194185	0.195166	0.000000	5.000000	0.011711
YMR217W	YJR060W	0.980096						1.000000	5.000000	0.010776
YIL136W	YJL056C	0.980084						0.000000	5.000000	0.011442
YDR380W	YDR463W	0.980083						0.000000	-5.000000	0.011452
YKL051W	YLR256W	0.980081						1.000000	5.000000	0.010912
YPR028W	YDL020C	0.980069						0.000000	5.000000	0.010974
YER159C	YMR037C	0.980066						1.000000	5.000000	0.011080
YHR209W	YDL020C	0.980063						0.000000	5.000000	0.011704
YBR011C	YNL103W	0.980063						0.000000	5.000000	0.010545
YDR119W-A	YHR084W	0.980060						0.000000	5.000000	0.011271
YOL058W	YER040W	0.980056						1.000000	5.000000	0.010254
YJL145W	YGR044C	0.980039						0.000000	-5.000000	0.010648
YOR215C	YML007W	0.980025						0.000000	5.000000	0.008877
YDL081C	YOL028C	0.980021						0.000000	5.000000	0.010439
YKL008C	YHR206W	0.980020						1.000000	5.000000	0.016009
YOR347C	YFR034C	0.980019						1.000000	5.000000	0.010830
YFL045C	YOL116W	0.980010						0.000000	-5.000000	0.010989
YKL181W	YHR006W	0.980006						0.000000	-5.000000	0.010002
YMR260C	YBR049C	0.980001						0.000000	5.000000	0.011196
YJR073C	YBL103C	0.979993						0.000000	5.000000	0.011170
YAL007C	YMR037C	0.979992						1.000000	5.000000	0.010131
YGR281W	YDR253C	0.979988						1.000000	5.000000	0.010732
YDR077W	YEL009C	0.979979						1.000000	5.000000	0.010666
YJR103W	YDR123C	0.979971						1.000000	5.000000	0.011277
YOL061W	YPR104C	0.979971						0.000000	5.000000	0.015295
YLR399C	YIL131C	0.979970						1.000000	5.000000	0.010271
YDR059C	YOL108C	0.979967						0.000000	5.000000	0.010995
YER146W	YJR060W	0.979965						0.000000	5.000000	0.014584
YNL180C	YOR162C	0.979963						1.000000	5.000000	0.011085
YGR264C	YHR006W	0.979960						0.000000	-5.000000	0.011082
YKR095W	YPL089C	0.979957						1.000000	5.000000	0.010415
YDL168W	YML007W	0.979950						1.000000	5.000000	0.010901
YDR453C	YOR028C	0.979947	0.000000	0.268473	0.153090	0.193920	0.194991	0.000000	5.000000	0.011564
YBL064C	YGL013C	0.979942						0.000000	5.000000	0.010410
YBL075C	YML027W	0.979933						0.000000	-5.000000	0.011257
YEL011W	YMR037C	0.979926						1.000000	5.000000	0.010220
YJL002C	YDL056W	0.979919						0.000000	5.000000	0.012170
YKL057C	YMR037C	0.979915						1.000000	5.000000	0.011164
YGR080W	YEL009C	0.979896						0.000000	5.000000	0.010345
YOR375C	YBR083W	0.979882	0.000000	0.267813	0.153090	0.193657	0.194817	0.000000	5.000000	0.010992
YDL082W	YDL106C	0.979882						0.000000	5.000000	0.010726
Q0050	YJL056C	0.979877						0.000000	5.000000	0.012008
YNL173C	YJR060W	0.979867						1.000000	5.000000	0.009950
YBL078C	YDR463W	0.979860						0.000000	-5.000000	0.012316
YDR322C-A	YGL237C	0.979860						0.000000	5.000000	0.010773
YGR181W	YMR037C	0.979841						1.000000	5.000000	0.010867
YDR432W	YEL009C	0.979827						0.000000	5.000000	0.011431
YNR067C	YFR034C	0.979826	0.000000	0.267157	0.153090	0.193394	0.194643	0.000000	5.000000	0.010066
YNL002C	YNL068C	0.979825						0.000000	5.000000	0.010579
YGR142W	YLR176C	0.979819	0.000000	0.266504	0.153090	0.193132	0.194469	0.000000	5.000000	0.011065
YDR339C	YOR162C	0.979812						1.000000	5.000000	0.011041
YJL020C	YDL020C	0.979794						0.000000	5.000000	0.011222
YKL093W	YGL073W	0.979785						0.000000	5.000000	0.012066
YBR035C	YDL020C	0.979785						0.000000	5.000000	0.010466
YPL163C	YDL056W	0.979783	1.000000	0.268293	0.154494	0.194743	0.196078	0.000000	5.000000	0.010932
YJL052W	YGL073W	0.979776						0.000000	5.000000	0.010526
YOR356W	YHR084W	0.979774						1.000000	5.000000	0.010200
YML028W	YMR037C	0.979771	0.000000	0.267640	0.154494	0.194481	0.195904	0.000000	5.000000	0.010401
YIL117C	YPL089C	0.979754	0.000000	0.266990	0.154494	0.194219	0.195730	0.000000	5.000000	0.010980
YLR355C	YHR006W	0.979750						0.000000	-5.000000	0.011566
YER052C	YDR253C	0.979746						1.000000	5.000000	0.011233
YAL003W	YDR253C	0.979739						0.000000	-5.000000	0.010426
YOR232W	YJR060W	0.979732						0.000000	5.000000	0.011603
YPR035W	YBR083W	0.979732	0.000000	0.266344	0.154494	0.193959	0.195556	0.000000	5.000000	0.011132
YML116W	YEL009C	0.979731						1.000000	5.000000	0.013792
YJL123C	YGL013C	0.979729						0.000000	5.000000	0.012776
YLR203C	YMR037C	0.979714						1.000000	5.000000	0.012127
YML058W	YIL131C	0.979687						1.000000	5.000000	0.012954
YLL026W	YPL230W	0.979678						0.000000	5.000000	0.012090
YDR151C	YGL073W	0.979678						0.000000	5.000000	0.010529
YBR003W	YGL013C	0.979678						0.000000	5.000000	0.012081
YLR299W	YER111C	0.979657						1.000000	5.000000	0.010921
YBR162C	YMR037C	0.979655						1.000000	5.000000	0.010982
YFR049W	YJR060W	0.979637						1.000000	5.000000	0.011429
YPL230W	YKL020C	0.979636						0.000000	5.000000	0.011269
YAL008W	YOR028C	0.979617						0.000000	5.000000	0.010331
YML012W	YIR017C	0.979615						0.000000	5.000000	0.010457
YGR159C	YNL027W	0.979601	0.000000	0.265700	0.154494	0.193699	0.195382	0.000000	-5.000000	0.011251
YGR020C	YMR037C	0.979601						0.000000	5.000000	0.012000
YBL033C	YML007W	0.979594						1.000000	5.000000	0.010981
YDR077W	YKL032C	0.979586						1.000000	5.000000	0.010596
YER092W	YPL038W	0.979579						1.000000	5.000000	0.010937
YDL208W	YHR006W	0.979578						0.000000	-5.000000	0.011108
YPL143W	YIL131C	0.979573	0.000000	0.265060	0.154494	0.193440	0.195209	0.000000	5.000000	0.010298
YJR008W	YHR084W	0.979569						0.000000	5.000000	0.010957
YEL054C	YDL106C	0.979562						0.000000	5.000000	0.010313
YBR026C	YOR028C	0.979555						0.000000	5.000000	0.010889
YKL117W	YNL103W	0.979547						0.000000	-5.000000	0.010553
YLR218C	YDL020C	0.979542						0.000000	5.000000	0.011678
YIL160C	YGR249W	0.979535						0.000000	5.000000	0.010780
YGR204W	YEL009C	0.979530						1.000000	5.000000	0.011108
YOR347C	YKL032C	0.979524						1.000000	5.000000	0.010535
YDL226C	YDL106C	0.979503						1.000000	5.000000	0.010982
YEL034W	YOL028C	0.979499						0.000000	5.000000	0.011681
YBL015W	YGL237C	0.979484	0.000000	0.264423	0.154494	0.193182	0.195035	0.000000	5.000000	0.010774
YDR033W	YMR037C	0.979480						1.000000	5.000000	0.009507
YCL035C	YJR060W	0.979474						1.000000	5.000000	0.007594
YOR348C	YGL013C	0.979473	0.000000	0.263789	0.154494	0.192926	0.194863	0.000000	5.000000	0.010172
YLR073C	YPR104C	0.979455						1.000000	5.000000	0.010440
YDR287W	YIR018W	0.979451						1.000000	5.000000	0.010842
YCL018W	YMR037C	0.979444						1.000000	5.000000	0.010270
YNL087W	YLR403W	0.979440						1.000000	5.000000	0.009961
YOL086C	YKL112W	0.979412	1.000000	0.265550	0.155899	0.194524	0.196460	0.000000	5.000000	0.011156
YAL022C	YGL013C	0.979391						1.000000	5.000000	0.010235
YER150W	YKL062W	0.979387						1.000000	5.000000	0.012358
YLR074C	YHR006W	0.979384	0.000000	0.264916	0.155899	0.194267	0.196286	0.000000	-5.000000	0.015918
YGR189C	YMR021C	0.979381	0.000000	0.264286	0.155899	0.194010	0.196113	0.000000	5.000000	0.010051
YBR026C	YML007W	0.979380						0.000000	5.000000	0.010954
YLR164W	YDR423C	0.979374						0.000000	5.000000	0.010398
YJL167W	YEL009C	0.979374						0.000000	5.000000	0.009779
YLR449W	YHR006W	0.979373	0.000000	0.263658	0.155899	0.193755	0.195940	0.000000	-5.000000	0.011837
YLR164W	YKL062W	0.979371						1.000000	5.000000	0.009868
YBL045C	YGL237C	0.979369	0.000000	0.263033	0.155899	0.193500	0.195767	0.000000	5.000000	0.010482
YJR127C	YOR162C	0.979361						1.000000	5.000000	0.011240
YJL190C	YIL131C	0.979351						1.000000	5.000000	0.010297
YML106W	YLR131C	0.979331						0.000000	-5.000000	0.010884
YHR104W	YGL013C	0.979322	0.000000	0.262411	0.155899	0.193246	0.195595	0.000000	5.000000	0.010953
YHR170W	YIR023W	0.979307						0.000000	-5.000000	0.010549
YEL007W	YMR037C	0.979304						1.000000	5.000000	0.011391
YMR286W	YOR028C	0.979304						1.000000	5.000000	0.009958
YOL012C	YER111C	0.979298						0.000000	5.000000	0.010241
YFL021W	YMR037C	0.979297						1.000000	-5.000000	0.010632
YBL002W	YMR037C	0.979292						1.000000	5.000000	0.010506
YER095W	YDR123C	0.979288						1.000000	5.000000	0.010058
YGR167W	YOL089C	0.979279						0.000000	-5.000000	0.008633
YGL103W	YPL038W	0.979273	0.000000	0.261792	0.155899	0.192993	0.195423	0.000000	-5.000000	0.010507
YBR280C	YMR016C	0.979271						1.000000	5.000000	0.010759
YLR285W	YOL108C	0.979269						1.000000	5.000000	0.010635
YPL110C	YFR034C	0.979224						1.000000	5.000000	0.010272
YLR388W	YKL043W	0.979220						0.000000	5.000000	0.010232
YCL018W	YEL009C	0.979205						1.000000	5.000000	0.009866
YLR258W	YGL013C	0.979204	0.000000	0.261176	0.155899	0.192741	0.195251	0.000000	5.000000	0.011587
YDR119W-A	YML007W	0.979195						0.000000	5.000000	0.009820
YDL091C	YER040W	0.979183						1.000000	5.000000	0.010140
YML008C	YDR451C	0.979180						0.000000	5.000000	0.011057
YER044C	YJR060W	0.979175						1.000000	5.000000	0.010087
YGL252C	YEL009C	0.979169						1.000000	5.000000	0.010318
YNL327W	YNL216W	0.979169						1.000000	5.000000	0.009562
YNL135C	YNL103W	0.979162						0.000000	-5.000000	0.009893
YHL011C	YHR124W	0.979161						0.000000	5.000000	0.010230
YJL143W	YDL020C	0.979153						0.000000	5.000000	0.010319
YKL006C-A	YBR083W	0.979140						1.000000	5.000000	0.010294
YFL024C	YDL020C	0.979135						1.000000	5.000000	0.010839
YGR088W	YMR016C	0.979120						1.000000	5.000000	0.009785
YOR023C	YMR016C	0.979116						1.000000	5.000000	0.010215
YHR001W-A	YDR081C	0.979108						0.000000	-5.000000	0.010312
YNR028W	YER111C	0.979106						1.000000	5.000000	0.010247
YNL130C	YOL108C	0.979101						1.000000	5.000000	0.010917
YHR162W	YNL167C	0.979099	0.000000	0.260563	0.155899	0.192490	0.195079	0.000000	5.000000	0.010558
YJR143C	YDL056W	0.979088						0.000000	5.000000	0.010649
YIL003W	YLR403W	0.979084						1.000000	5.000000	0.010404
YGR191W	YLR403W	0.979079						1.000000	5.000000	0.010193
YJL079C	YJL056C	0.979072	0.000000	0.259953	0.155899	0.192240	0.194908	0.000000	5.000000	0.010548
YGR203W	YMR037C	0.979067						1.000000	5.000000	0.010916
YCL035C	YOR140W	0.979062						0.000000	-5.000000	0.009501
YLL029W	YGL073W	0.979061						0.000000	5.000000	0.010471
YGL105W	YKL112W	0.979056						0.000000	5.000000	0.010933
YOL126C	YGL013C	0.979053						1.000000	5.000000	0.010315
YPL262W	YGL237C	0.979052						0.000000	5.000000	0.010760
YJL191W	YIL131C	0.979048						1.000000	5.000000	0.010533
YDR073W	YJR060W	0.979044						1.000000	5.000000	0.010234
YER055C	YIL131C	0.979032						1.000000	5.000000	0.010310
YNL219C	YHR124W	0.979031						1.000000	5.000000	0.009970
YJL159W	YDR123C	0.979031	0.000000	0.259346	0.155899	0.191990	0.194737	0.000000	5.000000	0.010299
YKR059W	YOR162C	0.979030						0.000000	5.000000	0.009671
YOL108C	YDR123C	0.979023						1.000000	5.000000	0.010904
YGL120C	YHR006W	0.979019						0.000000	-5.000000	0.011479
YMR292W	YLR131C	0.979015						0.000000	-5.000000	0.011948
YJR063W	YDL106C	0.979004						0.000000	5.000000	0.009496
YDL045W-A	YGL237C	0.978993						0.000000	5.000000	0.010820
YER067W	YGL073W	0.978964						0.000000	5.000000	0.009997
YDR307W	YML007W	0.978962						1.000000	5.000000	0.009955
YHR008C	YML007W	0.978953	0.000000	0.258741	0.155899	0.191741	0.194566	0.000000	5.000000	0.009889
YAL025C	YNL068C	0.978946						0.000000	5.000000	0.009851
YKL065C	YOL108C	0.978940						0.000000	5.000000	0.010170
YER031C	YEL009C	0.978938						0.000000	5.000000	0.009811
YHR082C	YGL073W	0.978927						1.000000	5.000000	0.010159
YNL289W	YPL089C	0.978924						1.000000	5.000000	0.010893
YBL043W	YGL237C	0.978918						0.000000	5.000000	0.011280
YMR173W	YMR037C	0.978914						1.000000	5.000000	0.008705
YPL111W	YKL032C	0.978909	0.000000	0.258140	0.155899	0.191494	0.194396	0.000000	5.000000	0.010448
YDR527W	YEL009C	0.978905						1.000000	5.000000	0.009628
YKL217W	YGL237C	0.978898	0.000000	0.257541	0.155899	0.191247	0.194226	0.000000	5.000000	0.009590
YDR516C	YGL013C	0.978895	0.000000	0.256944	0.155899	0.191000	0.194056	0.000000	5.000000	0.010031
YBR093C	YBL005W	0.978891	0.000000	0.256351	0.155899	0.190755	0.193886	0.000000	5.000000	0.010738
YOR354C	YHR178W	0.978882						1.000000	5.000000	0.010334
YFR017C	YJL056C	0.978880	0.000000	0.255760	0.155899	0.190511	0.193717	0.000000	5.000000	0.011839
YMR311C	YOR028C	0.978871						0.000000	5.000000	0.011968
YHR203C	YHR124W	0.978863						0.000000	5.000000	0.010134
YAL030W	YMR021C	0.978861						0.000000	5.000000	0.009893
YFR031C-A	YPR104C	0.978849	0.000000	0.255172	0.155899	0.190267	0.193548	0.000000	5.000000	0.007352
YPR062W	YKL112W	0.978849						0.000000	5.000000	0.009724
YBR196C	YKL112W	0.978846	0.000000	0.254587	0.155899	0.190024	0.193380	0.000000	5.000000	0.009706
YDR451C	YPR104C	0.978845						1.000000	5.000000	0.010100
YEL033W	YPL038W	0.978839						0.000000	-5.000000	0.010268
YGR106C	YEL009C	0.978837						0.000000	5.000000	0.014305
YOL127W	YIL131C	0.978829						1.000000	5.000000	0.009592
YNR018W	YOR162C	0.978825						1.000000	5.000000	0.009762
YHL001W	YJR060W	0.978825						1.000000	5.000000	0.010984
YKL098W	YHR084W	0.978822						1.000000	5.000000	0.009447
YDR077W	YHL027W	0.978815						0.000000	-5.000000	0.010574
YEL006W	YER040W	0.978813						0.000000	5.000000	0.010423
YER103W	YPL230W	0.978806						0.000000	5.000000	0.009604
YFR019W	YGL073W	0.978804						0.000000	5.000000	0.009252
YLR441C	YHR124W	0.978799						0.000000	5.000000	0.010710
YMR107W	YFL021W	0.978796						0.000000	-5.000000	0.010422
YGR248W	YJL056C	0.978794	0.000000	0.254005	0.155899	0.189782	0.193211	0.000000	5.000000	0.009391
YNL087W	YMR037C	0.978793						1.000000	5.000000	0.009841
YNL312W	YIR017C	0.978788						0.000000	5.000000	0.010459
YPL095C	YAL051W	0.978786						1.000000	5.000000	0.009936
YLR264W	YLR403W	0.978766						1.000000	5.000000	0.010357
YLR075W	YMR280C	0.978751	0.000000	0.253425	0.155899	0.189541	0.193043	0.000000	-5.000000	0.009678
YGR032W	YKL062W	0.978738						1.000000	5.000000	0.010696
YLR327C	YML007W	0.978727	0.000000	0.252847	0.155899	0.189300	0.192876	0.000000	5.000000	0.010106
YGL004C	YKL032C	0.978719						1.000000	5.000000	0.009853
YLR231C	YNL216W	0.978713						1.000000	5.000000	0.010155
YHR190W	YDL020C	0.978713						0.000000	5.000000	0.010119
YFL018C	YOL108C	0.978708	0.000000	0.252273	0.155899	0.189060	0.192708	0.000000	5.000000	0.009710
YHR037W	YOL108C	0.978686						0.000000	5.000000	0.010247
YKL185W	YMR021C	0.978680	0.000000	0.251701	0.155899	0.188821	0.192541	0.000000	5.000000	0.009382
YNL088W	YKL185W	0.978669						0.000000	5.000000	0.011223
YGR055W	YGR044C	0.978664						0.000000	-5.000000	0.009392
YMR002W	YGL237C	0.978662						0.000000	5.000000	0.012861
YJL122W	YNL068C	0.978661						0.000000	5.000000	0.009706
YER072W	YKL112W	0.978656						0.000000	5.000000	0.008514
YKL205W	YEL009C	0.978656						1.000000	5.000000	0.009819
YEL001C	YIR017C	0.978651						0.000000	5.000000	0.009498
YNL006W	YMR037C	0.978650						1.000000	5.000000	0.010113
YOL110W	YKL062W	0.978649						1.000000	5.000000	0.010160
YIL045W	YMR016C	0.978646						1.000000	5.000000	0.010046
YBR025C	YPR104C	0.978645						0.000000	5.000000	0.011626
YEL021W	YIL131C	0.978630						1.000000	5.000000	0.010249
YKL021C	YDL106C	0.978627						0.000000	5.000000	0.014840
YLR090W	YHR084W	0.978622						1.000000	5.000000	0.009981
YBR039W	YBL021C	0.978618						0.000000	-5.000000	0.010302
YCL025C	YDR207C	0.978610	0.000000	0.251131	0.155899	0.188583	0.192374	0.000000	5.000000	0.008635
YGL071W	YIL101C	0.978606						1.000000	5.000000	0.009518
YAL003W	YPR104C	0.978604						0.000000	5.000000	0.009244
YPR167C	YJR060W	0.978601						1.000000	5.000000	0.010317
YGR142W	YGL209W	0.978593	0.000000	0.250564	0.155899	0.188346	0.192208	0.000000	5.000000	0.010305
YMR188C	YKL062W	0.978591						1.000000	5.000000	0.010253
YFR019W	YMR016C	0.978578						0.000000	5.000000	0.009805
YGR159C	YIR023W	0.978575	0.000000	0.250000	0.155899	0.188109	0.192042	0.000000	-5.000000	0.009929
YLR292C	YDR451C	0.978574						0.000000	5.000000	0.008955
YDR251W	YBR083W	0.978570						1.000000	5.000000	0.009751
YKL195W	YDL020C	0.978562						1.000000	5.000000	0.009753
YLR356W	YML007W	0.978554						0.000000	5.000000	0.011208
YPR160W	YMR037C	0.978553						1.000000	5.000000	0.008353
YHR193C	YNL314W	0.978547						0.000000	5.000000	0.011141
YHR056C	YKL020C	0.978535						0.000000	5.000000	0.009761
YHR049W	YNL027W	0.978534						0.000000	-5.000000	0.009564
YOL038W	YOR162C	0.978533						1.000000	5.000000	0.009514
YBR052C	YNL103W	0.978526						0.000000	-5.000000	0.009748
YNL312W	YKL032C	0.978510						0.000000	5.000000	0.009706
YBR047W	YHR084W	0.978501						1.000000	5.000000	0.009305
YBR127C	YBL021C	0.978500						0.000000	-5.000000	0.006747
YNL248C	YHR006W	0.978500						0.000000	-5.000000	0.007865
YKR034W	YDR259C	0.978497						0.000000	5.000000	0.009662
YDR072C	YOR363C	0.978484						1.000000	5.000000	0.010191
YOR025W	YOL108C	0.978480						1.000000	5.000000	0.010742
YDR380W	YMR070W	0.978471						0.000000	5.000000	0.009014
YOR270C	YMR037C	0.978470						0.000000	5.000000	0.010569
YDR063W	YNL103W	0.978467						0.000000	-5.000000	0.015934
YMR195W	YMR037C	0.978463						1.000000	5.000000	0.009648
YML052W	YCR065W	0.978460						0.000000	5.000000	0.010211
YGL037C	YKL020C	0.978454						0.000000	5.000000	0.010022
YKL143W	YHR006W	0.978448						0.000000	-5.000000	0.010359
YJL151C	YMR037C	0.978446						1.000000	5.000000	0.010261
YKL094W	YGL073W	0.978443						0.000000	5.000000	0.009477
YDL178W	YIL101C	0.978439						1.000000	5.000000	0.009844
YMR170C	YHR084W	0.978412						1.000000	5.000000	0.011086
YJR073C	YKL032C	0.978411						0.000000	5.000000	0.009694
YDR502C	YIL131C	0.978407						1.000000	5.000000	0.010099
YOR122C	YNL103W	0.978407						0.000000	-5.000000	0.009655
YGR142W	YCR065W	0.978397						0.000000	-5.000000	0.009364
YNR016C	YLR176C	0.978385						0.000000	-5.000000	0.009826
YLR427W	YIL131C	0.978376						1.000000	5.000000	0.009909
YGL196W	YER040W	0.978366						0.000000	5.000000	0.009415
YAL060W	YOR140W	0.978352						0.000000	-5.000000	0.010282
YPL154C	YIR023W	0.978348						0.000000	5.000000	0.010942
YPL218W	YJR147W	0.978331						0.000000	5.000000	0.009689
YER046W	YIL101C	0.978320						1.000000	5.000000	0.009298
YBR214W	YPR104C	0.978317						1.000000	5.000000	0.009638
YDR074W	YGL013C	0.978316	0.000000	0.249438	0.155899	0.187874	0.191876	0.000000	5.000000	0.010138
YOL020W	YHR084W	0.978311						1.000000	5.000000	0.009220
YML075C	YMR037C	0.978305						1.000000	5.000000	0.009879
YLR178C	YGL013C	0.978304	0.000000	0.248879	0.155899	0.187639	0.191710	0.000000	5.000000	0.009287
YCR012W	YJR060W	0.978302	0.000000	0.248322	0.155899	0.187404	0.191544	0.000000	5.000000	0.009639
YPL106C	YGL209W	0.978289	0.000000	0.247768	0.155899	0.187171	0.191379	0.000000	5.000000	0.009916
YDL065C	YGL237C	0.978288						0.000000	5.000000	0.010280
YGR243W	YDR216W	0.978288						0.000000	5.000000	0.009443
YCR012W	YPL075W	0.978283	1.000000	0.249443	0.157303	0.188728	0.192937	0.000000	5.000000	0.009631
YBR244W	YMR021C	0.978282	0.000000	0.248889	0.157303	0.188494	0.192771	0.000000	5.000000	0.009473
YLR178C	YOR140W	0.978279						0.000000	-5.000000	0.010306
YNL289W	YER111C	0.978270						1.000000	5.000000	0.010134
YKL141W	YOL067C	0.978257						0.000000	5.000000	0.009587
YHL004W	YDR123C	0.978246						1.000000	5.000000	0.009766
YLR197W	YDL106C	0.978244						0.000000	5.000000	0.008793
YER103W	YDR310C	0.978242	0.000000	0.248337	0.157303	0.188261	0.192605	0.000000	5.000000	0.009605
YNL209W	YDR253C	0.978232						0.000000	-5.000000	0.009065
YMR049C	YHR006W	0.978231						0.000000	-5.000000	0.013476
YML085C	YDL056W	0.978231						0.000000	5.000000	0.009461
YGL147C	YIL131C	0.978224						1.000000	5.000000	0.009803
YDR441C	YCR084C	0.978223						1.000000	5.000000	0.010533
YCL025C	YDR463W	0.978223	1.000000	0.250000	0.158708	0.189812	0.194158	0.000000	-5.000000	0.009159
YJL044C	YAL051W	0.978219						1.000000	5.000000	0.009703
YGL100W	YGR044C	0.978217						0.000000	-5.000000	0.009563
YGR267C	YDL020C	0.978209	0.000000	0.249448	0.158708	0.189579	0.193991	0.000000	5.000000	0.009164
YLR351C	YEL009C	0.978177						0.000000	5.000000	0.010819
YDR032C	YOR028C	0.978175						0.000000	5.000000	0.006457
YOR224C	YDL106C	0.978170						0.000000	5.000000	0.009060
YEL060C	YDR463W	0.978165	0.000000	0.248899	0.158708	0.189346	0.193825	0.000000	-5.000000	0.009096
YNL288W	YMR016C	0.978156						1.000000	5.000000	0.009966
YJL189W	YDR253C	0.978136						1.000000	5.000000	0.009654
YIL003W	YKR099W	0.978131						1.000000	5.000000	0.009285
YOL030W	YKL043W	0.978127						0.000000	5.000000	0.008015
YHR009C	YGL073W	0.978120						0.000000	5.000000	0.008468
YAL059W	YDR216W	0.978112						1.000000	5.000000	0.010011
YDR256C	YAL051W	0.978110						1.000000	5.000000	0.007835
YGR048W	YMR043W	0.978109						1.000000	5.000000	0.009720
YLR092W	YKL032C	0.978104						1.000000	5.000000	0.009402
YPL235W	YMR043W	0.978095						1.000000	5.000000	0.009134
YDR046C	YGL013C	0.978089						1.000000	5.000000	0.009617
YIL129C	YGL013C	0.978086						1.000000	5.000000	0.009316
YHL013C	YGL013C	0.978077						1.000000	5.000000	0.010008
YER057C	YJR060W	0.978063						1.000000	5.000000	0.009420
YCR088W	YHR084W	0.978051						1.000000	5.000000	0.009025
YGL078C	YHR006W	0.978046						0.000000	-5.000000	0.010910
YLR454W	YHR084W	0.978043						1.000000	5.000000	0.009368
YDR382W	YMR280C	0.978043	0.000000	0.248352	0.158708	0.189113	0.193659	0.000000	-5.000000	0.009466
YLR342W	YKL062W	0.978039						1.000000	5.000000	0.008849
YDR129C	YDR174W	0.978028						0.000000	5.000000	0.009066
YER124C	YGL013C	0.978028	0.000000	0.247807	0.158708	0.188882	0.193493	0.000000	5.000000	0.009914
YLR262C-A	YDR421W	0.978026						0.000000	5.000000	0.009545
YNL064C	YJR060W	0.978020						1.000000	5.000000	0.010402
YJR109C	YDR207C	0.978020	0.000000	0.247265	0.158708	0.188651	0.193328	0.000000	5.000000	0.009312
YFL045C	YDL056W	0.978019						0.000000	5.000000	0.008695
YJR009C	YOR162C	0.978008						1.000000	5.000000	0.009713
YHR209W	YPL089C	0.977998						0.000000	5.000000	0.009346
YKL032C	YIL101C	0.977993						1.000000	5.000000	0.010869
YCL043C	YJR060W	0.977992						1.000000	5.000000	0.009493
YLR324W	YOR162C	0.977990						1.000000	5.000000	0.009174
YJL100W	YLR256W	0.977990						1.000000	5.000000	0.009252
YKL001C	YPL038W	0.977986	0.000000	0.246725	0.158708	0.188421	0.193162	0.000000	5.000000	0.008868
YMR071C	YOL089C	0.977984						0.000000	-5.000000	0.008933
YPL239W	YPR104C	0.977972						0.000000	5.000000	0.009225
YDR226W	YKL112W	0.977967						0.000000	5.000000	0.009658
YDL143W	YDL020C	0.977963						1.000000	5.000000	0.008901
YIL078W	YKL112W	0.977960						0.000000	5.000000	0.008096
YGL227W	YML007W	0.977954						1.000000	5.000000	0.008672
YMR303C	YAL051W	0.977946						1.000000	5.000000	0.009594
YCR053W	YKL112W	0.977935	0.000000	0.246187	0.158708	0.188192	0.192997	0.000000	5.000000	0.007129
YDR258C	YKL020C	0.977934						0.000000	5.000000	0.009322
YGR215W	YGL237C	0.977932						0.000000	5.000000	0.013292
YHL001W	YNL216W	0.977927						1.000000	-5.000000	0.009040
YER175C	YDR463W	0.977926						0.000000	-5.000000	0.009252
YDR171W	YPL230W	0.977914						0.000000	5.000000	0.010477
YPR036W-A	YKL020C	0.977913						0.000000	5.000000	0.010345
YOR264W	YGL013C	0.977909	0.000000	0.245652	0.158708	0.187963	0.192833	0.000000	5.000000	0.009476
YIL069C	YHR006W	0.977907						0.000000	-5.000000	0.009625
YOL077W-A	YPL133C	0.977896						0.000000	5.000000	0.009065
YMR217W	YDL106C	0.977889						0.000000	5.000000	0.009437
YBR169C	YKL020C	0.977888						0.000000	5.000000	0.008935
YMR056C	YDR216W	0.977883						0.000000	5.000000	0.011850
YPR145W	YMR037C	0.977881						1.000000	5.000000	0.008189
YAL023C	YDL056W	0.977879						0.000000	5.000000	0.009241
YJR105W	YOL108C	0.977876						1.000000	5.000000	0.009747
YPR156C	YMR037C	0.977863						1.000000	5.000000	0.009738
YOR086C	YMR016C	0.977852						1.000000	5.000000	0.009073
YDR399W	YNL027W	0.977839						0.000000	-5.000000	0.010456
YBR070C	YJR060W	0.977838						1.000000	5.000000	0.009662
YDL142C	YML007W	0.977833						1.000000	5.000000	0.009386
YPR128C	YAL051W	0.977831						1.000000	5.000000	0.008349
YMR088C	YBL103C	0.977826						0.000000	5.000000	0.009857
YGR286C	YDR123C	0.977824						1.000000	5.000000	0.009377
YER083C	YGL166W	0.977822						0.000000	5.000000	0.009891
YOR310C	YDL106C	0.977820						0.000000	5.000000	0.009341
YML087C	YJL056C	0.977811						0.000000	5.000000	0.009200
YGL234W	YDR253C	0.977806						1.000000	5.000000	0.009678
YLR258W	YKL032C	0.977804	0.000000	0.245119	0.158708	0.187735	0.192668	0.000000	5.000000	0.008037
YDL229W	YNL216W	0.977797						1.000000	5.000000	0.009951
YBR048W	YNL216W	0.977756						1.000000	5.000000	0.009789
YOR173W	YJL056C	0.977748	0.000000	0.244589	0.158708	0.187508	0.192504	0.000000	5.000000	0.009331
YPR194C	YDR463W	0.977746						0.000000	-5.000000	0.009375
YOR038C	YJR060W	0.977746						1.000000	5.000000	0.008898
YKL126W	YDL020C	0.977742						0.000000	5.000000	0.008413
YGL062W	YIR023W	0.977728						0.000000	5.000000	0.010186
YDR393W	YDL020C	0.977727						1.000000	5.000000	0.009055
YHR135C	YDR123C	0.977716						1.000000	5.000000	0.009635
YDL181W	YGL237C	0.977702						0.000000	5.000000	0.009103
YBL087C	YNL314W	0.977700	0.000000	0.244060	0.158708	0.187282	0.192340	0.000000	5.000000	0.014493
YBR093C	YGR044C	0.977695						0.000000	-5.000000	0.010656
YDL198C	YBR083W	0.977695	0.000000	0.243534	0.158708	0.187056	0.192177	0.000000	5.000000	0.008537
YMR169C	YKL020C	0.977693						0.000000	5.000000	0.008988
YPL206C	YJR060W	0.977685						1.000000	5.000000	0.007574
YOR173W	YPL230W	0.977676						0.000000	5.000000	0.009169
YLR028C	YOL089C	0.977665						0.000000	-5.000000	0.008312
YGR043C	YHR084W	0.977665						1.000000	5.000000	0.009036
YOR187W	YGL237C	0.977663						0.000000	5.000000	0.009541
YFL017W-A	YGL237C	0.977642						0.000000	5.000000	0.014229
YML100W	YNL103W	0.977641						0.000000	-5.000000	0.009309
YOR246C	YHR124W	0.977641						1.000000	5.000000	0.009843
YBR167C	YKL109W	0.977636						1.000000	5.000000	0.009185
YDR508C	YIL036W	0.977634						0.000000	5.000000	0.008498
YOR142W	YOL108C	0.977632						0.000000	5.000000	0.010326
YDR119W-A	YJL056C	0.977616						0.000000	5.000000	0.008832
YJL001W	YOL089C	0.977600						0.000000	-5.000000	0.010696
YDL022W	YOR028C	0.977591						1.000000	-5.000000	0.009168
YHR052W	YNL068C	0.977571						0.000000	5.000000	0.008729
YPR149W	YCR084C	0.977566						0.000000	-5.000000	0.009533
YMR291W	YKL020C	0.977560						0.000000	5.000000	0.009524
YNL180C	YBR083W	0.977556						1.000000	5.000000	0.008714
YLR009W	YDL106C	0.977555						0.000000	5.000000	0.009119
YKL143W	YNL068C	0.977548						0.000000	5.000000	0.008806
YKR097W	YDR213W	0.977540						0.000000	-5.000000	0.009728
YNL087W	YIL101C	0.977538						1.000000	5.000000	0.009511
YKR038C	YOR028C	0.977531						1.000000	5.000000	0.009969
YNL110C	YML007W	0.977526						1.000000	5.000000	0.009114
YIL088C	YDL020C	0.977525						0.000000	5.000000	0.009958
YEL032W	YML027W	0.977523						1.000000	5.000000	0.008967
YCR093W	YIL101C	0.977520						1.000000	5.000000	0.008974
YNL005C	YGL073W	0.977520						0.000000	5.000000	0.008842
YIL087C	YOR028C	0.977495						0.000000	5.000000	0.009187
YDL085W	YHR084W	0.977492						0.000000	5.000000	0.008759
YGR236C	YFL021W	0.977490						0.000000	-5.000000	0.008970
YOR163W	YJR060W	0.977490						1.000000	5.000000	0.008140
YJR010W	YKR099W	0.977488						0.000000	5.000000	0.009526
YER154W	YDR123C	0.977484						1.000000	5.000000	0.008785
YFL017W-A	YKL112W	0.977483						1.000000	5.000000	0.009020
YGL191W	YHR084W	0.977478						1.000000	5.000000	0.008782
YKR013W	YBR083W	0.977475						1.000000	5.000000	0.009362
YOR212W	YJR060W	0.977474						1.000000	5.000000	0.008666
YIR034C	YDR123C	0.977464						0.000000	5.000000	0.008849
YKL026C	YAL051W	0.977459						0.000000	5.000000	0.009070
YJL136C	YNL314W	0.977450	0.000000	0.243011	0.158708	0.186831	0.192014	0.000000	5.000000	0.008952
YHL027W	YKL032C	0.977439						1.000000	5.000000	0.009373
YHR146W	YIL131C	0.977434						1.000000	5.000000	0.008493
YER011W	YMR070W	0.977430	0.000000	0.242489	0.158708	0.186607	0.191851	0.000000	5.000000	0.011292
YKL026C	YML007W	0.977428						0.000000	5.000000	0.009124
YGR236C	YHR084W	0.977428	0.000000	0.241970	0.158708	0.186383	0.191688	0.000000	5.000000	0.009072
YER183C	YDR081C	0.977424						0.000000	5.000000	0.009602
YPL093W	YDR423C	0.977424						0.000000	-5.000000	0.016046
YLR249W	YDR423C	0.977405						0.000000	-5.000000	0.009525
YPL262W	YER184C	0.977385						0.000000	5.000000	0.008444
YML041C	YDL056W	0.977372						1.000000	5.000000	0.008991
YAL005C	YJR060W	0.977368						1.000000	5.000000	0.009195
YNR043W	YEL009C	0.977357						0.000000	5.000000	0.009099
YHL030W	YDR123C	0.977349						1.000000	5.000000	0.008808
YNL141W	YNL027W	0.977343						0.000000	-5.000000	0.009037
YPL123C	YMR016C	0.977340						1.000000	5.000000	0.007809
YGR295C	YIL101C	0.977339						1.000000	5.000000	0.009022
YML126C	YMR037C	0.977333	0.000000	0.241453	0.158708	0.186160	0.191525	0.000000	5.000000	0.007324
YPR033C	YBR049C	0.977332						0.000000	5.000000	0.008430
YJR122W	YJR060W	0.977332						1.000000	5.000000	0.009886
YKR049C	YML007W	0.977329						0.000000	5.000000	0.009034
YGL080W	YPL230W	0.977320						0.000000	5.000000	0.008502
YNL177C	YGL237C	0.977319						0.000000	5.000000	0.008430
YDR451C	YHR084W	0.977316						1.000000	5.000000	0.009586
YPR160W	YGL013C	0.977309						0.000000	5.000000	0.009297
YDL072C	YLR451W	0.977304						0.000000	-5.000000	0.008864
YDR158W	YOR162C	0.977301						1.000000	5.000000	0.008792
YOR101W	YDR207C	0.977294						1.000000	5.000000	0.009271
YPL223C	YML007W	0.977293						0.000000	5.000000	0.008742
YMR244C-A	YOR028C	0.977289						1.000000	5.000000	0.008624
YGR204W	YIR017C	0.977277						1.000000	5.000000	0.008648
YML027W	YKL185W	0.977254						0.000000	5.000000	0.009844
YLR150W	YNL314W	0.977250						0.000000	5.000000	0.009246
YBL001C	YMR037C	0.977232						1.000000	5.000000	0.010576
YAL061W	YML007W	0.977222	0.000000	0.240938	0.158708	0.185938	0.191363	0.000000	5.000000	0.008044
YBR092C	YNL027W	0.977221						0.000000	5.000000	0.008893
YPL019C	YIL101C	0.977215						0.000000	-5.000000	0.009843
YLR043C	YDR421W	0.977195						0.000000	5.000000	0.009681
YEL011W	YEL009C	0.977190						1.000000	5.000000	0.009383
YGR221C	YHR084W	0.977175						1.000000	5.000000	0.008182
YMR143W	YPR065W	0.977173						0.000000	5.000000	0.008862
YGL148W	YEL009C	0.977157						1.000000	5.000000	0.009040
YMR236W	YJR147W	0.977156						0.000000	5.000000	0.009207
YHR059W	YHR084W	0.977152						1.000000	5.000000	0.008998
YOR316C	YGL013C	0.977149						0.000000	5.000000	0.008704
YBL078C	YJL110C	0.977146						0.000000	-5.000000	0.008990
YNL274C	YOL108C	0.977125						0.000000	5.000000	0.008978
YAL036C	YHR006W	0.977121						0.000000	-5.000000	0.011884
YKL217W	YOL067C	0.977114	0.000000	0.240426	0.158708	0.185716	0.191201	0.000000	5.000000	0.010922
YML028W	YNL103W	0.977108	0.000000	0.239915	0.158708	0.185495	0.191040	0.000000	-5.000000	0.009849
YDR212W	YBR049C	0.977104						0.000000	5.000000	0.008727
YKR043C	YHR206W	0.977104						1.000000	5.000000	0.008914
YHL033C	YHR124W	0.977101						0.000000	5.000000	0.008441
YLL050C	YEL009C	0.977097						0.000000	5.000000	0.008555
YJR051W	YHR084W	0.977096						1.000000	5.000000	0.008667
YJL052W	YDR253C	0.977094						1.000000	5.000000	0.008812
YFR019W	YML007W	0.977080						0.000000	5.000000	0.008836
YNR022C	YOL067C	0.977079						0.000000	5.000000	0.010852
YDR497C	YDL048C	0.977079						0.000000	5.000000	0.008664
YFR053C	YBR083W	0.977062						1.000000	5.000000	0.010359
YHR068W	YOR344C	0.977058						0.000000	5.000000	0.008896
YML001W	YDL020C	0.977046						0.000000	5.000000	0.011040
YLR209C	YIL131C	0.977012						1.000000	5.000000	0.007283
YCL034W	YOR162C	0.977009						1.000000	5.000000	0.011523
YGL225W	YDL056W	0.977002	0.000000	0.239407	0.158708	0.185275	0.190878	0.000000	5.000000	0.009267
YNR001C	YGL237C	0.976997						1.000000	5.000000	0.008140
YMR199W	YDL056W	0.976991	0.000000	0.238901	0.158708	0.185056	0.190717	0.000000	5.000000	0.008366
YML123C	YJR060W	0.976986						1.000000	5.000000	0.009629
YKL141W	YGL237C	0.976981						0.000000	5.000000	0.008616
YFL030W	YML007W	0.976953						1.000000	5.000000	0.008770
YAL044C	YDR421W	0.976944						0.000000	5.000000	0.008745
YGL226C-A	YMR037C	0.976940						0.000000	5.000000	0.008314
YFL038C	YBL021C	0.976923						0.000000	-5.000000	0.009132
YOL083W	YHR084W	0.976920						1.000000	5.000000	0.009240
YER019C-A	YOR028C	0.976919						1.000000	5.000000	0.008602
YOR007C	YOL089C	0.976909						0.000000	-5.000000	0.009441
YMR235C	YBR049C	0.976908						0.000000	5.000000	0.008141
YEL071W	YMR037C	0.976905						1.000000	5.000000	0.008899
YPL262W	YOL067C	0.976905						0.000000	5.000000	0.008642
YIL107C	YMR043W	0.976901						1.000000	5.000000	0.008664
YBL064C	YOR028C	0.976893						0.000000	5.000000	0.009373
YER007C-A	YDL020C	0.976892						1.000000	5.000000	0.008307
YHL011C	YHR006W	0.976881						0.000000	-5.000000	0.009012
YBR166C	YEL009C	0.976872						1.000000	5.000000	0.008738
YGL097W	YCR084C	0.976869						1.000000	5.000000	0.008916
YER048W-A	YDL020C	0.976867						0.000000	5.000000	0.008236
YLR409C	YJR060W	0.976842						1.000000	5.000000	0.008894
YLL045C	YIL131C	0.976840						1.000000	5.000000	0.008853
YBR162C	YEL009C	0.976831						1.000000	5.000000	0.008950
YNL231C	YMR037C	0.976829						1.000000	5.000000	0.009037
YNL180C	YNL216W	0.976820						1.000000	5.000000	0.008401
YDL020C	YGL013C	0.976818						1.000000	5.000000	0.009058
YJL217W	YBL103C	0.976817						0.000000	5.000000	0.009084
YIR026C	YNL068C	0.976817						0.000000	5.000000	0.008518
YDL051W	YDL106C	0.976817						0.000000	5.000000	0.010414
YDL018C	YKL185W	0.976816						0.000000	5.000000	0.008374
YNL004W	YJR060W	0.976812						1.000000	5.000000	0.007945
YGL245W	YPL075W	0.976798						0.000000	5.000000	0.008363
YJR130C	YER040W	0.976773						0.000000	5.000000	0.008640
YKR093W	YNL103W	0.976766	0.000000	0.238397	0.158708	0.184837	0.190556	0.000000	-5.000000	0.007760
YHR087W	YPL230W	0.976765						0.000000	5.000000	0.008884
YDR258C	YDR310C	0.976759	0.000000	0.237895	0.158708	0.184619	0.190396	0.000000	5.000000	0.008304
YGR037C	YMR021C	0.976756						0.000000	5.000000	0.009240
YOR221C	YEL009C	0.976747						1.000000	5.000000	0.008905
YOR021C	YMR042W	0.976739						0.000000	-5.000000	0.008865
YIL111W	YBR083W	0.976737	0.000000	0.237395	0.158708	0.184401	0.190236	0.000000	5.000000	0.008214
YLR168C	YGL237C	0.976733						0.000000	5.000000	0.008612
YGR221C	YMR037C	0.976725						1.000000	5.000000	0.008274
YJL217W	YJR147W	0.976723						0.000000	5.000000	0.008424
YFL044C	YNL103W	0.976701						0.000000	-5.000000	0.011173
YJL101C	YKR099W	0.976700						1.000000	5.000000	0.007955
YDR032C	YOL108C	0.976681						0.000000	5.000000	0.008023
YJR095W	YPL133C	0.976672						0.000000	5.000000	0.009768
YLR100W	YDR451C	0.976665						0.000000	5.000000	0.009691
YCL005W-A	YOL089C	0.976655						0.000000	-5.000000	0.008061
YMR217W	YHR124W	0.976645						0.000000	5.000000	0.008755
YOR042W	YOR028C	0.976637						0.000000	5.000000	0.009673
YDR384C	YML027W	0.976636						0.000000	-5.000000	0.009377
YKL001C	YGL209W	0.976622	0.000000	0.236897	0.158708	0.184184	0.190076	0.000000	5.000000	0.008487
YGR086C	YGL013C	0.976622						0.000000	5.000000	0.008668
YFL039C	YOL089C	0.976618						0.000000	-5.000000	0.008372
YGR256W	YOR028C	0.976615						1.000000	5.000000	0.008614
YDR086C	YMR037C	0.976593						0.000000	5.000000	0.008886
YKL216W	YNL027W	0.976593						1.000000	5.000000	0.009240
YDR451C	YBR083W	0.976592						1.000000	5.000000	0.008608
YCL025C	YDR421W	0.976582	0.000000	0.236402	0.158708	0.183968	0.189916	0.000000	5.000000	0.008468
YLR209C	YML027W	0.976571						0.000000	5.000000	0.006395
YJL210W	YNL103W	0.976569						0.000000	-5.000000	0.010718
YFL034C-A	YPR104C	0.976568						1.000000	5.000000	0.008539
YJR113C	YBR083W	0.976565						1.000000	5.000000	0.008453
YAL038W	YOL116W	0.976556						0.000000	-5.000000	0.009298
YNL007C	YGL209W	0.976546	0.000000	0.235908	0.158708	0.183752	0.189757	0.000000	5.000000	0.008245
YJL185C	YDL056W	0.976521						1.000000	5.000000	0.008638
YLR092W	YJR060W	0.976509						1.000000	5.000000	0.008463
YMR116C	YHR084W	0.976488						0.000000	-5.000000	0.008465
YGR108W	YMR037C	0.976485						1.000000	5.000000	0.009429
YMR174C	YML007W	0.976484						0.000000	5.000000	0.009206
YMR003W	YIL131C	0.976482						1.000000	5.000000	0.009577
YAL039C	YMR037C	0.976471						1.000000	5.000000	0.014610
YDR055W	YHL027W	0.976449	0.000000	0.235417	0.158708	0.183537	0.189597	0.000000	-5.000000	0.007944
YGR032W	YNL027W	0.976448						1.000000	5.000000	0.010578
YKR076W	YMR016C	0.976438						1.000000	5.000000	0.008671
YOL096C	YOR028C	0.976424						0.000000	5.000000	0.008806
YML123C	YGR044C	0.976417						0.000000	-5.000000	0.008413
YIR038C	YOR140W	0.976410						0.000000	-5.000000	0.008463
YIL094C	YMR037C	0.976408						1.000000	5.000000	0.007133
YBL092W	YIL131C	0.976399						1.000000	5.000000	0.008324
YER067W	YHR084W	0.976368						1.000000	5.000000	0.008188
YER081W	YHR084W	0.976362						1.000000	5.000000	0.008076
YDR503C	YOL108C	0.976355						1.000000	5.000000	0.008780
YJR109C	YBR083W	0.976349	0.000000	0.234927	0.158708	0.183323	0.189438	0.000000	5.000000	0.007559
YPR113W	YHR178W	0.976346						0.000000	5.000000	0.008590
YDL126C	YDL020C	0.976325						0.000000	5.000000	0.007842
YOL126C	YGL073W	0.976323						0.000000	5.000000	0.008516
YBL015W	YOL067C	0.976318	0.000000	0.234440	0.158708	0.183110	0.189280	0.000000	5.000000	0.007706
YJL088W	YIL036W	0.976316						0.000000	-5.000000	0.008669
YOR025W	YDR123C	0.976295						1.000000	5.000000	0.008577
YLR130C	YPL038W	0.976285						1.000000	5.000000	0.008909
YGR088W	YPL230W	0.976269						0.000000	5.000000	0.008081
YPL004C	YOR140W	0.976268						0.000000	-5.000000	0.008344
YPL249C-A	YOL028C	0.976259						0.000000	5.000000	0.008726
YER006W	YNL068C	0.976259						0.000000	5.000000	0.007723
YDL072C	YKL032C	0.976257						0.000000	5.000000	0.008969
YAL059W	YNL027W	0.976243						0.000000	-5.000000	0.007250
YHR096C	YML007W	0.976240	0.000000	0.233954	0.158708	0.182897	0.189121	0.000000	5.000000	0.008000
YMR041C	YML007W	0.976239						0.000000	5.000000	0.008910
YPL241C	YKL185W	0.976229						0.000000	5.000000	0.008381
YDL004W	YGL237C	0.976222	0.000000	0.233471	0.158708	0.182684	0.188963	0.000000	5.000000	0.008287
YIR037W	YOR140W	0.976220						0.000000	-5.000000	0.006728
YNL036W	YPL177C	0.976206						0.000000	-5.000000	0.008262
YOR095C	YPR104C	0.976198						1.000000	5.000000	0.007929
YIL036W	YHR084W	0.976190						1.000000	5.000000	0.008123
YPL059W	YDR081C	0.976182						0.000000	-5.000000	0.008536
YJR123W	YIL131C	0.976165						1.000000	5.000000	0.008667
YOR202W	YMR037C	0.976159						1.000000	5.000000	0.007234
YBL076C	YEL009C	0.976149						1.000000	5.000000	0.008285
YER092W	YJR060W	0.976137						1.000000	5.000000	0.008300
YNL151C	YGR044C	0.976135						0.000000	-5.000000	0.007570
YMR041C	YGL073W	0.976131						0.000000	5.000000	0.007883
YHR199C	YNL103W	0.976122						0.000000	-5.000000	0.008275
YKL195W	YGL073W	0.976112						0.000000	5.000000	0.008247
YOL151W	YML007W	0.976112						1.000000	5.000000	0.008087
YMR145C	YOR028C	0.976092						1.000000	5.000000	0.008401
YDR379C-A	YMR037C	0.976088						1.000000	5.000000	0.025265
YIL043C	YPL075W	0.976087						0.000000	5.000000	0.008021
YGR043C	YML007W	0.976079						1.000000	5.000000	0.008107
YHR023W	YNL068C	0.976063						1.000000	5.000000	0.008363
YDL075W	YBR239C	0.976055						0.000000	-5.000000	0.007956
YBR087W	YKR099W	0.976048						1.000000	5.000000	0.008018
YER018C	YER111C	0.976043						0.000000	5.000000	0.008071
YPL218W	YDL020C	0.976039						0.000000	5.000000	0.007994
YDL126C	YMR037C	0.976033						1.000000	5.000000	0.008367
YOR020C	YBL021C	0.976024						0.000000	-5.000000	0.008184
YGR282C	YHL027W	0.976022						0.000000	-5.000000	0.008430
YMR083W	YMR021C	0.976012						0.000000	5.000000	0.008356
YLR287C-A	YKL043W	0.976005						0.000000	5.000000	0.007920
YPL087W	YOL108C	0.976004						0.000000	5.000000	0.008613
YPL186C	YHR084W	0.975997						0.000000	5.000000	0.009348
YMR173W	YMR016C	0.975987						1.000000	5.000000	0.008147
YPL098C	YNL103W	0.975971						0.000000	-5.000000	0.008102
YPR075C	YBR083W	0.975953						1.000000	5.000000	0.007869
YNL301C	YDR253C	0.975950	0.000000	0.232990	0.158708	0.182473	0.188805	0.000000	-5.000000	0.008246
YHR082C	YDR253C	0.975950						1.000000	5.000000	0.007672
YOR230W	YOL108C	0.975937	0.000000	0.232510	0.158708	0.182261	0.188648	0.000000	5.000000	0.008711
YBR230C	YML007W	0.975928						0.000000	5.000000	0.008469
YLR168C	YOL108C	0.975922						1.000000	5.000000	0.008808
YGR049W	YLR256W	0.975918						1.000000	5.000000	0.007444
YER159C	YMR043W	0.975913						1.000000	5.000000	0.007885
YIL107C	YKL062W	0.975912						1.000000	5.000000	0.008439
YGR248W	YGL073W	0.975912	0.000000	0.232033	0.158708	0.182051	0.188490	0.000000	5.000000	0.008034
YOR332W	YOL089C	0.975908						0.000000	-5.000000	0.011040
YER043C	YOL108C	0.975899						1.000000	5.000000	0.008129
YIL133C	YPR104C	0.975891	0.000000	0.231557	0.158708	0.181841	0.188333	0.000000	5.000000	0.008419
YCL025C	YKR034W	0.975888						0.000000	5.000000	0.007357
YBR101C	YGL209W	0.975883						0.000000	5.000000	0.008069
YBR066C	YHR206W	0.975881						1.000000	5.000000	0.008282
YGR161C	YER040W	0.975878	0.000000	0.231084	0.158708	0.181632	0.188177	0.000000	5.000000	0.008084
YDR084C	YEL009C	0.975878						1.000000	5.000000	0.008049
YNL175C	YNL068C	0.975876						0.000000	5.000000	0.007967
YNL191W	YNL216W	0.975874						1.000000	5.000000	0.007969
YMR105C	YPL230W	0.975869						0.000000	5.000000	0.006978
YLR109W	YEL009C	0.975862	0.000000	0.230612	0.158708	0.181423	0.188020	0.000000	5.000000	0.007268
YOR224C	YGR044C	0.975861						0.000000	-5.000000	0.007952
YGR108W	YER111C	0.975855						1.000000	5.000000	0.008368
YLR104W	YIR017C	0.975843	0.000000	0.230143	0.158708	0.181215	0.187864	0.000000	5.000000	0.008229
YEL066W	YMR016C	0.975835						1.000000	5.000000	0.008122
YMR038C	YEL009C	0.975832	0.000000	0.229675	0.158708	0.181008	0.187708	0.000000	5.000000	0.011155
YGR028W	YPR104C	0.975829						1.000000	5.000000	0.007720
YPL221W	YMR037C	0.975823						1.000000	5.000000	0.008681
YDL174C	YDR216W	0.975819						1.000000	5.000000	0.008240
YPL240C	YKL062W	0.975819						1.000000	5.000000	0.006135
YHR175W	YMR037C	0.975818						1.000000	5.000000	0.007896
YOR023C	YKL032C	0.975811						1.000000	5.000000	0.007853
YKL056C	YIL131C	0.975802						0.000000	5.000000	0.008129
YLR262C-A	YGL237C	0.975802						0.000000	5.000000	0.007318
YLR344W	YDL106C	0.975798	0.000000	0.229209	0.158708	0.180801	0.187552	0.000000	5.000000	0.007916
YMR143W	YPL038W	0.975794						0.000000	-5.000000	0.008225
YBL092W	YHR124W	0.975791						0.000000	-5.000000	0.008332
YBL089W	YER040W	0.975789						0.000000	5.000000	0.007179
YER176W	YER040W	0.975788						1.000000	5.000000	0.007933
YOR184W	YBL103C	0.975780						0.000000	5.000000	0.009227
YNL055C	YPL177C	0.975764						0.000000	-5.000000	0.008174
YLR377C	YGL237C	0.975763						0.000000	5.000000	0.015172
YGR142W	YMR016C	0.975762	0.000000	0.228745	0.158708	0.180595	0.187396	0.000000	5.000000	0.007841
YJL063C	YGL237C	0.975761	0.000000	0.228283	0.158708	0.180389	0.187241	0.000000	5.000000	0.008515
YGR222W	YBR083W	0.975750						1.000000	5.000000	0.007896
YBR080C	YDL020C	0.975747						0.000000	5.000000	0.006719
YNL178W	YIL131C	0.975747						1.000000	5.000000	0.007787
YBR067C	YER111C	0.975745	0.000000	0.227823	0.158708	0.180184	0.187086	0.000000	-5.000000	0.008145
YGL009C	YMR037C	0.975734						1.000000	5.000000	0.005867
YDR226W	YJR060W	0.975733						0.000000	5.000000	0.007634
YNL059C	YDL106C	0.975732						1.000000	5.000000	0.008228
YLL001W	YGL013C	0.975725						1.000000	5.000000	0.008095
YHR025W	YOR162C	0.975724						0.000000	5.000000	0.011706
YNL232W	YMR043W	0.975717						1.000000	5.000000	0.008157
YBR026C	YOL108C	0.975715						0.000000	5.000000	0.008064
Q0050	YOL067C	0.975706						0.000000	5.000000	0.007513
YJL036W	YHR084W	0.975698						1.000000	5.000000	0.007952
YAL025C	YHR006W	0.975698						0.000000	-5.000000	0.007192
YDL128W	YGL013C	0.975696						0.000000	5.000000	0.008135
YNL257C	YDR253C	0.975693						1.000000	5.000000	0.007731
YLL008W	YJR060W	0.975691						1.000000	5.000000	0.009147
YPR187W	YNL027W	0.975681						0.000000	-5.000000	0.007367
YLR150W	YBR049C	0.975678						0.000000	5.000000	0.008503
YFR047C	YOL108C	0.975672						0.000000	5.000000	0.008692
YML056C	YHR006W	0.975665						0.000000	-5.000000	0.009801
YML074C	YKL112W	0.975661						0.000000	5.000000	0.007737
YGR234W	YNL103W	0.975660						0.000000	-5.000000	0.012670
YBR171W	YJR060W	0.975649						0.000000	5.000000	0.008071
YFR044C	YNL103W	0.975648						0.000000	-5.000000	0.008514
YBL039C	YDL106C	0.975648						0.000000	5.000000	0.007777
YLR249W	YPR104C	0.975643						0.000000	5.000000	0.007559
YGL206C	YHR206W	0.975636						1.000000	5.000000	0.007730
YOR193W	YHR084W	0.975629						1.000000	5.000000	0.008214
YDR001C	YOL108C	0.975628						0.000000	5.000000	0.007021
YDL201W	YHR006W	0.975627						0.000000	-5.000000	0.011119
YOL077C	YDR463W	0.975623						0.000000	5.000000	0.009659
YCR069W	YOR162C	0.975609						1.000000	5.000000	0.008619
YOR185C	YOL108C	0.975602						0.000000	5.000000	0.008292
YGL084C	YNL216W	0.975579						1.000000	5.000000	0.007909
YIL056W	YKL020C	0.975578						0.000000	5.000000	0.007987
YML110C	YBL021C	0.975575						0.000000	-5.000000	0.005989
YKL040C	YMR043W	0.975567						1.000000	5.000000	0.008120
YKL096W-A	YGL209W	0.975562	0.000000	0.227364	0.158708	0.179980	0.186931	0.000000	5.000000	0.007955
YHR137W	YKR034W	0.975542						0.000000	5.000000	0.006767
YNL031C	YDR043C	0.975535						0.000000	-5.000000	0.008516
YHR198C	YOR028C	0.975527						0.000000	5.000000	0.007438
YOR185C	YPL177C	0.975517						0.000000	-5.000000	0.007234
YGR121C	YBR083W	0.975487						1.000000	5.000000	0.006934
YKL060C	YJR060W	0.975481						1.000000	-5.000000	0.008015
YDR503C	YJR060W	0.975477						1.000000	5.000000	0.007819
YOR063W	YKL112W	0.975476						1.000000	5.000000	0.007504
YDR308C	YML007W	0.975469						1.000000	5.000000	0.007921
YCR004C	YOL108C	0.975467						0.000000	5.000000	0.008014
YKL085W	YKL062W	0.975462						1.000000	-5.000000	0.007648
YMR297W	YGL013C	0.975456						0.000000	5.000000	0.007734
YKR091W	YKL032C	0.975449						0.000000	5.000000	0.005240
YBL042C	YMR037C	0.975445						1.000000	-5.000000	0.009311
YPL170W	YJR060W	0.975433						1.000000	5.000000	0.009729
YMR088C	YMR021C	0.975416						0.000000	5.000000	0.008633
YER003C	YDL056W	0.975403						0.000000	5.000000	0.007971
YNL075W	YHR006W	0.975402						0.000000	-5.000000	0.007499
YJR010W	YJR060W	0.975389						1.000000	5.000000	0.009189
YGR146C	YHR084W	0.975385						1.000000	5.000000	0.007578
YDR511W	YNL103W	0.975383						0.000000	-5.000000	0.007481
YJL062W-A	YOL108C	0.975370						0.000000	5.000000	0.007161
YPL198W	YPR104C	0.975355	0.000000	0.226908	0.158708	0.179776	0.186777	0.000000	5.000000	0.009155
YDR399W	YDR146C	0.975354						0.000000	-5.000000	0.008018
YDR175C	YGL073W	0.975344						0.000000	5.000000	0.007864
YPR110C	YHR006W	0.975341						0.000000	-5.000000	0.007441
YDR272W	YOL108C	0.975340						0.000000	5.000000	0.008276
YPR002W	YHR084W	0.975326						1.000000	5.000000	0.007970
YLR448W	YIL131C	0.975320						1.000000	5.000000	0.007741
YNR050C	YKR099W	0.975316						0.000000	5.000000	0.007869
YPL234C	YIR017C	0.975313						0.000000	5.000000	0.006994
YKR074W	YOR028C	0.975310						1.000000	5.000000	0.007816
YPL221W	YKL032C	0.975306						1.000000	5.000000	0.007500
YNL113W	YHR006W	0.975304						0.000000	-5.000000	0.006705
YKL192C	YMR037C	0.975304						1.000000	5.000000	0.007535
YFR032C-A	YBR239C	0.975299						0.000000	-5.000000	0.007780
YLR304C	YOL067C	0.975283						0.000000	5.000000	0.007209
YGR185C	YJR060W	0.975271	0.000000	0.226453	0.158708	0.179573	0.186623	0.000000	5.000000	0.007172
YIR039C	YOL067C	0.975269						0.000000	5.000000	0.006268
YOR261C	YGR044C	0.975267						0.000000	-5.000000	0.010404
YGL012W	YMR037C	0.975265						1.000000	5.000000	0.007506
YIR028W	YBR083W	0.975260						1.000000	5.000000	0.007290
YIL160C	YAL051W	0.975259						1.000000	5.000000	0.008516
YDR150W	YJR060W	0.975254						1.000000	5.000000	0.008216
YNL160W	YKL062W	0.975241						1.000000	5.000000	0.007341
YHR052W	YFR034C	0.975241						1.000000	5.000000	0.007688
YKR034W	YHR084W	0.975234						1.000000	5.000000	0.007716
YLR264W	YOR028C	0.975226						1.000000	5.000000	0.007381
YHR039C-A	YBL021C	0.975218						0.000000	-5.000000	0.005550
YJL100W	YDR253C	0.975216						1.000000	5.000000	0.007921
YLR185W	YIL131C	0.975209	0.000000	0.226000	0.158708	0.179370	0.186469	0.000000	5.000000	0.007183
YOL077C	YHR006W	0.975196						0.000000	-5.000000	0.004974
YJL080C	YKL062W	0.975196						0.000000	-5.000000	0.009649
YLR262C-A	YKL043W	0.975196						0.000000	5.000000	0.007295
YDR212W	YKL112W	0.975190						0.000000	5.000000	0.007621
YEL017C-A	YMR037C	0.975190						1.000000	5.000000	0.007497
YMR272C	YKL062W	0.975182						1.000000	5.000000	0.008054
YML054C	YGL237C	0.975181						0.000000	5.000000	0.007601
YBR149W	YOL108C	0.975171						0.000000	5.000000	0.008094
YER178W	YBL021C	0.975165						0.000000	-5.000000	0.006972
YML008C	YIR017C	0.975151						0.000000	5.000000	0.008138
YGR019W	YNL103W	0.975142	0.000000	0.225549	0.158708	0.179168	0.186315	0.000000	-5.000000	0.007141
YMR194W	YHR006W	0.975140						0.000000	-5.000000	0.007404
YLL024C	YKL038W	0.975131	0.000000	0.225100	0.158708	0.178967	0.186161	0.000000	5.000000	0.007289
YIL064W	YHR006W	0.975114						0.000000	-5.000000	0.007485
YJL196C	YDL020C	0.975109						0.000000	5.000000	0.008290
YDR345C	YHR206W	0.975108						0.000000	5.000000	0.007442
YOL064C	YER040W	0.975098	0.000000	0.224652	0.158708	0.178766	0.186008	0.000000	5.000000	0.008518
YEL065W	YKL032C	0.975095						1.000000	5.000000	0.007237
YBR286W	YNL103W	0.975088						0.000000	-5.000000	0.008652
YPL237W	YPR104C	0.975085						0.000000	5.000000	0.005956
YGR285C	YBL005W	0.975083						0.000000	5.000000	0.007668
YGL031C	YPR065W	0.975080	0.000000	0.224206	0.158708	0.178566	0.185855	0.000000	5.000000	0.007668
YGL055W	YMR037C	0.975070						1.000000	5.000000	0.007504
YBR196C	YEL009C	0.975069	0.000000	0.223762	0.158708	0.178366	0.185703	0.000000	5.000000	0.007541
YOR273C	YKL020C	0.975068						0.000000	5.000000	0.008086
YDL020C	YKL020C	0.975067						0.000000	5.000000	0.007962
YLR340W	YMR280C	0.975064						0.000000	-5.000000	0.007560
YDL078C	YJL056C	0.975060						0.000000	5.000000	0.007651
YKL195W	YGL237C	0.975057						0.000000	5.000000	0.007144
YDR454C	YBR049C	0.975053						0.000000	5.000000	0.007612
YBR078W	YKL043W	0.975045						0.000000	5.000000	0.007162
YDR072C	YHR178W	0.975043						1.000000	5.000000	0.007353
YKR049C	YHR084W	0.975028						0.000000	5.000000	0.006926
YLR048W	YPR104C	0.975028	0.000000	0.223320	0.158708	0.178167	0.185550	0.000000	5.000000	0.006370
YGR094W	YOR162C	0.975009						0.000000	5.000000	0.007280
YOR184W	YML007W	0.975003						1.000000	5.000000	0.008023
YIR037W	YIR023W	0.975001						0.000000	5.000000	0.007187
YIL074C	YHR206W	0.974990	0.000000	0.222880	0.158708	0.177968	0.185398	0.000000	5.000000	0.011551
YOL016C	YML007W	0.974985						1.000000	5.000000	0.007513
YIL036W	YPL230W	0.974976						0.000000	5.000000	0.008128
YOR348C	YPL230W	0.974969						0.000000	5.000000	0.008255
YBR005W	YML007W	0.974960						1.000000	5.000000	0.007453
YDR481C	YFR034C	0.974958						1.000000	5.000000	0.008103
YBL078C	YOR028C	0.974951						0.000000	5.000000	0.007851
YOL027C	YDR123C	0.974948						1.000000	5.000000	0.007650
YGL156W	YOR028C	0.974947						0.000000	5.000000	0.007509
YBR173C	YOL089C	0.974935						0.000000	-5.000000	0.006430
YNR050C	YIL036W	0.974935						0.000000	-5.000000	0.006988
YHR018C	YDR259C	0.974935						0.000000	5.000000	0.008069
YBR088C	YPR065W	0.974926						0.000000	5.000000	0.007151
YGR195W	YGL073W	0.974925						1.000000	5.000000	0.007733
YBR078W	YCR065W	0.974920						0.000000	5.000000	0.007469
YCR095C	YJR060W	0.974913						1.000000	5.000000	0.007586
YHR110W	YDL020C	0.974912						0.000000	5.000000	0.005494
YKR062W	YPL038W	0.974910						1.000000	5.000000	0.007134
YLL050C	YNL103W	0.974908						0.000000	-5.000000	0.007796
YER069W	YLR451W	0.974895	0.000000	0.222441	0.158708	0.177770	0.185246	0.000000	5.000000	0.007765
YBR212W	YKL112W	0.974890						1.000000	5.000000	0.007031
YKL164C	YLR176C	0.974889	0.000000	0.222004	0.158708	0.177573	0.185094	0.000000	-5.000000	0.007647
YLR348C	YIR017C	0.974879						0.000000	5.000000	0.005940
YCR093W	YJR060W	0.974879						1.000000	5.000000	0.007273
YGR086C	YHL027W	0.974867						0.000000	-5.000000	0.007823
YKL167C	YGL073W	0.974865	0.000000	0.221569	0.158708	0.177376	0.184943	0.000000	5.000000	0.007199
YIL160C	YML027W	0.974858						0.000000	-5.000000	0.007352
YOL081W	YGL073W	0.974845						1.000000	5.000000	0.008092
YOR332W	YMR070W	0.974844						0.000000	5.000000	0.007346
YIL106W	YNL068C	0.974836						1.000000	5.000000	0.007211
YHR215W	YER111C	0.974833	0.000000	0.221135	0.158708	0.177180	0.184791	0.000000	-5.000000	0.007160
YLR327C	YPL230W	0.974820						0.000000	5.000000	0.007190
YER065C	YGL237C	0.974818						0.000000	5.000000	0.007456
YNL305C	YOL108C	0.974805	0.000000	0.220703	0.158708	0.176984	0.184641	0.000000	5.000000	0.006196
YKR034W	YBR083W	0.974805						1.000000	5.000000	0.007964
YBL015W	YGL073W	0.974790	0.000000	0.220273	0.158708	0.176789	0.184490	0.000000	5.000000	0.007044
YDL184C	YOL089C	0.974784						0.000000	-5.000000	0.007759
YPL211W	YHR006W	0.974777						0.000000	-5.000000	0.007873
YNL024C-A	YKL032C	0.974773						0.000000	5.000000	0.008880
YMR135C	YOR028C	0.974766	0.000000	0.219844	0.158708	0.176594	0.184339	0.000000	5.000000	0.006980
YMR250W	YGL073W	0.974759	0.000000	0.219417	0.158708	0.176400	0.184189	0.000000	5.000000	0.007587
YGL087C	YIL131C	0.974756						1.000000	5.000000	0.008192
YGR008C	YOR140W	0.974754						0.000000	-5.000000	0.006606
YJL048C	YOL108C	0.974754						1.000000	5.000000	0.007555
YJR070C	YDL106C	0.974745						0.000000	5.000000	0.007316
YJR001W	YDL056W	0.974744						0.000000	5.000000	0.006434
YHR026W	YEL009C	0.974734						0.000000	5.000000	0.006611
YFL038C	YNL103W	0.974732						0.000000	-5.000000	0.006757
YLR201C	YOL108C	0.974714						0.000000	5.000000	0.007467
YOL119C	YDR463W	0.974703	0.000000	0.218992	0.158708	0.176206	0.184039	0.000000	-5.000000	0.008970
YDR450W	YPR065W	0.974689						0.000000	5.000000	0.007225
YOL101C	YML027W	0.974684						0.000000	-5.000000	0.008464
YER049W	YDR253C	0.974681						1.000000	-5.000000	0.011140
YBR221C	YDR174W	0.974681						0.000000	5.000000	0.006934
YMR235C	YBR083W	0.974662						1.000000	5.000000	0.007414
YNL077W	YDR310C	0.974657						0.000000	5.000000	0.006903
YER092W	YKR099W	0.974652						1.000000	5.000000	0.007615
YJL088W	YKR099W	0.974649	0.000000	0.218569	0.158708	0.176013	0.183889	0.000000	5.000000	0.007149
YHR198C	YHR084W	0.974638						1.000000	5.000000	0.007575
YGR198W	YGL073W	0.974622						1.000000	5.000000	0.007098
YDR353W	YMR021C	0.974607	0.000000	0.218147	0.158708	0.175820	0.183740	0.000000	5.000000	0.007261
YER078C	YLR131C	0.974607						1.000000	5.000000	0.007402
YBR282W	YNL103W	0.974586						0.000000	-5.000000	0.007684
YHR008C	YOR028C	0.974584	0.000000	0.217726	0.158708	0.175628	0.183591	0.000000	5.000000	0.006947
YDL101C	YKL185W	0.974574						0.000000	5.000000	0.008277
YNL112W	YHR006W	0.974571						0.000000	-5.000000	0.006640
YER023W	YDL020C	0.974570						0.000000	5.000000	0.007456
YMR116C	YKL062W	0.974569						0.000000	-5.000000	0.007298
YNL169C	YDR123C	0.974563						1.000000	5.000000	0.007855
YBL003C	YMR037C	0.974559						1.000000	5.000000	0.007417
YBR034C	YHR006W	0.974552						0.000000	-5.000000	0.004980
YGR236C	YAL051W	0.974551	0.000000	0.217308	0.158708	0.175437	0.183442	0.000000	5.000000	0.007445
YOR091W	YHR006W	0.974546						0.000000	-5.000000	0.005693
YKL093W	YOR028C	0.974545						0.000000	5.000000	0.007435
YKR081C	YDL106C	0.974529						0.000000	5.000000	0.007126
YOL122C	YIL131C	0.974526						1.000000	5.000000	0.007130
YOR122C	YOL089C	0.974519						0.000000	-5.000000	0.007050
YKL065C	YLR451W	0.974503						0.000000	-5.000000	0.008532
YOR327C	YMR037C	0.974501						1.000000	5.000000	0.008969
YBR093C	YER111C	0.974500	0.000000	0.216891	0.158708	0.175246	0.183293	0.000000	-5.000000	0.007150
YCL035C	YOL067C	0.974496						0.000000	5.000000	0.007335
YBR171W	YNL314W	0.974494						0.000000	5.000000	0.007599
YOL110W	YIL131C	0.974480						1.000000	5.000000	0.007261
YNL104C	YOL108C	0.974475	0.000000	0.216475	0.158708	0.175056	0.183144	0.000000	5.000000	0.006704
YFL030W	YGL237C	0.974473						0.000000	5.000000	0.007425
YGR280C	YNL068C	0.974473	0.000000	0.216061	0.158708	0.174866	0.182996	0.000000	5.000000	0.007268
YDR023W	YKL112W	0.974468						0.000000	5.000000	0.006788
YNL117W	YHR084W	0.974459						1.000000	5.000000	0.007262
YDR127W	YEL009C	0.974457						1.000000	5.000000	0.006759
YKL164C	YMR021C	0.974456	0.000000	0.215649	0.158708	0.174676	0.182848	0.000000	5.000000	0.007757
YPL231W	YMR021C	0.974451						0.000000	5.000000	0.006710
YKL099C	YHR006W	0.974447						0.000000	-5.000000	0.007997
YMR197C	YHR084W	0.974441						1.000000	5.000000	0.007879
YJL121C	YJR060W	0.974437						0.000000	5.000000	0.006998
YMR108W	YNL216W	0.974434						1.000000	5.000000	0.007105
YGL115W	YNL216W	0.974429						1.000000	5.000000	0.007119
YBL068W	YDL106C	0.974399						0.000000	5.000000	0.006933
YEL032W	YHR084W	0.974391						1.000000	5.000000	0.007021
YOR375C	YDR123C	0.974390	0.000000	0.215238	0.158708	0.174488	0.182700	0.000000	5.000000	0.006929
YIL033C	YOR028C	0.974380	0.000000	0.214829	0.158708	0.174299	0.182553	0.000000	5.000000	0.007175
YNR001C	YKL062W	0.974379						1.000000	5.000000	0.007482
YPL010W	YMR037C	0.974376						0.000000	5.000000	0.006241
YDR178W	YML007W	0.974375						0.000000	5.000000	0.007031
YDR177W	YGR044C	0.974365						0.000000	-5.000000	0.007226
YMR303C	YMR164C	0.974362						0.000000	5.000000	0.007032
YER131W	YDL106C	0.974351	0.000000	0.214421	0.158708	0.174111	0.182405	0.000000	5.000000	0.007184
YOR220W	YOR140W	0.974338						0.000000	-5.000000	0.009735
YMR171C	YHL027W	0.974337						1.000000	5.000000	0.007187
YGL031C	YIL131C	0.974336	0.000000	0.214015	0.158708	0.173924	0.182258	0.000000	5.000000	0.006616
YPL231W	YOL108C	0.974323						1.000000	5.000000	0.007121
YPR160W	YGL073W	0.974316						1.000000	5.000000	0.006919
YPR033C	YKL112W	0.974311						0.000000	5.000000	0.007803
YBL040C	YDR451C	0.974305						0.000000	5.000000	0.006960
YGR240C	YPL075W	0.974297	0.000000	0.213611	0.158708	0.173737	0.182111	0.000000	5.000000	0.006840
YGR248W	YGL013C	0.974294	0.000000	0.213208	0.158708	0.173551	0.181965	0.000000	5.000000	0.007357
YML074C	YHR178W	0.974284						0.000000	5.000000	0.007266
YBR111C	YOL108C	0.974280						0.000000	5.000000	0.006755
YKR091W	YKR034W	0.974265						0.000000	5.000000	0.006817
YPL143W	YPR065W	0.974261	0.000000	0.212806	0.158708	0.173365	0.181818	0.000000	5.000000	0.008369
YJL148W	YOR363C	0.974261						1.000000	5.000000	0.007138
YPR067W	YNL103W	0.974254						0.000000	-5.000000	0.006966
YMR271C	YOR028C	0.974238						0.000000	5.000000	0.007465
YKR081C	YNL068C	0.974237						0.000000	5.000000	0.007666
YBR088C	YER111C	0.974233						1.000000	5.000000	0.009010
YPR113W	YOL108C	0.974229						1.000000	5.000000	0.006565
YDR178W	YOL067C	0.974224						0.000000	5.000000	0.006413
YIL057C	YAL051W	0.974224						0.000000	5.000000	0.006796
YEL039C	YKL020C	0.974220						0.000000	5.000000	0.006477
YCR031C	YPR065W	0.974220						0.000000	5.000000	0.006658
YIL117C	YBL103C	0.974219	0.000000	0.212406	0.158708	0.173180	0.181672	0.000000	5.000000	0.006202
YDR087C	YNL068C	0.974208						0.000000	5.000000	0.007053
YHR072W-A	YPR104C	0.974208						0.000000	5.000000	0.007219
YJR059W	YGL073W	0.974204						0.000000	5.000000	0.007521
YDR399W	YPL089C	0.974194						0.000000	-5.000000	0.007075
YDL130W-A	YOR140W	0.974192						0.000000	-5.000000	0.007382
YOL012C	YML027W	0.974186						0.000000	5.000000	0.007610
YDR358W	YPL230W	0.974166						0.000000	5.000000	0.007899
YPL231W	YOR162C	0.974158						1.000000	5.000000	0.006700
YIL087C	YKL015W	0.974142						0.000000	5.000000	0.007242
YDR204W	YOR028C	0.974134						0.000000	5.000000	0.007065
YLR186W	YDL106C	0.974131						0.000000	5.000000	0.007164
YBR153W	YIL101C	0.974124						1.000000	5.000000	0.007008
YBR252W	YDR253C	0.974122						0.000000	-5.000000	0.006792
YMR026C	YNL216W	0.974114						1.000000	5.000000	0.007176
YJL138C	YLR451W	0.974110						0.000000	5.000000	0.007124
YHR001W	YDL020C	0.974107						1.000000	5.000000	0.007298
YBR149W	YOR140W	0.974095						0.000000	-5.000000	0.006923
YOR247W	YCR065W	0.974090						0.000000	5.000000	0.007556
YPL004C	YGL013C	0.974086						0.000000	5.000000	0.006749
YHR179W	YMR037C	0.974086						1.000000	-5.000000	0.007402
YPL024W	YPL202C	0.974080						0.000000	-5.000000	0.006971
YBR222C	YJR060W	0.974076						1.000000	5.000000	0.008489
YER126C	YDL106C	0.974074						0.000000	5.000000	0.006926
YGR244C	YOL108C	0.974065						0.000000	5.000000	0.006733
YDR011W	YDR123C	0.974062						1.000000	5.000000	0.006857
YLR351C	YDL020C	0.974061						0.000000	5.000000	0.005316
YPL222W	YGL073W	0.974060						0.000000	5.000000	0.006723
YDR002W	YJR060W	0.974056						0.000000	5.000000	0.007912
YKL001C	YNL103W	0.974053	1.000000	0.213884	0.160112	0.174640	0.183133	0.000000	5.000000	0.007116
YJR135W-A	YDL020C	0.974051						0.000000	5.000000	0.007746
YLR249W	YHR124W	0.974046						0.000000	5.000000	0.006932
YBR031W	YIL131C	0.974046	0.000000	0.213483	0.160112	0.174454	0.182986	0.000000	5.000000	0.006950
YGR121C	YER040W	0.974042						0.000000	5.000000	0.007014
YPL079W	YPR065W	0.974036	0.000000	0.213084	0.160112	0.174268	0.182839	0.000000	5.000000	0.007526
YPL273W	YNL314W	0.974031	0.000000	0.212687	0.160112	0.174084	0.182692	0.000000	5.000000	0.006978
YHR008C	YOR140W	0.974019						0.000000	-5.000000	0.006749
YLR406C	YIL101C	0.974008	0.000000	0.212291	0.160112	0.173899	0.182546	0.000000	-5.000000	0.006849
YLR066W	YDR451C	0.974006						0.000000	5.000000	0.006516
YMR215W	YDL056W	0.974001						0.000000	5.000000	0.006749
YPL222W	YIL101C	0.973995						1.000000	5.000000	0.006942
YMR271C	YML007W	0.973989						0.000000	5.000000	0.007124
YBL033C	YEL009C	0.973986						1.000000	5.000000	0.006717
YER126C	YNL068C	0.973975						0.000000	5.000000	0.007625
YJR109C	YBL103C	0.973975	0.000000	0.211896	0.160112	0.173716	0.182400	0.000000	5.000000	0.006715
YAR002W	YGL013C	0.973974						1.000000	5.000000	0.006965
YJR074W	YNL216W	0.973969						1.000000	5.000000	0.006880
YGR285C	YKL112W	0.973963						0.000000	5.000000	0.005816
YNL117W	YKL062W	0.973963						1.000000	5.000000	0.006727
YNL289W	YBR083W	0.973956						1.000000	5.000000	0.006448
YOR276W	YPR065W	0.973952						0.000000	5.000000	0.007535
YPR072W	YMR037C	0.973944						1.000000	5.000000	0.007628
YFR042W	YMR019W	0.973938						0.000000	5.000000	0.007109
YGR256W	YML007W	0.973937						1.000000	5.000000	0.006873
YDR036C	YHR084W	0.973937						1.000000	5.000000	0.007394
YGL245W	YMR037C	0.973929						0.000000	5.000000	0.006560
YNL070W	YGL237C	0.973919						0.000000	5.000000	0.007860
YPR036W	YEL009C	0.973915						1.000000	5.000000	0.005927
YCR088W	YPL177C	0.973912						0.000000	-5.000000	0.007329
YER088C	YHR124W	0.973910						1.000000	5.000000	0.007060
YCL033C	YGL166W	0.973905						0.000000	5.000000	0.007078
YMR131C	YHR006W	0.973901						0.000000	-5.000000	0.006862
YDR494W	YPL038W	0.973898						1.000000	5.000000	0.006412
YJR025C	YKL032C	0.973897	0.000000	0.211503	0.160112	0.173532	0.182254	0.000000	5.000000	0.006017
YDR451C	YDR123C	0.973891						1.000000	5.000000	0.007064
YDR477W	YEL009C	0.973886						1.000000	5.000000	0.007216
YBR212W	YPL230W	0.973874						0.000000	5.000000	0.008465
YDR496C	YNL068C	0.973872						0.000000	5.000000	0.006551
YEL033W	YHR084W	0.973869						1.000000	5.000000	0.007485
YGR155W	YGR044C	0.973863						0.000000	-5.000000	0.006880
YDR536W	YKL062W	0.973860						1.000000	-5.000000	0.006751
YHR018C	YDR463W	0.973857						0.000000	-5.000000	0.007327
YBL043W	YOR028C	0.973856						1.000000	5.000000	0.007758
YDR516C	YKL020C	0.973854						0.000000	5.000000	0.007119
YER078C	YML007W	0.973852						1.000000	5.000000	0.007064
YPL222W	YHR084W	0.973848						1.000000	5.000000	0.006830
YPR120C	YDL056W	0.973846						1.000000	5.000000	0.007061
YDR033W	YIL131C	0.973833						1.000000	5.000000	0.007076
YLL011W	YJR060W	0.973809						1.000000	5.000000	0.006910
YHR142W	YDR146C	0.973809						0.000000	-5.000000	0.006889
YBR165W	YPL230W	0.973809						0.000000	5.000000	0.007196
YJR008W	YML007W	0.973809						0.000000	5.000000	0.007262
YFL039C	YJR060W	0.973806						0.000000	5.000000	0.006972
YJL166W	YGL237C	0.973799						0.000000	5.000000	0.006723
YPL237W	YGR044C	0.973798						0.000000	-5.000000	0.006408
YGL121C	YML007W	0.973791						0.000000	5.000000	0.009792
YJL172W	YBR083W	0.973787						0.000000	5.000000	0.006861
YDL085W	YAL051W	0.973782						0.000000	5.000000	0.006448
YMR313C	YPL230W	0.973777						0.000000	5.000000	0.007181
YKL172W	YNL068C	0.973754						0.000000	5.000000	0.006741
YOR063W	YDR253C	0.973744						0.000000	-5.000000	0.007472
YHL048W	YBL021C	0.973717						0.000000	-5.000000	0.007342
YKL157W	YNL103W	0.973713						0.000000	-5.000000	0.006140
YIL124W	YKL032C	0.973697						0.000000	5.000000	0.006712
YCL018W	YOR162C	0.973694						1.000000	5.000000	0.006579
YER026C	YKL032C	0.973688						0.000000	5.000000	0.008497
YGR008C	YJL056C	0.973682						0.000000	5.000000	0.006798
YDR525W-A	YOR028C	0.973680						0.000000	5.000000	0.007152
YNL016W	YOR028C	0.973678						1.000000	5.000000	0.007011
YGR204W	YOR162C	0.973672						1.000000	5.000000	0.007392
YOL151W	YKL020C	0.973669						0.000000	5.000000	0.007128
YNR002C	YHR084W	0.973666						1.000000	5.000000	0.007280
YMR188C	YGL073W	0.973663						0.000000	5.000000	0.007562
YMR304W	YDR216W	0.973663						1.000000	5.000000	0.007512
YLL026W	YML007W	0.973660	0.000000	0.211111	0.160112	0.173349	0.182109	0.000000	5.000000	0.007589
YHR028C	YDR259C	0.973659						0.000000	5.000000	0.006324
YEL054C	YHR006W	0.973652						0.000000	-5.000000	0.006634
YGL127C	YPR104C	0.973649						1.000000	5.000000	0.007057
YKR059W	YKL112W	0.973645						0.000000	5.000000	0.007551
YKL008C	YMR037C	0.973637						1.000000	5.000000	0.006291
YDR497C	YLR451W	0.973635	0.000000	0.210721	0.160112	0.173167	0.181963	0.000000	5.000000	0.006712
YHR039C-A	YDR421W	0.973623						0.000000	5.000000	0.006060
YNL044W	YIL131C	0.973622						1.000000	5.000000	0.006617
YGR173W	YER040W	0.973615						1.000000	-5.000000	0.007080
YOL012C	YNL216W	0.973611						1.000000	5.000000	0.007121
YMR216C	YKL112W	0.973609						1.000000	5.000000	0.007268
YBR145W	YDR207C	0.973606	0.000000	0.210332	0.160112	0.172985	0.181818	0.000000	5.000000	0.008449
YLR154W-C	YOR028C	0.973603						0.000000	5.000000	0.007350
YHR089C	YDL106C	0.973602						0.000000	5.000000	0.006156
YLR299W	YJR060W	0.973601						1.000000	5.000000	0.007141
YDL137W	YBL021C	0.973600						0.000000	-5.000000	0.007699
YKL007W	YDL020C	0.973596						0.000000	5.000000	0.005906
YBL041W	YNL216W	0.973594						1.000000	5.000000	0.006655
YGR254W	YGL209W	0.973589	0.000000	0.209945	0.160112	0.172804	0.181673	0.000000	5.000000	0.006652
YGL127C	YJR060W	0.973584						1.000000	5.000000	0.005502
YDL198C	YDR259C	0.973575						0.000000	5.000000	0.006279
YGR084C	YIL036W	0.973565						0.000000	5.000000	0.005977
YNL327W	YMR043W	0.973543						1.000000	5.000000	0.006767
YBR252W	YLR131C	0.973543						0.000000	-5.000000	0.005958
YER044C	YMR037C	0.973542						1.000000	5.000000	0.006874
YOL041C	YDL106C	0.973541						0.000000	5.000000	0.005812
YLR300W	YJR060W	0.973537						1.000000	5.000000	0.008150
YMR108W	YMR037C	0.973535						1.000000	5.000000	0.007721
YML074C	YJL089W	0.973535						0.000000	5.000000	0.006730
YML063W	YIL131C	0.973529	0.000000	0.209559	0.160112	0.172623	0.181529	0.000000	5.000000	0.007009
YPL134C	YGL237C	0.973528						0.000000	5.000000	0.006710
YOR065W	YJR060W	0.973527						1.000000	5.000000	0.007126
YER176W	YJR060W	0.973518						1.000000	5.000000	0.007070
YER072W	YMR042W	0.973503						0.000000	-5.000000	0.006308
YDR471W	YPR104C	0.973498	0.000000	0.209174	0.160112	0.172442	0.181384	0.000000	5.000000	0.006717
YGR080W	YDL020C	0.973493						0.000000	5.000000	0.006964
YOR288C	YJR060W	0.973488						1.000000	5.000000	0.006589
YMR229C	YNL068C	0.973488						0.000000	5.000000	0.006955
YHR087W	YKL062W	0.973485						1.000000	-5.000000	0.006809
YDR365C	YDL106C	0.973484						0.000000	5.000000	0.006291
YBR162W-A	YMR037C	0.973482						1.000000	5.000000	0.009043
YGR121C	YOR028C	0.973472						1.000000	5.000000	0.005596
YHR005C-A	YIL036W	0.973466						0.000000	5.000000	0.006579
YDR083W	YDL106C	0.973460						0.000000	5.000000	0.007401
YDR100W	YKL032C	0.973452						0.000000	5.000000	0.006005
YER182W	YOR028C	0.973449						0.000000	5.000000	0.007744
YPR154W	YKL020C	0.973448						0.000000	5.000000	0.006163
YMR297W	YPL177C	0.973444						0.000000	-5.000000	0.006228
YPL037C	YOL028C	0.973443						0.000000	5.000000	0.006830
YJR001W	YOR028C	0.973439						1.000000	5.000000	0.006797
YIL088C	YER040W	0.973439						0.000000	5.000000	0.008996
YBR244W	YMR043W	0.973439	0.000000	0.208791	0.160112	0.172262	0.181240	0.000000	-5.000000	0.007147
YJL184W	YIR017C	0.973436						0.000000	5.000000	0.007134
YOR246C	YHR206W	0.973433						1.000000	5.000000	0.006600
YPR029C	YPL230W	0.973422						0.000000	5.000000	0.006697
YDL066W	YDL020C	0.973422						0.000000	5.000000	0.007069
YNL125C	YEL009C	0.973420						1.000000	5.000000	0.007509
YKR094C	YNL314W	0.973417	0.000000	0.208410	0.160112	0.172083	0.181096	0.000000	5.000000	0.005318
YDR507C	YIL101C	0.973417						1.000000	5.000000	0.006905
YPL048W	YBL021C	0.973414						0.000000	-5.000000	0.009575
YLL045C	YPR065W	0.973411						0.000000	5.000000	0.006536
YLR009W	YNL027W	0.973398						0.000000	-5.000000	0.006798
YNR002C	YOR028C	0.973392						0.000000	5.000000	0.006039
YIR022W	YOL089C	0.973390						0.000000	-5.000000	0.006760
YMR171C	YPL230W	0.973383						0.000000	5.000000	0.006519
YPR107C	YOL108C	0.973382						1.000000	5.000000	0.006759
YHR096C	YPL230W	0.973381						0.000000	5.000000	0.007198
YOR224C	YMR037C	0.973371						1.000000	5.000000	0.008096
YNL135C	YOL089C	0.973362						0.000000	-5.000000	0.006517
YFL044C	YKR034W	0.973355						0.000000	5.000000	0.007588
YNR053C	YIL131C	0.973355						1.000000	5.000000	0.006618
YOR084W	YAL051W	0.973353						1.000000	5.000000	0.006332
YEL001C	YMR037C	0.973348						0.000000	5.000000	0.005988
YPL241C	YHR084W	0.973344						1.000000	5.000000	0.006850
YIL148W	YNL314W	0.973336	0.000000	0.208029	0.160112	0.171904	0.180952	0.000000	5.000000	0.006483
YLR388W	YBR239C	0.973331						0.000000	-5.000000	0.006952
YGL187C	YPR104C	0.973328						1.000000	5.000000	0.007368
YEL071W	YDL020C	0.973320						0.000000	5.000000	0.007423
YLR438C-A	YOL089C	0.973319						0.000000	-5.000000	0.004467
YDR156W	YER111C	0.973311						0.000000	-5.000000	0.006840
YAL013W	YJR060W	0.973304						1.000000	5.000000	0.006969
YMR225C	YGL237C	0.973284						0.000000	5.000000	0.006616
YLL028W	YDR253C	0.973280						1.000000	5.000000	0.006757
YBL038W	YHR084W	0.973269						1.000000	5.000000	0.005702
YNL129W	YOL108C	0.973264						1.000000	5.000000	0.005994
YGL009C	YEL009C	0.973258						1.000000	5.000000	0.006906
YLL026W	YKL020C	0.973237						0.000000	5.000000	0.007069
YDR533C	YOR028C	0.973230						1.000000	5.000000	0.006418
YIL033C	YOR140W	0.973227						0.000000	-5.000000	0.006527
YLR214W	YMR037C	0.973222						1.000000	-5.000000	0.007754
YCR012W	YHR206W	0.973213	0.000000	0.207650	0.160112	0.171725	0.180809	0.000000	5.000000	0.006039
YHR050W	YNL068C	0.973210						1.000000	5.000000	0.006474
YGL009C	YDL048C	0.973209						0.000000	5.000000	0.007758
YOL110W	YDR253C	0.973198						1.000000	5.000000	0.006567
YAL049C	YMR016C	0.973196						1.000000	5.000000	0.006998
YPL061W	YGR044C	0.973179						0.000000	-5.000000	0.006205
YML056C	YPR104C	0.973178						0.000000	5.000000	0.009029
YKR087C	YNL216W	0.973175						1.000000	5.000000	0.006271
YLR367W	YNL216W	0.973174						1.000000	5.000000	0.006896
YIL148W	YPL038W	0.973172	0.000000	0.207273	0.160112	0.171547	0.180666	0.000000	-5.000000	0.006716
YNL069C	YPR104C	0.973170	0.000000	0.206897	0.160112	0.171370	0.180523	0.000000	5.000000	0.006207
YLR435W	YNL027W	0.973167						0.000000	-5.000000	0.006415
YML100W	YGL013C	0.973162						0.000000	5.000000	0.006360
YDL014W	YNL027W	0.973161						0.000000	-5.000000	0.006025
YMR276W	YOL089C	0.973161						0.000000	-5.000000	0.007036
YKL167C	YOR028C	0.973144	0.000000	0.206522	0.160112	0.171193	0.180380	0.000000	5.000000	0.007124
YPR009W	YNL068C	0.973138						1.000000	5.000000	0.006853
YKL032C	YOR028C	0.973129						1.000000	5.000000	0.007571
YDR165W	YHR124W	0.973128						0.000000	5.000000	0.006230
YER141W	YOL108C	0.973122						0.000000	5.000000	0.006358
YMR038C	YJR147W	0.973119						0.000000	5.000000	0.007476
YJL112W	YBR083W	0.973112						1.000000	5.000000	0.006832
YOR065W	YHR084W	0.973110						1.000000	5.000000	0.006559
YDL184C	YJR060W	0.973104						0.000000	5.000000	0.006466
YER148W	YPR104C	0.973103						0.000000	5.000000	0.004551
YLR406C	YDR146C	0.973098	0.000000	0.206148	0.160112	0.171016	0.180237	0.000000	-5.000000	0.006815
YBR187W	YBR049C	0.973097						0.000000	5.000000	0.008659
YPR132W	YNL314W	0.973096						0.000000	5.000000	0.006501
YOR051C	YPR104C	0.973094						0.000000	5.000000	0.009414
YMR088C	YDR463W	0.973077						0.000000	-5.000000	0.006299
YGL078C	YNL068C	0.973076						0.000000	5.000000	0.006712
YDR011W	YOR162C	0.973072						1.000000	5.000000	0.006093
YOL005C	YDR421W	0.973068						0.000000	5.000000	0.006360
YGR256W	YGR249W	0.973056						0.000000	5.000000	0.006086
YJL101C	YIR017C	0.973047						1.000000	5.000000	0.005360
YOL151W	YPL230W	0.973035						0.000000	5.000000	0.007008
YEL037C	YIL101C	0.973033						1.000000	5.000000	0.006313
YMR188C	YGL237C	0.973014						0.000000	5.000000	0.006762
YGL040C	YJR060W	0.973013						1.000000	5.000000	0.007514
YDR232W	YJL056C	0.972994						0.000000	5.000000	0.006298
YGR209C	YMR021C	0.972986						0.000000	5.000000	0.006655
YGR279C	YCR065W	0.972982						0.000000	5.000000	0.006375
YLL050C	YDR421W	0.972979						0.000000	5.000000	0.006248
YHR215W	YDL106C	0.972973	0.000000	0.205776	0.160112	0.170840	0.180095	0.000000	5.000000	0.007035
YDR272W	YOR140W	0.972973						0.000000	-5.000000	0.005825
YKR001C	YDL020C	0.972970						0.000000	5.000000	0.005972
YOR374W	YGL013C	0.972959	0.000000	0.205405	0.160112	0.170664	0.179953	0.000000	5.000000	0.006213
YMR173W	YBR083W	0.972959						1.000000	5.000000	0.004861
YMR202W	YIR017C	0.972959						0.000000	-5.000000	0.007097
YLR253W	YMR037C	0.972955						1.000000	5.000000	0.006655
YLR130C	YEL009C	0.972939						1.000000	5.000000	0.006034
YKL150W	YGL237C	0.972939						0.000000	5.000000	0.006334
YIL145C	YJR060W	0.972923						1.000000	5.000000	0.006652
YNL248C	YNL068C	0.972900						0.000000	5.000000	0.006447
YPL273W	YPR065W	0.972881	0.000000	0.205036	0.160112	0.170489	0.179811	0.000000	5.000000	0.006004
YFL037W	YDL056W	0.972875						0.000000	5.000000	0.005017
YNL258C	YJR060W	0.972874						1.000000	5.000000	0.006642
YHR196W	YNL068C	0.972871						0.000000	5.000000	0.006251
YPL237W	YBL005W	0.972869						0.000000	5.000000	0.005619
YER110C	YHR006W	0.972868						0.000000	-5.000000	0.006244
YJR008W	YOL108C	0.972868						1.000000	5.000000	0.006806
YFR019W	YPL230W	0.972863						0.000000	5.000000	0.006758
YLR359W	YML007W	0.972846						1.000000	5.000000	0.005677
YLR196W	YNL068C	0.972845						0.000000	5.000000	0.006179
YLR248W	YOR028C	0.972837						0.000000	5.000000	0.006232
YOR272W	YNL068C	0.972825	0.000000	0.204668	0.160112	0.170314	0.179669	0.000000	5.000000	0.007235
YIL062C	YNL103W	0.972813						0.000000	-5.000000	0.006853
YKL181W	YDL106C	0.972799						0.000000	5.000000	0.006886
YCL050C	YKL112W	0.972790						0.000000	5.000000	0.007919
YOR158W	YKL062W	0.972787						1.000000	5.000000	0.007481
YOR065W	YGL237C	0.972775						1.000000	5.000000	0.006434
YPR052C	YCR065W	0.972768						0.000000	5.000000	0.007149
YGR204W	YMR037C	0.972767						1.000000	5.000000	0.006124
YML026C	YHR124W	0.972763						0.000000	5.000000	0.006510
YBR181C	YHR124W	0.972748						0.000000	5.000000	0.006150
YHR215W	YGR044C	0.972743						0.000000	-5.000000	0.006529
YNL110C	YNL068C	0.972734						0.000000	5.000000	0.006199
YIL056W	YPL230W	0.972734						0.000000	5.000000	0.006091
YLR045C	YML027W	0.972733						0.000000	5.000000	0.006421
YOL012C	YDL056W	0.972726						0.000000	5.000000	0.006451
YIR031C	YBR083W	0.972719	0.000000	0.204301	0.160112	0.170139	0.179528	0.000000	5.000000	0.007120
YJL097W	YDL020C	0.972712						0.000000	5.000000	0.006017
YPL208W	YGL237C	0.972704						1.000000	5.000000	0.006132
YDR073W	YMR016C	0.972700						1.000000	5.000000	0.006120
YBR230C	YGL237C	0.972694						0.000000	5.000000	0.006453
YOL123W	YHR084W	0.972687						1.000000	5.000000	0.006892
YNL098C	YGL013C	0.972679						0.000000	5.000000	0.006015
YER035W	YKL020C	0.972679						0.000000	5.000000	0.006406
YPL087W	YNL103W	0.972660						0.000000	-5.000000	0.007025
YAL060W	YKL020C	0.972645						0.000000	5.000000	0.006404
YEL026W	YDR423C	0.972645						0.000000	-5.000000	0.006318
YMR092C	YNL216W	0.972644						1.000000	5.000000	0.006478
YNR046W	YHR124W	0.972644						0.000000	5.000000	0.006551
YJR058C	YDL020C	0.972642						0.000000	5.000000	0.005697
YMR318C	YDR451C	0.972637						0.000000	5.000000	0.005972
YEL033W	YIL036W	0.972627						0.000000	5.000000	0.006485
YJL077C	YKL032C	0.972625						1.000000	5.000000	0.006686
YDL085W	YJL056C	0.972623						0.000000	5.000000	0.006223
YPL059W	YNL103W	0.972618						0.000000	-5.000000	0.006548
YLR167W	YNL314W	0.972618	0.000000	0.203936	0.160112	0.169965	0.179386	0.000000	5.000000	0.006431
YJR045C	YHR206W	0.972611						1.000000	5.000000	0.006335
YDL169C	YKL015W	0.972595						0.000000	5.000000	0.006269
YFL010W-A	YMR037C	0.972588						0.000000	5.000000	0.006985
YGL156W	YHR084W	0.972587						0.000000	5.000000	0.006406
YDR256C	YGR249W	0.972586						0.000000	5.000000	0.006237
YDR380W	YJR147W	0.972581						0.000000	5.000000	0.006459
YMR290C	YDL106C	0.972576						0.000000	5.000000	0.005879
YKL109W	YOL067C	0.972566						0.000000	5.000000	0.004967
YPL273W	YOR344C	0.972560	0.000000	0.203571	0.160112	0.169792	0.179245	0.000000	5.000000	0.005944
YNL289W	YHR084W	0.972552						1.000000	5.000000	0.005826
YGR232W	YNL103W	0.972550						0.000000	-5.000000	0.006407
YCL001W	YDL056W	0.972542						0.000000	5.000000	0.006425
YGL189C	YNL314W	0.972542	0.000000	0.203209	0.160112	0.169619	0.179104	0.000000	5.000000	0.005644
YIR012W	YHR124W	0.972527						0.000000	5.000000	0.006175
YBR162W-A	YEL009C	0.972527						1.000000	5.000000	0.005967
Q0130	YDR213W	0.972524						0.000000	-5.000000	0.006526
YJL148W	YIL131C	0.972510						1.000000	5.000000	0.006573
YGR222W	YHR084W	0.972509						1.000000	5.000000	0.006660
YNL192W	YNL027W	0.972504						1.000000	5.000000	0.005878
YDR471W	YHR006W	0.972497	0.000000	0.202847	0.160112	0.169446	0.178964	0.000000	-5.000000	0.006203
YNL288W	YHR084W	0.972497						1.000000	5.000000	0.006227
YMR311C	YGL073W	0.972491						0.000000	5.000000	0.006253
YER120W	YOL089C	0.972467						0.000000	-5.000000	0.006802
YGR230W	YBR083W	0.972462						1.000000	5.000000	0.007001
YKL172W	YJR060W	0.972458						1.000000	5.000000	0.006409
YBR079C	YHR006W	0.972444						0.000000	-5.000000	0.006102
YJR138W	YDR253C	0.972443						1.000000	5.000000	0.006129
YMR251W-A	YMR037C	0.972437						1.000000	5.000000	0.006947
YBR196C	YJR060W	0.972433	0.000000	0.202487	0.160112	0.169274	0.178824	0.000000	5.000000	0.006500
YKL053C-A	YOR028C	0.972433						0.000000	5.000000	0.007127
YOL081W	YBR083W	0.972432						1.000000	5.000000	0.006109
YNL302C	YIL131C	0.972419	0.000000	0.202128	0.160112	0.169102	0.178683	0.000000	5.000000	0.006355
YOL030W	YCR065W	0.972413						0.000000	5.000000	0.007320
YDR342C	YMR016C	0.972408	1.000000	0.203540	0.161517	0.170529	0.180110	0.000000	5.000000	0.006657
YOR344C	YHR206W	0.972401						1.000000	5.000000	0.006883
YLR293C	YKL112W	0.972390						0.000000	5.000000	0.005864
YDR429C	YIL036W	0.972380						0.000000	5.000000	0.006542
YNL110C	YDL106C	0.972364						0.000000	5.000000	0.006656
YGL103W	YMR043W	0.972364	0.000000	0.203180	0.161517	0.170356	0.179969	0.000000	-5.000000	0.007494
YDL171C	YKL062W	0.972347						1.000000	5.000000	0.005984
YDR127W	YDL020C	0.972316						1.000000	5.000000	0.006578
YKR093W	YDR421W	0.972302	0.000000	0.202822	0.161517	0.170184	0.179828	0.000000	5.000000	0.005948
YOL101C	YGR249W	0.972297						0.000000	5.000000	0.006979
YLR075W	YDR253C	0.972292	0.000000	0.202465	0.161517	0.170013	0.179687	0.000000	-5.000000	0.006505
YDL136W	YBR239C	0.972288						0.000000	-5.000000	0.006395
YJR070C	YNL027W	0.972275						0.000000	-5.000000	0.006244
YMR056C	YMR016C	0.972267						1.000000	5.000000	0.005673
YPL179W	YHR084W	0.972260						1.000000	5.000000	0.005972
YNL322C	YGL073W	0.972242						0.000000	5.000000	0.005798
YOR036W	YKL032C	0.972233						0.000000	5.000000	0.003720
YNL251C	YOR162C	0.972220						1.000000	5.000000	0.006475
YLR174W	YOR028C	0.972209						0.000000	5.000000	0.005502
YGL055W	YOL108C	0.972199						1.000000	5.000000	0.005922
YGR248W	YPL230W	0.972189						0.000000	5.000000	0.006647
YER053C	YGL237C	0.972183	0.000000	0.202109	0.161517	0.169842	0.179547	0.000000	5.000000	0.007060
YDL229W	YHR124W	0.972181						0.000000	5.000000	0.006080
YKR093W	YDR463W	0.972154	0.000000	0.201754	0.161517	0.169672	0.179407	0.000000	-5.000000	0.006096
YER056C	YKL062W	0.972149						1.000000	5.000000	0.007507
YPL144W	YGL013C	0.972148						1.000000	5.000000	0.006063
YPR069C	YKL112W	0.972142						0.000000	5.000000	0.005756
YNL067W	YIL131C	0.972142						1.000000	5.000000	0.005889
YDR174W	YGL013C	0.972138						0.000000	5.000000	0.005572
YLR435W	YDL106C	0.972118						0.000000	5.000000	0.004877
YLR301W	YIR017C	0.972111						0.000000	5.000000	0.006671
YDL229W	YNL027W	0.972108						0.000000	-5.000000	0.006210
YOR173W	YGL013C	0.972103	0.000000	0.201401	0.161517	0.169501	0.179267	0.000000	5.000000	0.005899
Q0130	YJL056C	0.972094						0.000000	5.000000	0.006016
YPL090C	YHR006W	0.972071						0.000000	-5.000000	0.005977
YHL048W	YHR084W	0.972069						1.000000	5.000000	0.007031
YDL078C	YGL237C	0.972068						0.000000	5.000000	0.005770
YFR014C	YOR028C	0.972064						0.000000	5.000000	0.006571
YML004C	YDR207C	0.972058						0.000000	5.000000	0.006206
YLR164W	YKL015W	0.972047						0.000000	5.000000	0.005597
YKR092C	YML007W	0.972044						1.000000	5.000000	0.006168
YBL039C	YHR006W	0.972040						0.000000	-5.000000	0.006169
YNL101W	YER040W	0.972035						0.000000	5.000000	0.005308
YHR019C	YOR162C	0.972033						0.000000	5.000000	0.005921
YMR194C-B	YOL108C	0.972022						0.000000	5.000000	0.005455
YDL191W	YKL043W	0.972006						0.000000	5.000000	0.006006
YGL253W	YOR162C	0.971989						1.000000	5.000000	0.005604
YLR174W	YML007W	0.971983						0.000000	5.000000	0.005728
YMR107W	YKL062W	0.971982	0.000000	0.201049	0.161517	0.169332	0.179128	0.000000	5.000000	0.006453
YNR037C	YOL108C	0.971974						0.000000	5.000000	0.005886
YAL008W	YML007W	0.971971						0.000000	5.000000	0.006086
YDL020C	YPL230W	0.971970						0.000000	5.000000	0.006164
YKL040C	YDL020C	0.971970						1.000000	5.000000	0.006111
YPR043W	YHR006W	0.971970						0.000000	-5.000000	0.005942
YHR193C	YIR018W	0.971958						0.000000	5.000000	0.007751
YGL062W	YBL021C	0.971957						0.000000	-5.000000	0.005750
YBL043W	YJL056C	0.971943						0.000000	5.000000	0.005536
YOR158W	YDL020C	0.971943						1.000000	5.000000	0.006049
YDL021W	YEL009C	0.971936						1.000000	5.000000	0.005752
YDL204W	YJL056C	0.971930						0.000000	5.000000	0.005799
YNL066W	YIR033W	0.971925	0.000000	0.200698	0.161517	0.169162	0.178988	0.000000	5.000000	0.006222
YDR353W	YDL020C	0.971911	0.000000	0.200348	0.161517	0.168994	0.178849	0.000000	5.000000	0.006156
YHR027C	YDR207C	0.971900						0.000000	5.000000	0.010887
YFR019W	YKL020C	0.971896						0.000000	5.000000	0.005985
YPR065W	YHR206W	0.971888						1.000000	5.000000	0.006111
YGL077C	YKR099W	0.971884						0.000000	5.000000	0.005882
YAL060W	YGL013C	0.971884	0.000000	0.200000	0.161517	0.168825	0.178710	0.000000	5.000000	0.006228
YPR110C	YDL106C	0.971879						0.000000	5.000000	0.005818
YHR019C	YKL112W	0.971877	0.000000	0.199653	0.161517	0.168657	0.178571	0.000000	5.000000	0.005910
YNL063W	YJR060W	0.971874						1.000000	5.000000	0.005432
YDL100C	YEL009C	0.971873						0.000000	5.000000	0.007059
YDL084W	YKL112W	0.971869						0.000000	5.000000	0.005930
YMR173W	YML007W	0.971865						1.000000	5.000000	0.006284
YGR132C	YMR016C	0.971857						1.000000	5.000000	0.007658
YBR183W	YKL020C	0.971852						0.000000	5.000000	0.005925
YJL122W	YDL106C	0.971851						0.000000	5.000000	0.005880
YOR286W	YDL020C	0.971847						0.000000	5.000000	0.005856
YDR441C	YDL056W	0.971842						1.000000	5.000000	0.006047
YPR035W	YKR034W	0.971816						0.000000	5.000000	0.006126
YMR116C	YMR280C	0.971810						0.000000	-5.000000	0.005951
YDL120W	YJL056C	0.971810						0.000000	5.000000	0.006413
YER003C	YKL185W	0.971808						0.000000	5.000000	0.006418
YHR049W	YGL073W	0.971802						1.000000	5.000000	0.005773
YJL155C	YOR028C	0.971797						0.000000	5.000000	0.005674
YKL054C	YKL062W	0.971780						1.000000	5.000000	0.006689
YDR342C	YKL020C	0.971769						0.000000	5.000000	0.006307
YHR179W	YKL062W	0.971757						1.000000	5.000000	0.009336
YKR046C	YPL177C	0.971757						0.000000	-5.000000	0.006048
YPL032C	YGL073W	0.971753						1.000000	5.000000	0.005803
YGR192C	YHR178W	0.971753	0.000000	0.199307	0.161517	0.168490	0.178433	0.000000	5.000000	0.005216
YHR063C	YKL043W	0.971752						0.000000	5.000000	0.008494
YDR497C	YGL209W	0.971751	0.000000	0.198962	0.161517	0.168322	0.178295	0.000000	5.000000	0.005513
YML058W	YCR065W	0.971738						0.000000	5.000000	0.005456
YKR081C	YNL027W	0.971732						0.000000	-5.000000	0.005627
YDR304C	YNL103W	0.971732						0.000000	-5.000000	0.005728
YDR345C	YGL209W	0.971730						0.000000	5.000000	0.006212
YLR089C	YKR034W	0.971696						0.000000	5.000000	0.005795
YAL039C	YHR084W	0.971695						1.000000	5.000000	0.005761
YOR340C	YIL131C	0.971689						1.000000	5.000000	0.005449
YPR107C	YDL020C	0.971683						1.000000	5.000000	0.006022
YNL142W	YBR083W	0.971676						0.000000	5.000000	0.006347
YDR497C	YDR034C	0.971667						0.000000	5.000000	0.005938
YDR342C	YPL230W	0.971666						0.000000	5.000000	0.006491
YKL032C	YMR016C	0.971661						1.000000	5.000000	0.008638
YKR094C	YPR065W	0.971658	0.000000	0.198618	0.161517	0.168156	0.178156	0.000000	5.000000	0.006772
YOR224C	YPR104C	0.971657						0.000000	5.000000	0.005425
YOR182C	YHR006W	0.971656						0.000000	-5.000000	0.006142
YGL219C	YGL073W	0.971628						0.000000	5.000000	0.006282
YMR120C	YKL043W	0.971601						0.000000	5.000000	0.006505
YDR322C-A	YOL067C	0.971595						0.000000	5.000000	0.006091
YLL023C	YKL020C	0.971595						0.000000	5.000000	0.005578
YFR047C	YOR028C	0.971592						0.000000	5.000000	0.006080
YPL135W	YMR016C	0.971583						1.000000	5.000000	0.006069
YGL103W	YNL314W	0.971583	0.000000	0.198276	0.161517	0.167989	0.178019	0.000000	5.000000	0.005664
YLR256W	YDL020C	0.971575						0.000000	5.000000	0.007077
YKL210W	YMR037C	0.971541						1.000000	5.000000	0.006555
YNL241C	YOR140W	0.971539						0.000000	-5.000000	0.006261
YHR196W	YHR124W	0.971538						0.000000	5.000000	0.006026
YER131W	YPL089C	0.971538	0.000000	0.197935	0.161517	0.167823	0.177881	0.000000	-5.000000	0.005901
YML110C	YOL108C	0.971528						0.000000	5.000000	0.005019
YBR269C	YOR028C	0.971523						0.000000	5.000000	0.004162
YDL126C	YNL103W	0.971507						0.000000	-5.000000	0.005613
YLR168C	YHR084W	0.971502						1.000000	5.000000	0.005748
YCL059C	YNL027W	0.971500						0.000000	-5.000000	0.005830
YLR178C	YGL073W	0.971473	0.000000	0.197595	0.161517	0.167658	0.177743	0.000000	5.000000	0.006468
YLR293C	YBL005W	0.971459						0.000000	5.000000	0.005493
YDL064W	YLR131C	0.971454						0.000000	-5.000000	0.006177
YLR216C	YGL013C	0.971449	0.000000	0.197256	0.161517	0.167493	0.177606	0.000000	5.000000	0.005754
YGR231C	YOR028C	0.971449						0.000000	5.000000	0.006773
YML075C	YKL032C	0.971444						1.000000	5.000000	0.006050
YKL021C	YPR104C	0.971439						0.000000	5.000000	0.011295
YPR187W	YIR018W	0.971437						0.000000	5.000000	0.007366
YIL033C	YML007W	0.971433	0.000000	0.196918	0.161517	0.167328	0.177469	0.000000	5.000000	0.005601
YPL271W	YOL067C	0.971419						0.000000	5.000000	0.005987
YMR049C	YNL068C	0.971418						0.000000	5.000000	0.005976
YHR098C	YMR043W	0.971417						1.000000	5.000000	0.005759
YML081C-A	YOR028C	0.971412						0.000000	5.000000	0.006314
YEL056W	YDR123C	0.971406						1.000000	5.000000	0.005826
YDR502C	YMR037C	0.971405						1.000000	5.000000	0.007451
YGR231C	YOL108C	0.971402						0.000000	5.000000	0.006320
YDR465C	YHR006W	0.971397						0.000000	-5.000000	0.005554
YHR013C	YNL314W	0.971388						0.000000	5.000000	0.006464
YHR042W	YJR060W	0.971386						1.000000	5.000000	0.006739
YOR045W	YOL108C	0.971386						0.000000	5.000000	0.006497
YBR149W	YIR023W	0.971384						0.000000	5.000000	0.005611
YLR406C	YDR423C	0.971361	0.000000	0.196581	0.161517	0.167164	0.177332	0.000000	-5.000000	0.005712
YIL045W	YOR028C	0.971360						0.000000	5.000000	0.004582
YBL092W	YNL314W	0.971357						0.000000	5.000000	0.005291
YFL010W-A	YDL020C	0.971352						0.000000	5.000000	0.004847
YDL067C	YOL067C	0.971349						0.000000	5.000000	0.005674
YKL152C	YDR216W	0.971345	0.000000	0.196246	0.161517	0.167000	0.177196	0.000000	-5.000000	0.005490
YNL070W	YNL103W	0.971338						0.000000	-5.000000	0.005752
YDL174C	YOL067C	0.971334						0.000000	5.000000	0.006253
YLR327C	YLR256W	0.971327	0.000000	0.195911	0.161517	0.166836	0.177059	0.000000	-5.000000	0.006002
YLR196W	YHR006W	0.971327						0.000000	-5.000000	0.005998
YLR060W	YBR049C	0.971323						0.000000	5.000000	0.006601
YER006W	YDL106C	0.971322						0.000000	5.000000	0.005636
YGR037C	YNL103W	0.971314						0.000000	-5.000000	0.006008
YLR262C-A	YPL133C	0.971310						0.000000	5.000000	0.006554
YER024W	YGL073W	0.971300						0.000000	5.000000	0.006287
YLR448W	YHR006W	0.971297						0.000000	-5.000000	0.005791
YBR122C	YOR140W	0.971284						0.000000	-5.000000	0.006123
YOL119C	YBR083W	0.971283	0.000000	0.195578	0.161517	0.166673	0.176923	0.000000	5.000000	0.005582
YGR027C	YMR043W	0.971270	0.000000	0.195246	0.161517	0.166511	0.176787	0.000000	-5.000000	0.006099
YKL150W	YPL230W	0.971267						0.000000	5.000000	0.006158
YDR059C	YOR028C	0.971262						0.000000	5.000000	0.008833
YHR056C	YPL230W	0.971242						0.000000	5.000000	0.005728
YLR359W	YEL009C	0.971242						1.000000	5.000000	0.004768
YOR039W	YNL068C	0.971237						1.000000	5.000000	0.005626
YOR247W	YMR164C	0.971237						0.000000	-5.000000	0.005406
YGR254W	YKL020C	0.971230						0.000000	5.000000	0.006366
YOL155C	YBR083W	0.971227						0.000000	-5.000000	0.005997
YIL112W	YDR463W	0.971197						0.000000	-5.000000	0.006154
YML070W	YGL013C	0.971190						0.000000	5.000000	0.006111
YIL094C	YKR099W	0.971190						0.000000	5.000000	0.005718
YPL048W	YDR174W	0.971186						0.000000	5.000000	0.005811
YJR127C	YBR083W	0.971173						1.000000	5.000000	0.006013
YER057C	YEL009C	0.971170						0.000000	5.000000	0.006312
YAL049C	YOL108C	0.971165						0.000000	5.000000	0.006388
YMR123W	YDR253C	0.971163						0.000000	-5.000000	0.005873
YGL135W	YDR423C	0.971152	0.000000	0.194915	0.161517	0.166348	0.176651	0.000000	-5.000000	0.008505
YLR380W	YHR084W	0.971134						1.000000	5.000000	0.005647
YLR344W	YPR104C	0.971116	0.000000	0.194585	0.161517	0.166186	0.176516	0.000000	5.000000	0.005453
YJL122W	YNL027W	0.971108						0.000000	-5.000000	0.005378
YKR096W	YCR084C	0.971101						1.000000	5.000000	0.005602
YDR296W	YER111C	0.971098						1.000000	5.000000	0.005481
YDL136W	YPR104C	0.971096	0.000000	0.194257	0.161517	0.166025	0.176380	0.000000	5.000000	0.005704
YGL219C	YMR037C	0.971087						1.000000	5.000000	0.005946
YLR075W	YNL314W	0.971081	0.000000	0.193929	0.161517	0.165864	0.176245	0.000000	5.000000	0.005503
YDL130W	YIL131C	0.971080	0.000000	0.193603	0.161517	0.165703	0.176110	0.000000	5.000000	0.005629
YGR185C	YKL112W	0.971075	0.000000	0.193277	0.161517	0.165543	0.175976	0.000000	5.000000	0.006849
YGR146C	YKL062W	0.971071						1.000000	5.000000	0.004875
YOR340C	YDL106C	0.971069						0.000000	5.000000	0.006233
YDL072C	YNL103W	0.971068						0.000000	-5.000000	0.005918
YLR201C	YGL073W	0.971053						0.000000	5.000000	0.005450
YPL024W	YOR162C	0.971049						1.000000	5.000000	0.005907
YBR286W	YOR140W	0.971036						0.000000	-5.000000	0.006300
YLR089C	YMR021C	0.971036						0.000000	5.000000	0.005900
YOL020W	YMR037C	0.971022						1.000000	5.000000	0.005572
YDR059C	YML007W	0.971004						0.000000	5.000000	0.006343
YGL012W	YIR017C	0.971004						0.000000	-5.000000	0.005339
YJL100W	YOR028C	0.971003						1.000000	5.000000	0.006265
YOR344C	YOL108C	0.970998						1.000000	5.000000	0.005539
YKL067W	YKL032C	0.970993						0.000000	5.000000	0.006125
YLR449W	YDL106C	0.970985	0.000000	0.192953	0.161517	0.165383	0.175841	0.000000	5.000000	0.006468
YIL009W	YDR123C	0.970954						1.000000	5.000000	0.005979
YEL017W	YDR123C	0.970952						1.000000	5.000000	0.005657
YJL191W	YNL216W	0.970951						1.000000	-5.000000	0.006669
YIL050W	YPL177C	0.970948						0.000000	-5.000000	0.006422
YBL068W	YJR060W	0.970940						1.000000	5.000000	0.005994
YOR356W	YLR256W	0.970939						1.000000	5.000000	0.005642
YKL087C	YAL051W	0.970935						1.000000	5.000000	0.005446
YLR449W	YPR104C	0.970917	0.000000	0.192630	0.161517	0.165223	0.175707	0.000000	5.000000	0.006991
YHR170W	YNL027W	0.970911						0.000000	-5.000000	0.005445
YOR230W	YOR140W	0.970907						0.000000	-5.000000	0.005414
YIL136W	YOL067C	0.970905						0.000000	5.000000	0.005548
YMR291W	YGL209W	0.970901	0.000000	0.192308	0.161517	0.165064	0.175573	0.000000	5.000000	0.005542
YGL135W	YIR023W	0.970895	0.000000	0.191987	0.161517	0.164905	0.175439	0.000000	-5.000000	0.005444
YLR163C	YMR037C	0.970881						1.000000	5.000000	0.005644
YPL198W	YNL027W	0.970879	0.000000	0.191667	0.161517	0.164747	0.175305	0.000000	-5.000000	0.005139
YJR001W	YJR060W	0.970877						1.000000	5.000000	0.004410
YKR043C	YKL062W	0.970877						0.000000	-5.000000	0.005503
YLR038C	YGL237C	0.970874	0.000000	0.191348	0.161517	0.164589	0.175171	0.000000	5.000000	0.005850
YBR249C	YEL009C	0.970870						1.000000	5.000000	0.005081
YEL017W	YKL032C	0.970870						1.000000	5.000000	0.005564
YPR023C	YOR028C	0.970866						0.000000	5.000000	0.005581
YBR093C	YDR043C	0.970860	0.000000	0.191030	0.161517	0.164431	0.175038	0.000000	5.000000	0.005841
YKL109W	YKL062W	0.970857						1.000000	5.000000	0.005610
YGR037C	YDR421W	0.970853						0.000000	5.000000	0.005300
YGR027C	YIL131C	0.970847	0.000000	0.190713	0.161517	0.164274	0.174905	0.000000	5.000000	0.005281
YLR441C	YPR104C	0.970837	0.000000	0.190397	0.161517	0.164117	0.174772	0.000000	5.000000	0.006533
YOR078W	YOR162C	0.970824						1.000000	-5.000000	0.005452
YNL149C	YNL199C	0.970819						0.000000	5.000000	0.005805
YLR332W	YOR028C	0.970802						1.000000	5.000000	0.005868
YIR038C	YOL108C	0.970800	0.000000	0.190083	0.161517	0.163960	0.174639	0.000000	5.000000	0.005855
YEL017W	YML027W	0.970797						0.000000	5.000000	0.005774
YGR211W	YKL020C	0.970795						0.000000	5.000000	0.005507
YML078W	YBL021C	0.970791						0.000000	-5.000000	0.005676
YGR055W	YER040W	0.970787	0.000000	0.189769	0.161517	0.163804	0.174507	0.000000	-5.000000	0.005048
YNR022C	YGL237C	0.970786						0.000000	5.000000	0.005951
YPL158C	YBR182C	0.970782						0.000000	-5.000000	0.005590
YDL126C	YNL216W	0.970757						1.000000	5.000000	0.005095
YPR124W	YGL237C	0.970754						0.000000	5.000000	0.005057
YBR221C	YGL013C	0.970753						0.000000	5.000000	0.005061
YHL021C	YDR463W	0.970746						0.000000	-5.000000	0.005482
YKL009W	YDL106C	0.970744						0.000000	5.000000	0.005094
YGR218W	YHR084W	0.970736						1.000000	5.000000	0.005505
YNL071W	YBL021C	0.970735						0.000000	-5.000000	0.005738
YHL025W	YKL062W	0.970730						1.000000	-5.000000	0.005604
YKL141W	YOR028C	0.970721						0.000000	5.000000	0.005564
YAL061W	YGL073W	0.970715	0.000000	0.189456	0.161517	0.163648	0.174375	0.000000	5.000000	0.004942
YOR078W	YBR049C	0.970712						1.000000	5.000000	0.005498
YHR104W	YKL020C	0.970702						0.000000	5.000000	0.005024
YBR151W	YGL013C	0.970700						0.000000	5.000000	0.005189
YJL177W	YNL027W	0.970695						0.000000	-5.000000	0.005188
YGR121C	YJR060W	0.970689						1.000000	5.000000	0.007649
YBL075C	YAL051W	0.970680						0.000000	5.000000	0.005156
YJL057C	YIL131C	0.970676						1.000000	5.000000	0.005564
YPR101W	YPL230W	0.970669						0.000000	5.000000	0.005960
YMR093W	YDL106C	0.970652						0.000000	5.000000	0.005429
YDR457W	YHR084W	0.970646						1.000000	5.000000	0.005527
YER117W	YPR104C	0.970643	0.000000	0.189145	0.161517	0.163493	0.174242	0.000000	5.000000	0.005597
YGL189C	YOL028C	0.970632						0.000000	5.000000	0.005506
YLR058C	YGL209W	0.970632	0.000000	0.188834	0.161517	0.163338	0.174111	0.000000	5.000000	0.005380
YDR330W	YPL230W	0.970621						0.000000	5.000000	0.005500
YHR043C	YDR174W	0.970620						0.000000	5.000000	0.006142
YOL139C	YKL112W	0.970617						0.000000	5.000000	0.014157
YER175C	YMR070W	0.970613						0.000000	5.000000	0.005439
YIL094C	YHR206W	0.970609						0.000000	5.000000	0.005499
YBR029C	YDR123C	0.970593						1.000000	5.000000	0.005895
YOR361C	YPR104C	0.970586						0.000000	5.000000	0.006525
YIL160C	YER184C	0.970582						1.000000	5.000000	0.006036
YDR536W	YOR028C	0.970572						1.000000	5.000000	0.006259
YLR356W	YOR140W	0.970571						0.000000	-5.000000	0.004759
YIR026C	YDL106C	0.970563						0.000000	5.000000	0.006051
YHR068W	YBR049C	0.970555						0.000000	5.000000	0.005612
YLR038C	YOL067C	0.970508	0.000000	0.188525	0.161517	0.163183	0.173979	0.000000	5.000000	0.005430
YOR261C	YGL013C	0.970491	0.000000	0.188216	0.161517	0.163029	0.173847	0.000000	5.000000	0.006162
YJR077C	YGL237C	0.970474						0.000000	5.000000	0.005432
YBL059C-A	YOL067C	0.970474						0.000000	5.000000	0.005900
YKL087C	YML007W	0.970461						1.000000	5.000000	0.005088
YBR120C	YOR028C	0.970439						0.000000	5.000000	0.005165
YNL149C	YPR065W	0.970436						0.000000	5.000000	0.005553
YPR158W	YKL020C	0.970432						0.000000	5.000000	0.005224
YHR018C	YBR083W	0.970427						0.000000	5.000000	0.005811
YKL164C	YBR182C	0.970425						0.000000	-5.000000	0.005317
YKL002W	YOR028C	0.970420						0.000000	5.000000	0.005298
YER088C	YOR162C	0.970420						1.000000	5.000000	0.005332
YOR095C	YDR253C	0.970413						1.000000	5.000000	0.005477
YOR120W	YMR037C	0.970404						1.000000	5.000000	0.008414
YML098W	YDR207C	0.970402						0.000000	5.000000	0.007438
YHR147C	YGL237C	0.970390						0.000000	5.000000	0.005760
YBL015W	YML007W	0.970382	0.000000	0.187908	0.161517	0.162875	0.173716	0.000000	5.000000	0.005818
YEL044W	YDR253C	0.970369						1.000000	5.000000	0.005755
YBR067C	YFL021W	0.970368						0.000000	-5.000000	0.005265
YGR019W	YDR207C	0.970368	0.000000	0.187602	0.161517	0.162721	0.173585	0.000000	5.000000	0.005196
YOL032W	YML007W	0.970367						0.000000	5.000000	0.005766
YOL151W	YDR123C	0.970367						0.000000	-5.000000	0.005455
YHR064C	YOR344C	0.970359						0.000000	5.000000	0.005671
YDR512C	YIR023W	0.970359						0.000000	5.000000	0.005435
YPL094C	YIR018W	0.970331						0.000000	5.000000	0.005046
YDR462W	YGL073W	0.970314						0.000000	5.000000	0.005246
YPL231W	YDR421W	0.970314						0.000000	5.000000	0.005424
YNL231C	YOR162C	0.970308						1.000000	5.000000	0.005305
YMR235C	YJR060W	0.970298						0.000000	5.000000	0.005293
YBR218C	YBL021C	0.970298	0.000000	0.187296	0.161517	0.162568	0.173454	0.000000	-5.000000	0.004277
YOL083W	YML007W	0.970293						0.000000	5.000000	0.005302
YLR193C	YKL032C	0.970281						1.000000	5.000000	0.005068
YJR045C	YEL009C	0.970276						1.000000	5.000000	0.004471
YDR168W	YDR081C	0.970272						0.000000	-5.000000	0.005190
YAR027W	YMR016C	0.970271						1.000000	5.000000	0.005955
YNL274C	YGL013C	0.970269						0.000000	5.000000	0.006518
YBR189W	YHR006W	0.970261	0.000000	0.186992	0.161517	0.162415	0.173323	0.000000	5.000000	0.005165
YIR036C	YNL103W	0.970242						0.000000	-5.000000	0.006909
YGL234W	YEL009C	0.970241						1.000000	5.000000	0.005111
YBR294W	YPL133C	0.970221						0.000000	5.000000	0.005258
YGR254W	YDL048C	0.970210						0.000000	5.000000	0.005715
YBR294W	YMR037C	0.970204						1.000000	5.000000	0.005382
YLR449W	YNL027W	0.970197	0.000000	0.186688	0.161517	0.162262	0.173193	0.000000	-5.000000	0.004912
YGR241C	YPL230W	0.970186						0.000000	5.000000	0.007440
YBL039C	YDR463W	0.970184						0.000000	5.000000	0.005723
YBR079C	YHR124W	0.970184						0.000000	5.000000	0.005469
YPL010W	YIR017C	0.970174						0.000000	5.000000	0.004943
YOR157C	YDR451C	0.970174						0.000000	5.000000	0.005519
YER095W	YPL230W	0.970164						0.000000	5.000000	0.005798
YIL064W	YIL036W	0.970151						0.000000	5.000000	0.005261
YML106W	YBR049C	0.970131						0.000000	5.000000	0.005478
YIL124W	YOL108C	0.970128						0.000000	5.000000	0.005004
YOR167C	YNL314W	0.970127	0.000000	0.186386	0.161517	0.162110	0.173062	0.000000	5.000000	0.005306
YHR072W-A	YDL106C	0.970121						0.000000	5.000000	0.005213
YGR055W	YIL036W	0.970112						0.000000	5.000000	0.005591
YEL044W	YJR060W	0.970110						1.000000	5.000000	0.005362
YOR021C	YGR044C	0.970102						0.000000	-5.000000	0.006692
YBR050C	YGL237C	0.970082						0.000000	5.000000	0.006348
YHR203C	YPR104C	0.970079	0.000000	0.186084	0.161517	0.161958	0.172932	0.000000	5.000000	0.006103
YBR066C	YJR060W	0.970074						1.000000	5.000000	0.005660
YOR253W	YNL314W	0.970067						0.000000	5.000000	0.005864
YCR021C	YML007W	0.970056	1.000000	0.187399	0.162921	0.163334	0.174305	0.000000	5.000000	0.005520
YMR256C	YPL133C	0.970054						0.000000	5.000000	0.005835
YOR063W	YOR162C	0.970048						1.000000	5.000000	0.004245
YPL266W	YNL068C	0.970046						0.000000	5.000000	0.005711
YJR008W	YAL051W	0.970039						0.000000	5.000000	0.005180
YPL220W	YPR104C	0.970036	0.000000	0.187097	0.162921	0.163181	0.174174	0.000000	5.000000	0.006632
YDR450W	YNL314W	0.970028						0.000000	5.000000	0.005182
YJL158C	YML027W	0.970028						0.000000	5.000000	0.005175
YKL160W	YNL103W	0.970026						0.000000	-5.000000	0.009122
YJR139C	YDR451C	0.970016						0.000000	-5.000000	0.005004
YLR356W	YEL009C	0.970015						1.000000	5.000000	0.005035
YDR481C	YMR037C	0.970006						1.000000	5.000000	0.005087
YNL088W	YML007W	0.970006						1.000000	5.000000	0.005722
YDL075W	YBL005W	0.970002	0.000000	0.186795	0.162921	0.163029	0.174044	0.000000	5.000000	0.005869
YAR002C-A	YDL056W	0.969998						0.000000	5.000000	0.008956
YEL071W	YEL009C	0.969997						1.000000	5.000000	0.005350
YNL305C	YOR140W	0.969997						0.000000	-5.000000	0.005162
YKL053C-A	YOR140W	0.969984						0.000000	-5.000000	0.005792
YJR121W	YBL021C	0.969980						0.000000	-5.000000	0.005053
YNL045W	YOR028C	0.969979						0.000000	5.000000	0.004784
YPR113W	YIR017C	0.969978						0.000000	5.000000	0.007556
YOR298C-A	YPL230W	0.969976						0.000000	5.000000	0.005118
YJL088W	YDL048C	0.969973						0.000000	5.000000	0.004327
YDR073W	YGL073W	0.969971						0.000000	5.000000	0.005099
YLR029C	YIL131C	0.969967						1.000000	5.000000	0.005435
YMR303C	YFL021W	0.969959						0.000000	-5.000000	0.004995
YCR046C	YNL103W	0.969950						0.000000	-5.000000	0.006212
YDR037W	YKL112W	0.969943						0.000000	5.000000	0.005544
YBR162W-A	YKL043W	0.969932						0.000000	5.000000	0.005209
YLR220W	YOL108C	0.969931						0.000000	5.000000	0.006017
YJL001W	YMR021C	0.969920	0.000000	0.186495	0.162921	0.162878	0.173913	0.000000	5.000000	0.004742
YLR074C	YNL068C	0.969908	0.000000	0.186196	0.162921	0.162726	0.173783	0.000000	5.000000	0.005698
YIL050W	YOL108C	0.969902						0.000000	5.000000	0.005957
YER119C	YNL216W	0.969894						1.000000	5.000000	0.005464
YGL200C	YMR037C	0.969888						0.000000	5.000000	0.004729
YOL101C	YFL021W	0.969867						0.000000	-5.000000	0.006077
YJL048C	YBR083W	0.969829						1.000000	5.000000	0.005307
YMR071C	YER111C	0.969828						1.000000	5.000000	0.005250
YKL001C	YKR099W	0.969814	0.000000	0.185897	0.162921	0.162575	0.173653	0.000000	5.000000	0.004808
YLR075W	YPL038W	0.969810	0.000000	0.185600	0.162921	0.162425	0.173523	0.000000	-5.000000	0.005255
YPL196W	YOR028C	0.969805						0.000000	5.000000	0.006301
YKL152C	YGL035C	0.969804	0.000000	0.185304	0.162921	0.162274	0.173393	0.000000	5.000000	0.005388
YBR129C	YPL230W	0.969802						0.000000	5.000000	0.004998
YJL115W	YJR060W	0.969793						1.000000	5.000000	0.006865
YGR103W	YPR104C	0.969791						0.000000	5.000000	0.005272
YEL052W	YOR140W	0.969786						0.000000	-5.000000	0.005435
YLR435W	YML007W	0.969764						1.000000	5.000000	0.005660
YOL041C	YHR006W	0.969759						0.000000	-5.000000	0.006286
YNL141W	YDL106C	0.969757						0.000000	5.000000	0.005694
YGR211W	YDR310C	0.969753	0.000000	0.185008	0.162921	0.162124	0.173264	0.000000	5.000000	0.004938
YBR084C-A	YDR253C	0.969746	0.000000	0.184713	0.162921	0.161975	0.173134	0.000000	-5.000000	0.005371
YIL045W	YMR037C	0.969742						1.000000	5.000000	0.005274
YKL099C	YNL068C	0.969738						0.000000	5.000000	0.005336
YOR091W	YDL106C	0.969737						0.000000	5.000000	0.005422
YKL043W	YHR084W	0.969737	0.000000	0.184420	0.162921	0.161825	0.173005	0.000000	5.000000	0.005493
YPL137C	YPR104C	0.969734						1.000000	5.000000	0.005160
YLR027C	YBL021C	0.969725	0.000000	0.184127	0.162921	0.161677	0.172876	0.000000	-5.000000	0.006037
YNL153C	YLR013W	0.969711						0.000000	5.000000	0.005354
YDL130W-A	YER184C	0.969701						0.000000	5.000000	0.005344
YFR015C	YMR037C	0.969696						1.000000	5.000000	0.004552
YOR303W	YKL020C	0.969652						0.000000	5.000000	0.005703
YGR108W	YNL068C	0.969649						1.000000	5.000000	0.005318
YOR184W	YDR451C	0.969637						0.000000	5.000000	0.005257
YMR194C-B	YPR104C	0.969630						1.000000	5.000000	0.004961
YLR432W	YPR104C	0.969623						0.000000	5.000000	0.005706
YIL106W	YGR249W	0.969605						0.000000	-5.000000	0.005114
YPL049C	YHR084W	0.969590						1.000000	5.000000	0.004974
YLR178C	YOL108C	0.969586	0.000000	0.183835	0.162921	0.161528	0.172748	0.000000	5.000000	0.005359
YNL015W	YGL237C	0.969581						0.000000	5.000000	0.005009
YHR056C	YMR016C	0.969576						0.000000	5.000000	0.005033
YCR028C-A	YOL089C	0.969571						0.000000	-5.000000	0.005454
YKL026C	YGL237C	0.969569						0.000000	5.000000	0.007287
YKL043W	YJL056C	0.969569	0.000000	0.183544	0.162921	0.161380	0.172619	0.000000	5.000000	0.005198
YER124C	YIR033W	0.969563	0.000000	0.183254	0.162921	0.161232	0.172491	0.000000	5.000000	0.004771
YEL017C-A	YDR253C	0.969562						1.000000	5.000000	0.004859
YDR037W	YIR018W	0.969561						0.000000	5.000000	0.004242
YJL100W	YDR123C	0.969556						1.000000	5.000000	0.004972
YER017C	YOL108C	0.969551						1.000000	5.000000	0.005397
YMR195W	YDL020C	0.969540						0.000000	5.000000	0.005374
YGR138C	YDL048C	0.969539						0.000000	5.000000	0.005378
YKR066C	YGL073W	0.969539						0.000000	5.000000	0.005066
YIL087C	YIR023W	0.969533						0.000000	5.000000	0.005119
YBR106W	YOL116W	0.969532						0.000000	-5.000000	0.004978
YLR193C	YEL009C	0.969529						1.000000	5.000000	0.004987
YMR291W	YPL230W	0.969522						0.000000	5.000000	0.005673
YLR186W	YPR104C	0.969518						0.000000	5.000000	0.005072
YHL033C	YDR253C	0.969514	0.000000	0.182965	0.162921	0.161084	0.172363	0.000000	-5.000000	0.005754
YOL129W	YNL103W	0.969477						0.000000	-5.000000	0.005117
YJL096W	YGL237C	0.969473						0.000000	5.000000	0.004848
YNR017W	YGL237C	0.969467	0.000000	0.182677	0.162921	0.160937	0.172235	0.000000	5.000000	0.006020
YLR175W	YNL027W	0.969459						0.000000	-5.000000	0.006463
YDL083C	YNL027W	0.969455						0.000000	-5.000000	0.005363
YMR255W	YDR253C	0.969453						1.000000	5.000000	0.005211
YKL109W	YGL237C	0.969451						0.000000	5.000000	0.004678
YER019C-A	YDL020C	0.969451						0.000000	5.000000	0.003413
YBR089C-A	YOL108C	0.969433						0.000000	5.000000	0.004870
YJL099W	YML007W	0.969432						1.000000	5.000000	0.004888
YHL001W	YIL131C	0.969426						1.000000	5.000000	0.005169
YBR106W	YDR451C	0.969422						0.000000	5.000000	0.005716
YJL117W	YIL036W	0.969421						0.000000	5.000000	0.005088
YIL033C	YOL108C	0.969412	0.000000	0.182390	0.162921	0.160790	0.172107	0.000000	5.000000	0.004988
YDR343C	YPL133C	0.969406						0.000000	5.000000	0.005282
YKL181W	YPR104C	0.969394						0.000000	5.000000	0.004749
YKL182W	YNL103W	0.969393						0.000000	-5.000000	0.005002
YKL142W	YPL202C	0.969390						0.000000	-5.000000	0.004962
YPL183W-A	YNL103W	0.969386						0.000000	-5.000000	0.005324
YGR279C	YGR249W	0.969369						0.000000	-5.000000	0.004899
YGR055W	YJL056C	0.969368	0.000000	0.182104	0.162921	0.160643	0.171979	0.000000	5.000000	0.005245
YDR322W	YGL237C	0.969364						0.000000	5.000000	0.004658
YJL014W	YJR060W	0.969333						0.000000	5.000000	0.005145
YNL244C	YBL005W	0.969330						0.000000	5.000000	0.005085
YHR199C	YOL108C	0.969312						0.000000	5.000000	0.004864
YIR037W	YGL013C	0.969309						0.000000	5.000000	0.005634
YMR169C	YMR016C	0.969308	0.000000	0.181818	0.162921	0.160497	0.171852	0.000000	5.000000	0.004301
YHR043C	YNL103W	0.969304						0.000000	-5.000000	0.005163
YAR035W	YHR084W	0.969303						1.000000	5.000000	0.005471
YJL200C	YKR099W	0.969302	0.000000	0.181534	0.162921	0.160351	0.171725	0.000000	5.000000	0.005311
YER119C	YDR463W	0.969302						0.000000	-5.000000	0.004412
YDL208W	YPL089C	0.969292						0.000000	-5.000000	0.005005
YBR146W	YGL237C	0.969289						0.000000	5.000000	0.006370
YDR165W	YHR006W	0.969287						0.000000	-5.000000	0.005079
YCL059C	YDL106C	0.969280						0.000000	5.000000	0.004561
YKR093W	YMR021C	0.969276	0.000000	0.181250	0.162921	0.160206	0.171598	0.000000	5.000000	0.004426
YDL130W-A	YOR028C	0.969275						0.000000	5.000000	0.005335
YKL172W	YHR006W	0.969229						0.000000	-5.000000	0.005274
YNR043W	YDR451C	0.969216						0.000000	5.000000	0.005108
YOR142W	YNL103W	0.969215						0.000000	-5.000000	0.003327
YKL013C	YBL021C	0.969211						0.000000	-5.000000	0.006061
YDR516C	YPL230W	0.969208						0.000000	5.000000	0.005153
YKL051W	YML027W	0.969207						1.000000	5.000000	0.005004
YOL081W	YMR037C	0.969188						1.000000	5.000000	0.005332
YLR009W	YBR083W	0.969181						0.000000	-5.000000	0.005061
YDR099W	YGL013C	0.969174						0.000000	5.000000	0.004550
YGR019W	YKL032C	0.969159	0.000000	0.180967	0.162921	0.160060	0.171471	0.000000	5.000000	0.004779
Q0050	YPL133C	0.969149						0.000000	5.000000	0.005217
YLR197W	YPR104C	0.969142						0.000000	5.000000	0.004894
YMR123W	YNL314W	0.969130						0.000000	5.000000	0.005039
YER074W	YPR065W	0.969093						0.000000	5.000000	0.005710
YEL060C	YKL032C	0.969087	0.000000	0.180685	0.162921	0.159915	0.171344	0.000000	5.000000	0.006698
YIL062C	YMR021C	0.969085						0.000000	5.000000	0.004901
YNR053C	YDL106C	0.969053						0.000000	5.000000	0.004991
YAR027W	YOL108C	0.969044						0.000000	5.000000	0.006975
YKL003C	YOR140W	0.969042						0.000000	-5.000000	0.005078
YML054C	YOL067C	0.969032						0.000000	5.000000	0.004962
YKR066C	YML007W	0.969029						1.000000	5.000000	0.005015
YKL053C-A	YOL108C	0.969029						0.000000	5.000000	0.005288
YJL148W	YDL106C	0.969027						0.000000	5.000000	0.005286
YHL020C	YDR123C	0.969007						1.000000	5.000000	0.005223
YIL121W	YDR259C	0.968992						0.000000	5.000000	0.005692
YBR120C	YGL237C	0.968989						0.000000	5.000000	0.005079
YPL218W	YIR017C	0.968972						0.000000	5.000000	0.004599
YLR074C	YDL106C	0.968957	0.000000	0.180404	0.162921	0.159771	0.171218	0.000000	5.000000	0.004581
YAL034C	YML007W	0.968953						0.000000	5.000000	0.005405
YDR536W	YPL230W	0.968951						0.000000	5.000000	0.004868
YKL190W	YNL103W	0.968932						0.000000	-5.000000	0.004720
YNL101W	YDR259C	0.968931						0.000000	5.000000	0.003931
YDL143W	YOL028C	0.968913						0.000000	5.000000	0.004338
YDR284C	YIR017C	0.968908	0.000000	0.180124	0.162921	0.159626	0.171091	0.000000	5.000000	0.007102
YGL006W	YOL108C	0.968905						0.000000	5.000000	0.005191
YMR311C	YML007W	0.968901						0.000000	5.000000	0.004704
YDR043C	YMR016C	0.968864						1.000000	5.000000	0.005223
YDL169C	YOR028C	0.968863						0.000000	5.000000	0.005141
YOR298C-A	YKL020C	0.968843						0.000000	5.000000	0.005098
YNR059W	YCR084C	0.968842						1.000000	5.000000	0.004672
YIL034C	YNL103W	0.968838						0.000000	-5.000000	0.005344
YPR006C	YOR028C	0.968829	0.000000	0.179845	0.162921	0.159482	0.170965	0.000000	5.000000	0.004611
YDR046C	YIL036W	0.968828						0.000000	5.000000	0.005267
YER159C	YML027W	0.968826						1.000000	5.000000	0.005015
YPL223C	YDR216W	0.968811						0.000000	5.000000	0.005256
YIL105C	YPL230W	0.968806						0.000000	5.000000	0.004913
YKL002W	YOL108C	0.968805						0.000000	5.000000	0.005516
YML087C	YGL237C	0.968802						0.000000	5.000000	0.004844
YLR264W	YPR104C	0.968787						1.000000	5.000000	0.005018
YLR026C	YNL068C	0.968780						1.000000	5.000000	0.004788
YNL168C	YMR021C	0.968776						0.000000	5.000000	0.005033
YBR166C	YDL170W	0.968768						0.000000	5.000000	0.004875
YKR025W	YDL106C	0.968760						0.000000	5.000000	0.004474
YHR089C	YJR060W	0.968745						1.000000	5.000000	0.005005
YAR035W	YOL067C	0.968744						0.000000	5.000000	0.004518
YGR209C	YOL089C	0.968735						0.000000	-5.000000	0.004779
YDR043C	YBR083W	0.968729						1.000000	5.000000	0.004686
YDL169C	YML007W	0.968722						0.000000	5.000000	0.004619
YDL174C	YOR028C	0.968720						1.000000	5.000000	0.004443
YOR004W	YHR006W	0.968718						0.000000	-5.000000	0.006821
YBR145W	YKL032C	0.968718	0.000000	0.179567	0.162921	0.159339	0.170839	0.000000	5.000000	0.006485
YLL024C	YPL248C	0.968716	0.000000	0.179289	0.162921	0.159195	0.170714	0.000000	-5.000000	0.005295
YAL030W	YOL108C	0.968703						0.000000	5.000000	0.004744
YDR171W	YLR256W	0.968674	0.000000	0.179012	0.162921	0.159052	0.170588	0.000000	-5.000000	0.004690
YFR017C	YPL230W	0.968672						0.000000	5.000000	0.004718
YMR311C	YGL237C	0.968671						0.000000	5.000000	0.004625
YOL119C	YDR259C	0.968668						0.000000	5.000000	0.005301
YOR285W	YDR207C	0.968667						0.000000	5.000000	0.005981
YAL008W	YOL108C	0.968645						0.000000	5.000000	0.004987
YFR049W	YOL067C	0.968645						0.000000	5.000000	0.004538
YFL039C	YBL021C	0.968642						0.000000	-5.000000	0.004786
YMR298W	YDL020C	0.968614						0.000000	5.000000	0.004683
YOL129W	YKL032C	0.968613						0.000000	5.000000	0.004766
YDR454C	YKL112W	0.968601						0.000000	5.000000	0.004695
YKL006W	YPR104C	0.968599	0.000000	0.178737	0.162921	0.158909	0.170463	0.000000	5.000000	0.004620
YLR065C	YKL112W	0.968599						0.000000	5.000000	0.005767
YOL139C	YBR049C	0.968593						0.000000	5.000000	0.006398
YKL043W	YGL237C	0.968591	0.000000	0.178462	0.162921	0.158767	0.170338	0.000000	5.000000	0.005188
YDR165W	YNL068C	0.968581						0.000000	5.000000	0.005646
YDR043C	YJR060W	0.968579						1.000000	5.000000	0.004277
YMR189W	YDR259C	0.968574						0.000000	5.000000	0.005781
YIL125W	YGL237C	0.968569						0.000000	5.000000	0.004755
YOR247W	YKL043W	0.968556						0.000000	5.000000	0.004702
YOR145C	YDL106C	0.968527						0.000000	5.000000	0.004921
YHR016C	YEL009C	0.968526						1.000000	5.000000	0.004673
YAL053W	YPL089C	0.968523						0.000000	5.000000	0.004408
YAL034C	YPL230W	0.968507						0.000000	5.000000	0.004561
YDR208W	YDR253C	0.968505						1.000000	5.000000	0.004915
YKR057W	YPR104C	0.968505	0.000000	0.178187	0.162921	0.158625	0.170213	0.000000	5.000000	0.004987
YPL095C	YMR016C	0.968500						1.000000	5.000000	0.004669
YBL087C	YPR065W	0.968463	0.000000	0.177914	0.162921	0.158483	0.170088	0.000000	5.000000	0.004667
YML123C	YOR162C	0.968458						1.000000	5.000000	0.004521
YOR153W	YKL062W	0.968454						1.000000	5.000000	0.004361
YIL040W	YLR013W	0.968452						0.000000	5.000000	0.004903
YLR105C	YML007W	0.968452						1.000000	5.000000	0.004629
YAL038W	YOR162C	0.968450						1.000000	5.000000	0.004716
YPL137C	YDR253C	0.968446						1.000000	5.000000	0.004424
YDR342C	YGL013C	0.968427	0.000000	0.177642	0.162921	0.158342	0.169963	0.000000	5.000000	0.004636
YLL061W	YDR253C	0.968422						1.000000	5.000000	0.004918
YLR437C	YKL043W	0.968422						0.000000	5.000000	0.005031
YBR050C	YOL067C	0.968420						0.000000	5.000000	0.005895
YMR271C	YEL009C	0.968410						1.000000	5.000000	0.005960
YFL022C	YBR049C	0.968410						0.000000	5.000000	0.003768
YML078W	YNL103W	0.968407						0.000000	-5.000000	0.004488
YDL215C	YKL109W	0.968405						0.000000	5.000000	0.004492
YGR019W	YKR034W	0.968398						0.000000	5.000000	0.005681
YGL200C	YIR017C	0.968392						0.000000	5.000000	0.004782
YNL327W	YMR021C	0.968388						0.000000	5.000000	0.004435
YEL044W	YML007W	0.968384						1.000000	5.000000	0.004822
YPL231W	YNL216W	0.968376						1.000000	5.000000	0.005024
YDL100C	YDR451C	0.968370						0.000000	5.000000	0.005187
YPR156C	YBR083W	0.968360						1.000000	5.000000	0.004386
YDL004W	YOL108C	0.968357	0.000000	0.177370	0.162921	0.158200	0.169839	0.000000	5.000000	0.004880
YGR037C	YOL089C	0.968349						0.000000	-5.000000	0.004595
YLR220W	YDR081C	0.968322						0.000000	-5.000000	0.004506
YFL004W	YMR037C	0.968319						1.000000	5.000000	0.004791
YJL060W	YHL027W	0.968314	0.000000	0.177099	0.162921	0.158060	0.169715	0.000000	-5.000000	0.009282
YJR127C	YOR028C	0.968299						1.000000	5.000000	0.004934
YOR230W	YGL013C	0.968299	0.000000	0.176829	0.162921	0.157919	0.169591	0.000000	5.000000	0.004637
YNL005C	YGL237C	0.968298						0.000000	5.000000	0.004736
YJL062W-A	YPL177C	0.968286						0.000000	-5.000000	0.004397
YHL032C	YOL108C	0.968282						1.000000	5.000000	0.006157
YPR184W	YML007W	0.968282	0.000000	0.176560	0.162921	0.157779	0.169467	0.000000	5.000000	0.004291
YCL018W	YNL216W	0.968256						1.000000	5.000000	0.005267
YIL069C	YDR423C	0.968251						0.000000	-5.000000	0.004535
YOR182C	YLR403W	0.968245						1.000000	5.000000	0.005557
YDR510W	YJR060W	0.968230						1.000000	5.000000	0.004061
YNL306W	YNL103W	0.968222						0.000000	-5.000000	0.004968
YMR038C	YDR451C	0.968207	0.000000	0.176292	0.162921	0.157639	0.169343	0.000000	5.000000	0.004861
YOR272W	YDL106C	0.968205	0.000000	0.176024	0.162921	0.157499	0.169220	0.000000	5.000000	0.005037
YPR002W	YGL237C	0.968204						0.000000	5.000000	0.005099
YLR348C	YMR021C	0.968204						0.000000	5.000000	0.005398
YCR024C-A	YMR037C	0.968199						1.000000	-5.000000	0.004562
YER006W	YPR104C	0.968199						0.000000	5.000000	0.004591
YJR152W	YKL032C	0.968198	0.000000	0.175758	0.162921	0.157360	0.169096	0.000000	5.000000	0.004649
YMR195W	YNL103W	0.968195						0.000000	-5.000000	0.004724
YLR058C	YDL048C	0.968193						0.000000	5.000000	0.004440
YBR070C	YOR028C	0.968188						1.000000	5.000000	0.004924
YOR046C	YGR044C	0.968183						0.000000	-5.000000	0.003932
YDR070C	YCR084C	0.968182						0.000000	-5.000000	0.004632
YMR029C	YDR123C	0.968179						1.000000	5.000000	0.004455
YOR312C	YNL216W	0.968177						1.000000	5.000000	0.004994
YNL016W	YPL075W	0.968170						0.000000	5.000000	0.004192
YER053C	YGL013C	0.968169	0.000000	0.175492	0.162921	0.157221	0.168973	0.000000	5.000000	0.005134
YPL234C	YDL020C	0.968142						0.000000	5.000000	0.005027
YMR183C	YHR084W	0.968141						1.000000	5.000000	0.004444
YBL078C	YOL108C	0.968141						0.000000	5.000000	0.004824
YBR115C	YBR083W	0.968130	0.000000	0.175227	0.162921	0.157082	0.168850	0.000000	5.000000	0.005415
YLR193C	YGL073W	0.968128						0.000000	5.000000	0.004270
YAL008W	YOR140W	0.968117						0.000000	-5.000000	0.004680
YHR205W	YOR028C	0.968113						1.000000	5.000000	0.004534
YER019C-A	YOL089C	0.968105						0.000000	-5.000000	0.004455
YOR173W	YOR140W	0.968101						0.000000	-5.000000	0.004119
YKL026C	YGL073W	0.968092						0.000000	5.000000	0.004917
YDR388W	YNL216W	0.968072						1.000000	5.000000	0.004485
YDL179W	YBR182C	0.968071						0.000000	-5.000000	0.004653
YMR303C	YML027W	0.968067						0.000000	-5.000000	0.004114
YNL112W	YIL131C	0.968044						1.000000	5.000000	0.005054
YDR225W	YDR043C	0.968044						0.000000	-5.000000	0.004698
YNL274C	YOR140W	0.968044						0.000000	-5.000000	0.004111
YNL081C	YGL073W	0.968037						0.000000	5.000000	0.004279
YOR335C	YBR049C	0.968030						0.000000	5.000000	0.004494
YGR202C	YDR123C	0.968030						1.000000	5.000000	0.004929
YER019C-A	YDR421W	0.968026						0.000000	5.000000	0.005151
YDL021W	YMR016C	0.968026						1.000000	5.000000	0.003828
YKL143W	YDL106C	0.968021						0.000000	5.000000	0.005062
YLR003C	YNL068C	0.968008	0.000000	0.174962	0.162921	0.156943	0.168727	0.000000	5.000000	0.004235
YCR004C	YPL230W	0.968000						0.000000	5.000000	0.004192
YEL017C-A	YMR016C	0.967999						1.000000	5.000000	0.004849
YMR083W	YDL020C	0.967975						0.000000	5.000000	0.004725
YOL002C	YFR034C	0.967966						0.000000	5.000000	0.004835
YJL048C	YMR037C	0.967964						1.000000	5.000000	0.004376
YDR119W-A	YGL237C	0.967952						0.000000	5.000000	0.004484
YOR099W	YDL056W	0.967943						0.000000	5.000000	0.003939
YER074W-A	YBL021C	0.967935						0.000000	-5.000000	0.005957
YKR074W	YMR037C	0.967926						1.000000	5.000000	0.004543
YDR453C	YOL108C	0.967919	0.000000	0.174699	0.162921	0.156805	0.168605	0.000000	5.000000	0.004348
YDR225W	YML027W	0.967915						0.000000	5.000000	0.004475
YDR497C	YDR123C	0.967894	1.000000	0.175940	0.164326	0.158142	0.169935	0.000000	5.000000	0.004427
YIL065C	YML007W	0.967875						0.000000	5.000000	0.005504
YEL039C	YGL013C	0.967870						0.000000	5.000000	0.004485
YBR037C	YOR162C	0.967869						1.000000	5.000000	0.004624
YPL154C	YGL013C	0.967866						0.000000	5.000000	0.004554
YLL028W	YKL032C	0.967864						1.000000	5.000000	0.004614
YHR057C	YNL103W	0.967862						0.000000	-5.000000	0.004332
YBL002W	YNL216W	0.967861						1.000000	5.000000	0.004831
YDR384C	YAL051W	0.967860						1.000000	5.000000	0.004576
YGL006W	YOR028C	0.967860						0.000000	5.000000	0.004287
YGR174C	YOR028C	0.967851						0.000000	5.000000	0.004230
YPL117C	YKL038W	0.967847						0.000000	5.000000	0.007075
YPL237W	YKL038W	0.967844						0.000000	5.000000	0.003777
YER122C	YIR017C	0.967832						0.000000	5.000000	0.006436
YMR229C	YHR006W	0.967826						0.000000	-5.000000	0.004589
YNL259C	YGL237C	0.967818						0.000000	5.000000	0.004782
YDR512C	YEL009C	0.967810						1.000000	5.000000	0.004422
YJL104W	YNL103W	0.967808						0.000000	-5.000000	0.004361
YJL088W	YGL209W	0.967805	0.000000	0.175676	0.164326	0.158003	0.169811	0.000000	5.000000	0.004386
YDR204W	YML007W	0.967799						0.000000	5.000000	0.004833
YMR203W	YBL021C	0.967792						0.000000	-5.000000	0.004750
YBL001C	YJR060W	0.967790						1.000000	5.000000	0.005299
YJL117W	YKL112W	0.967790						0.000000	5.000000	0.004156
YIL033C	YGL013C	0.967787	0.000000	0.175412	0.164326	0.157865	0.169688	0.000000	5.000000	0.004698
YNL079C	YNL103W	0.967786						0.000000	-5.000000	0.004730
YDL097C	YOL089C	0.967750						0.000000	-5.000000	0.003245
YOR317W	YGL013C	0.967745	0.000000	0.175150	0.164326	0.157727	0.169565	0.000000	5.000000	0.004626
YDR533C	YEL009C	0.967743						1.000000	5.000000	0.004354
YBR183W	YPL230W	0.967735						0.000000	5.000000	0.004299
YFR030W	YGL209W	0.967735	0.000000	0.174888	0.164326	0.157589	0.169442	0.000000	5.000000	0.004559
YPL189C-A	YGL013C	0.967692						0.000000	5.000000	0.004328
YMR142C	YPR104C	0.967690	0.000000	0.174627	0.164326	0.157451	0.169320	0.000000	5.000000	0.004415
YPL112C	YIL131C	0.967686						1.000000	5.000000	0.004547
YNR046W	YDL106C	0.967669						0.000000	5.000000	0.004937
YJL158C	YMR037C	0.967667						1.000000	-5.000000	0.004450
YOL052C-A	YML007W	0.967657						1.000000	5.000000	0.003947
YER117W	YHR124W	0.967652						0.000000	5.000000	0.004528
YKL182W	YMR037C	0.967650						1.000000	5.000000	0.004427
YDR194C	YNL216W	0.967643						1.000000	-5.000000	0.004496
YBR010W	YIR017C	0.967643	0.000000	0.174367	0.164326	0.157314	0.169197	0.000000	5.000000	0.004542
YGL225W	YIR017C	0.967642	0.000000	0.174107	0.164326	0.157177	0.169075	0.000000	5.000000	0.004153
YDR512C	YNL103W	0.967640						0.000000	-5.000000	0.004515
YDR072C	YPL230W	0.967637						0.000000	5.000000	0.004887
YKR091W	YDR463W	0.967631						0.000000	-5.000000	0.003590
YER058W	YJR060W	0.967630						1.000000	5.000000	0.004793
YAL059W	YDL106C	0.967597						0.000000	5.000000	0.003613
Q0130	YOL067C	0.967586						0.000000	5.000000	0.004907
YMR298W	YIR017C	0.967584						0.000000	5.000000	0.003955
YLR180W	YHR006W	0.967580						0.000000	-5.000000	0.004626
YMR022W	YNL103W	0.967569						0.000000	-5.000000	0.004162
YOR136W	YGL013C	0.967561						0.000000	5.000000	0.004333
YBR024W	YHR084W	0.967556						1.000000	5.000000	0.003596
YKL065C	YNL103W	0.967554						0.000000	-5.000000	0.004352
YKL156W	YHR006W	0.967544						0.000000	-5.000000	0.004419
YBR039W	YPL133C	0.967532						0.000000	5.000000	0.004521
YDL076C	YLR403W	0.967532						1.000000	5.000000	0.004627
YDL125C	YDR253C	0.967521						1.000000	-5.000000	0.004391
YGR231C	YOR140W	0.967506						0.000000	-5.000000	0.004329
YDR536W	YGL073W	0.967504						0.000000	5.000000	0.004212
YML054C	YKL062W	0.967494						1.000000	5.000000	0.004352
YDR016C	YIR017C	0.967493						0.000000	5.000000	0.004466
YNL231C	YEL009C	0.967493						1.000000	5.000000	0.004741
YBR268W	YNL103W	0.967474						0.000000	-5.000000	0.004325
YEL007W	YPR104C	0.967474						1.000000	5.000000	0.004403
YGR161C	YDR463W	0.967470	0.000000	0.173848	0.164326	0.157041	0.168953	0.000000	-5.000000	0.004501
YHR006W	YPL230W	0.967469						0.000000	5.000000	0.005108
YBL003C	YIR017C	0.967460						0.000000	5.000000	0.004700
YOR075W	YDL056W	0.967459						1.000000	5.000000	0.004814
YPL137C	YMR037C	0.967444						1.000000	5.000000	0.004480
YJL172W	YKL032C	0.967431						0.000000	5.000000	0.004493
YOR215C	YOR028C	0.967430						0.000000	5.000000	0.004115
YDL208W	YNL027W	0.967429						0.000000	-5.000000	0.004666
YGR008C	YGL073W	0.967428						0.000000	5.000000	0.004696
YAL007C	YDL056W	0.967416						0.000000	5.000000	0.004093
YER119C	YKR034W	0.967410						0.000000	5.000000	0.003584
YHR196W	YHR006W	0.967407						0.000000	-5.000000	0.004277
YBR244W	YDR207C	0.967401	0.000000	0.173591	0.164326	0.156904	0.168831	0.000000	5.000000	0.004003
YMR300C	YML007W	0.967397						1.000000	5.000000	0.004089
YBR039W	YOL067C	0.967389						0.000000	-5.000000	0.004523
YCL040W	YOR028C	0.967382						0.000000	5.000000	0.004294
YOR103C	YOL028C	0.967371						0.000000	5.000000	0.004132
YBR251W	YGL073W	0.967369						0.000000	5.000000	0.004203
YDR177W	YIL036W	0.967366						0.000000	5.000000	0.004138
YDR531W	YJR060W	0.967364						1.000000	5.000000	0.004506
YGL191W	YBL021C	0.967359						0.000000	-5.000000	0.004361
YGL253W	YMR016C	0.967357						0.000000	-5.000000	0.004636
YER086W	YDL056W	0.967356						0.000000	5.000000	0.003478
YIR031C	YLR228C	0.967355	0.000000	0.173333	0.164326	0.156768	0.168709	0.000000	5.000000	0.004098
YBR072W	YNL216W	0.967351						1.000000	-5.000000	0.004328
YMR194C-B	YGL073W	0.967350						0.000000	5.000000	0.004702
YOL120C	YIL131C	0.967348						1.000000	5.000000	0.004472
YMR169C	YDR123C	0.967342	0.000000	0.173077	0.164326	0.156632	0.168588	0.000000	-5.000000	0.004029
YGL161C	YNL103W	0.967328						0.000000	-5.000000	0.004310
YLR043C	YNL103W	0.967327						0.000000	-5.000000	0.004278
YNL077W	YPL230W	0.967327						0.000000	5.000000	0.004858
YMR120C	YHR206W	0.967314						0.000000	5.000000	0.004894
YIR028W	YMR037C	0.967309						1.000000	5.000000	0.004221
YDR041W	YEL009C	0.967306						1.000000	5.000000	0.004587
YOR167C	YBR239C	0.967300						0.000000	-5.000000	0.004523
YHR072W-A	YGR044C	0.967287						0.000000	-5.000000	0.004345
YKL203C	YMR182C	0.967282						0.000000	-5.000000	0.004385
YDL168W	YGL073W	0.967280						0.000000	5.000000	0.004514
YMR131C	YDL106C	0.967278						0.000000	5.000000	0.004504
YPL156C	YOR028C	0.967277	0.000000	0.172821	0.164326	0.156497	0.168467	0.000000	5.000000	0.004965
YBR164C	YKL112W	0.967273						0.000000	5.000000	0.004171
YDR077W	YOR162C	0.967264						1.000000	5.000000	0.004011
YLR325C	YPR104C	0.967260	0.000000	0.172566	0.164326	0.156362	0.168345	0.000000	5.000000	0.004963
YNL081C	YGL237C	0.967258						0.000000	5.000000	0.004509
YKR043C	YNL314W	0.967254						0.000000	5.000000	0.004205
YDR454C	YOL028C	0.967241						0.000000	5.000000	0.004476
YCL033C	YNL103W	0.967239						0.000000	-5.000000	0.004196
YBR037C	YOL067C	0.967225						0.000000	5.000000	0.004931
YER080W	YGL013C	0.967220						0.000000	5.000000	0.004282
YOL126C	YKL062W	0.967220						1.000000	-5.000000	0.004580
YPL221W	YPR104C	0.967220						1.000000	5.000000	0.004516
YDR032C	YGL013C	0.967218						0.000000	5.000000	0.004523
YMR152W	YOR162C	0.967217						1.000000	5.000000	0.005301
YHR143W-A	YBR239C	0.967216						0.000000	-5.000000	0.004458
YDR032C	YOR140W	0.967200						0.000000	-5.000000	0.005525
YHR052W	YHR006W	0.967189						0.000000	-5.000000	0.005252
YOR303W	YPL230W	0.967184						0.000000	5.000000	0.005698
YPR006C	YOL067C	0.967181	0.000000	0.172312	0.164326	0.156227	0.168224	0.000000	5.000000	0.003955
YMR148W	YOR028C	0.967179						0.000000	5.000000	0.005293
YDR033W	YGR249W	0.967172						0.000000	-5.000000	0.003964
YDR513W	YCR084C	0.967165						0.000000	-5.000000	0.004319
YNR046W	YHR006W	0.967152						0.000000	-5.000000	0.003859
YJL155C	YJR060W	0.967120						1.000000	5.000000	0.004613
YBR294W	YKR099W	0.967120						0.000000	5.000000	0.004152
YOR038C	YMR016C	0.967099						1.000000	5.000000	0.004126
YMR290C	YHR006W	0.967094						0.000000	-5.000000	0.004651
YPL221W	YHR084W	0.967087						1.000000	5.000000	0.004065
YKL025C	YHR084W	0.967083						1.000000	5.000000	0.004340
YDR031W	YGL237C	0.967079						0.000000	5.000000	0.004170
YNL002C	YNL027W	0.967078						0.000000	-5.000000	0.003560
YBR187W	YDR253C	0.967073						0.000000	-5.000000	0.004747
YDR155C	YIR017C	0.967070						0.000000	5.000000	0.004492
YMR169C	YML007W	0.967065	0.000000	0.172059	0.164326	0.156092	0.168103	0.000000	5.000000	0.004610
YGL208W	YNL216W	0.967055						1.000000	-5.000000	0.005459
YDR152W	YDL106C	0.967052						0.000000	5.000000	0.004702
YBL011W	YNL216W	0.967046						1.000000	5.000000	0.004292
YGR108W	YHR124W	0.967018						1.000000	5.000000	0.004119
YJL200C	YDL048C	0.967009						0.000000	5.000000	0.004379
YPL064C	YPL230W	0.967008						0.000000	5.000000	0.004767
YNL202W	YGR249W	0.966996						0.000000	5.000000	0.004158
YMR292W	YDL056W	0.966994						0.000000	5.000000	0.004582
YFR019W	YCR084C	0.966983						0.000000	-5.000000	0.004554
YJL101C	YHR206W	0.966983						1.000000	5.000000	0.004601
YGR264C	YHR124W	0.966982						0.000000	5.000000	0.004208
YGL123W	YIL131C	0.966957						1.000000	5.000000	0.004051
YMR311C	YGL013C	0.966950						0.000000	5.000000	0.004418
YBR244W	YFR034C	0.966949	0.000000	0.171806	0.164326	0.155958	0.167983	0.000000	5.000000	0.004220
YGR121C	YMR037C	0.966946						1.000000	5.000000	0.005032
YDR462W	YOR028C	0.966929						0.000000	5.000000	0.004404
YKL056C	YPR104C	0.966902						0.000000	5.000000	0.004306
YBR058C-A	YDR421W	0.966902						0.000000	5.000000	0.003922
YLL026W	YJL056C	0.966898	0.000000	0.171554	0.164326	0.155824	0.167862	0.000000	5.000000	0.004241
YPL091W	YBL021C	0.966881						0.000000	-5.000000	0.004457
YKL195W	YOR028C	0.966880						0.000000	5.000000	0.003743
YLR199C	YKL062W	0.966878						1.000000	5.000000	0.004452
YNR046W	YGR044C	0.966869						0.000000	-5.000000	0.004759
YPL262W	YIL036W	0.966868						0.000000	5.000000	0.004061
YKL187C	YGR249W	0.966867						0.000000	5.000000	0.004367
YOR221C	YMR037C	0.966863						1.000000	5.000000	0.004174
YBR050C	YJL056C	0.966848						0.000000	5.000000	0.004395
YGR152C	YHR084W	0.966836						1.000000	-5.000000	0.004125
YHL025W	YHR084W	0.966835						1.000000	5.000000	0.003925
YNL075W	YNL068C	0.966834						0.000000	5.000000	0.004076
YDR224C	YDL056W	0.966823						0.000000	5.000000	0.004281
YNL007C	YKL020C	0.966814						0.000000	5.000000	0.004512
YER069W	YIL036W	0.966803						0.000000	-5.000000	0.004320
YMR118C	YAL051W	0.966802						0.000000	5.000000	0.004769
YIR006C	YMR037C	0.966796						1.000000	5.000000	0.003627
YIL009C-A	YIR017C	0.966794						0.000000	5.000000	0.004242
YLR043C	YDL020C	0.966789						0.000000	5.000000	0.004219
YML027W	YOR162C	0.966784						1.000000	5.000000	0.003851
YFL037W	YKL043W	0.966780						0.000000	5.000000	0.004258
YEL054C	YDR146C	0.966780						0.000000	-5.000000	0.004451
YJL117W	YGR044C	0.966780						0.000000	-5.000000	0.004488
YER044C	YMR021C	0.966780						0.000000	5.000000	0.004210
YBR256C	YNL103W	0.966771						0.000000	-5.000000	0.004001
YJR094W-A	YPR104C	0.966743	0.000000	0.171303	0.164326	0.155690	0.167742	0.000000	5.000000	0.004157
YNL160W	YGL073W	0.966733						0.000000	5.000000	0.004084
YDR258C	YPL230W	0.966730						0.000000	5.000000	0.004670
YMR170C	YDR463W	0.966726						0.000000	-5.000000	0.002786
YDR454C	YIR018W	0.966724						0.000000	5.000000	0.004322
YDL110C	YOR140W	0.966718						0.000000	-5.000000	0.003598
YIL046W	YDR253C	0.966699						1.000000	5.000000	0.004303
YLL028W	YMR016C	0.966678						1.000000	5.000000	0.004136
YDL134C	YGL013C	0.966678						0.000000	5.000000	0.003344
YIL087C	YJR060W	0.966674						1.000000	5.000000	0.004023
YJR100C	YPL038W	0.966669						1.000000	5.000000	0.005241
YGL187C	YJR060W	0.966657						1.000000	5.000000	0.005662
YLR174W	YJL056C	0.966640						0.000000	5.000000	0.003957
YKR065C	YBL021C	0.966638						0.000000	-5.000000	0.004020
YGR161C	YKR034W	0.966638						0.000000	5.000000	0.003754
YJR109C	YKR034W	0.966635						0.000000	5.000000	0.003988
YDL082W	YNL216W	0.966629						1.000000	5.000000	0.004115
YNL305C	YGL073W	0.966628	0.000000	0.171053	0.164326	0.155557	0.167622	0.000000	5.000000	0.003648
YAL044C	YML007W	0.966628						1.000000	5.000000	0.003909
YMR260C	YBL005W	0.966617						0.000000	5.000000	0.004032
YMR246W	YDR451C	0.966614	0.000000	0.170803	0.164326	0.155424	0.167502	0.000000	5.000000	0.003118
YMR296C	YKL062W	0.966610						1.000000	5.000000	0.004091
YOR286W	YMR021C	0.966597						0.000000	5.000000	0.004269
YMR292W	YIR017C	0.966596						0.000000	5.000000	0.004264
YPR133W-A	YDR421W	0.966595						0.000000	5.000000	0.004482
YKR076W	YAL051W	0.966593						0.000000	5.000000	0.004646
YOR064C	YJR060W	0.966589						1.000000	5.000000	0.004563
YBR222C	YNL103W	0.966581						0.000000	-5.000000	0.004944
YPL087W	YGL013C	0.966575						0.000000	5.000000	0.004163
YDR150W	YCR084C	0.966568						0.000000	-5.000000	0.004527
YMR229C	YDL106C	0.966565						0.000000	5.000000	0.004510
YML092C	YNL103W	0.966564	0.000000	0.170554	0.164326	0.155291	0.167382	0.000000	-5.000000	0.004437
YIR036C	YOL108C	0.966562						0.000000	5.000000	0.004685
YOL126C	YDR216W	0.966543						1.000000	5.000000	0.004747
YEL060C	YGL013C	0.966540	0.000000	0.170306	0.164326	0.155158	0.167262	0.000000	5.000000	0.004342
YDR087C	YHR006W	0.966532						0.000000	-5.000000	0.004722
YMR173W	YEL009C	0.966523						1.000000	5.000000	0.003382
YPL134C	YML007W	0.966515						0.000000	5.000000	0.004234
YOR130C	YKR034W	0.966510						0.000000	5.000000	0.004218
YPR006C	YOR140W	0.966501						0.000000	-5.000000	0.003563
YER126C	YPR104C	0.966495						0.000000	5.000000	0.004427
YNL192W	YHL027W	0.966490						0.000000	-5.000000	0.004342
YGR032W	YBR083W	0.966477						1.000000	5.000000	0.004541
YIR012W	YHR006W	0.966445						0.000000	-5.000000	0.003991
YKL002W	YOR140W	0.966445						0.000000	-5.000000	0.003854
YDR321W	YNL027W	0.966444						0.000000	-5.000000	0.004333
YNL074C	YDR034C	0.966434						0.000000	5.000000	0.004960
YBR189W	YNL027W	0.966431	0.000000	0.170058	0.164326	0.155026	0.167143	0.000000	-5.000000	0.004261
YFR049W	YOR140W	0.966418						0.000000	-5.000000	0.004333
YBR010W	YKL185W	0.966402	0.000000	0.169811	0.164326	0.154894	0.167024	0.000000	5.000000	0.004141
YLR348C	YDR259C	0.966400						0.000000	5.000000	0.004601
YJR063W	YHR006W	0.966393						0.000000	-5.000000	0.003654
YGL253W	YOL116W	0.966388						0.000000	-5.000000	0.005038
YOR215C	YGL237C	0.966385						0.000000	5.000000	0.004020
YOR182C	YBR239C	0.966360						0.000000	-5.000000	0.004183
YOL111C	YOL089C	0.966358						0.000000	-5.000000	0.004158
YOR045W	YOL089C	0.966353						0.000000	-5.000000	0.004006
YEL034W	YFR034C	0.966351						0.000000	5.000000	0.004196
YNL104C	YIR023W	0.966351	0.000000	0.169565	0.164326	0.154762	0.166904	0.000000	5.000000	0.003371
YDR129C	YGL013C	0.966346						0.000000	5.000000	0.004425
YLR348C	YBL103C	0.966344						0.000000	5.000000	0.003820
YCR002C	YIR017C	0.966338						0.000000	5.000000	0.003893
YPR060C	YDR253C	0.966331						0.000000	-5.000000	0.003758
YNL142W	YKL032C	0.966331						0.000000	5.000000	0.004171
YKL013C	YNL103W	0.966302						0.000000	-5.000000	0.004118
YGR221C	YDL056W	0.966299						1.000000	5.000000	0.004116
YER019W	YDR034C	0.966298						0.000000	5.000000	0.004516
YER081W	YKL032C	0.966295						1.000000	5.000000	0.004312
YIR031C	YKL032C	0.966279	0.000000	0.169320	0.164326	0.154630	0.166785	0.000000	5.000000	0.004476
YOR103C	YIR017C	0.966276						0.000000	5.000000	0.003987
YPL156C	YGL237C	0.966275	0.000000	0.169075	0.164326	0.154499	0.166667	0.000000	5.000000	0.004510
YLL040C	YOL067C	0.966273						0.000000	5.000000	0.004833
YGL048C	YOL089C	0.966250						0.000000	-5.000000	0.005527
YML022W	YDL106C	0.966237						0.000000	5.000000	0.004438
YGL121C	YKL015W	0.966233						0.000000	5.000000	0.004231
YER024W	YJL056C	0.966232						0.000000	5.000000	0.005034
YKL040C	YOL108C	0.966221						1.000000	5.000000	0.004092
YBR072W	YDR216W	0.966219						0.000000	5.000000	0.004273
YER024W	YOR028C	0.966219						0.000000	5.000000	0.003716
YFL030W	YOR028C	0.966215						1.000000	5.000000	0.003936
YFR033C	YOL067C	0.966206	0.000000	0.168831	0.164326	0.154368	0.166548	0.000000	5.000000	0.004253
YLR380W	YHR124W	0.966202						1.000000	5.000000	0.004284
YBL002W	YKL185W	0.966199						0.000000	5.000000	0.004315
YPR025C	YHR084W	0.966183						1.000000	5.000000	0.003925
YPL160W	YBR049C	0.966180						0.000000	5.000000	0.005456
YBR052C	YOL108C	0.966179						0.000000	5.000000	0.003924
YNL301C	YGR044C	0.966174						0.000000	-5.000000	0.004353
YER003C	YER111C	0.966163						0.000000	5.000000	0.004115
YDR175C	YJL056C	0.966160						0.000000	5.000000	0.004035
YJR103W	YMR016C	0.966157						1.000000	5.000000	0.003957
YJL166W	YOR028C	0.966151						0.000000	5.000000	0.004058
YHR051W	YOL067C	0.966147	0.000000	0.168588	0.164326	0.154237	0.166430	0.000000	5.000000	0.004255
YNL002C	YPL089C	0.966146						0.000000	-5.000000	0.004046
YNL078W	YER111C	0.966132						0.000000	-5.000000	0.004080
YPL246C	YHR178W	0.966131						0.000000	5.000000	0.004155
YFL038C	YDR174W	0.966126						0.000000	5.000000	0.003595
YGL012W	YLR176C	0.966125						0.000000	-5.000000	0.004049
YBR127C	YDR253C	0.966125						1.000000	5.000000	0.008481
YKL181W	YNL027W	0.966113						0.000000	-5.000000	0.004300
YOR215C	YJL056C	0.966110						0.000000	5.000000	0.003116
YPL246C	YFR034C	0.966105						0.000000	5.000000	0.004081
YKL150W	YGL073W	0.966101						0.000000	5.000000	0.004060
YBR035C	YNL103W	0.966086						0.000000	-5.000000	0.004503
YDR031W	YOR028C	0.966071						0.000000	5.000000	0.005004
YGR203W	YNL103W	0.966062						0.000000	-5.000000	0.004931
YER018C	YIR017C	0.966052						0.000000	5.000000	0.004241
YDR298C	YBL021C	0.966024						0.000000	-5.000000	0.004259
YJL088W	YIL119C	0.966022						0.000000	5.000000	0.003520
YKL093W	YML007W	0.966011						0.000000	5.000000	0.004485
YHR083W	YMR037C	0.966003						1.000000	5.000000	0.004129
YHR051W	YOR140W	0.966001						0.000000	-5.000000	0.003854
YPR184W	YOL067C	0.965997	0.000000	0.168345	0.164326	0.154107	0.166311	0.000000	5.000000	0.002491
YLL009C	YGL237C	0.965992						0.000000	5.000000	0.004083
YDR497C	YIL119C	0.965984						0.000000	5.000000	0.003643
YBR101C	YDR310C	0.965978						0.000000	5.000000	0.003695
YDR453C	YDR207C	0.965977	0.000000	0.168103	0.164326	0.153976	0.166193	0.000000	5.000000	0.003945
YBR143C	YPR104C	0.965961						0.000000	5.000000	0.003815
YDR046C	YJR060W	0.965959						1.000000	5.000000	0.004040
YGR172C	YLR176C	0.965958						0.000000	-5.000000	0.004083
YKL145W	YOL089C	0.965933						0.000000	-5.000000	0.004682
YMR089C	YGL237C	0.965929						0.000000	5.000000	0.004316
YKL185W	YBR182C	0.965923						0.000000	-5.000000	0.003975
YMR195W	YHL027W	0.965923						0.000000	-5.000000	0.002852
YHR196W	YDL106C	0.965915						0.000000	5.000000	0.004049
YNL157W	YGL013C	0.965910						0.000000	5.000000	0.004668
YOR375C	YDR034C	0.965904						0.000000	5.000000	0.003956
YBR039W	YOR028C	0.965899						0.000000	-5.000000	0.004024
YGR230W	YHR084W	0.965892						1.000000	5.000000	0.004221
YCR071C	YGL237C	0.965889						0.000000	5.000000	0.003967
YOL082W	YHR084W	0.965889						1.000000	5.000000	0.003759
YOR167C	YOL028C	0.965885						0.000000	5.000000	0.003947
YIL157C	YNL103W	0.965875						0.000000	-5.000000	0.003774
YDR508C	YGR044C	0.965866						0.000000	-5.000000	0.003991
YKL167C	YGL237C	0.965863	0.000000	0.167862	0.164326	0.153846	0.166075	0.000000	5.000000	0.004051
YGR032W	YHR084W	0.965861						1.000000	5.000000	0.004159
YBR035C	YKL032C	0.965842						0.000000	5.000000	0.003920
YDR156W	YDR253C	0.965830						0.000000	-5.000000	0.004248
YDR031W	YGL073W	0.965824						0.000000	5.000000	0.004506
YPR100W	YGL237C	0.965822						0.000000	5.000000	0.002927
YML063W	YHR124W	0.965821						0.000000	5.000000	0.004069
YHR064C	YBR049C	0.965819						0.000000	5.000000	0.004573
YOR286W	YNL103W	0.965819						0.000000	-5.000000	0.004335
YCL005W-A	YBL021C	0.965814						0.000000	-5.000000	0.004186
YLR153C	YER088C	0.965811						0.000000	5.000000	0.005315
YFR049W	YOR028C	0.965810						0.000000	5.000000	0.003855
YJL140W	YGL237C	0.965809						0.000000	5.000000	0.004352
YJR072C	YIL036W	0.965803						0.000000	5.000000	0.004363
YPR067W	YOL108C	0.965798						0.000000	5.000000	0.003416
YMR314W	YOL089C	0.965792						0.000000	-5.000000	0.004295
YGR108W	YIL131C	0.965775						1.000000	5.000000	0.003706
YJL136C	YIR018W	0.965774	0.000000	0.167622	0.164326	0.153717	0.165957	0.000000	5.000000	0.003906
YMR261C	YNL103W	0.965770						0.000000	-5.000000	0.004477
YPR035W	YKL032C	0.965770	0.000000	0.167382	0.164326	0.153587	0.165840	0.000000	5.000000	0.003465
YDL046W	YGL013C	0.965765						0.000000	5.000000	0.003836
YMR139W	YML007W	0.965748						0.000000	5.000000	0.003736
YKL125W	YDR253C	0.965743						1.000000	-5.000000	0.003579
YDR525W-A	YOR140W	0.965738						0.000000	-5.000000	0.003702
YJR133W	YNL103W	0.965734						0.000000	-5.000000	0.004390
YMR139W	YOR028C	0.965732						0.000000	5.000000	0.004227
YGR211W	YCR065W	0.965725						0.000000	-5.000000	0.003832
YDL022W	YPL230W	0.965717						0.000000	5.000000	0.003863
YER069W	YKR099W	0.965717	0.000000	0.167143	0.164326	0.153458	0.165722	0.000000	5.000000	0.004135
YML073C	YNL216W	0.965690						1.000000	5.000000	0.003939
YHR147C	YOR140W	0.965687						0.000000	-5.000000	0.004165
YLR107W	YML007W	0.965687						1.000000	5.000000	0.004102
YNL160W	YMR016C	0.965656						1.000000	5.000000	0.003834
YPL239W	YGR044C	0.965655						0.000000	-5.000000	0.004381
YPR156C	YMR016C	0.965637						1.000000	5.000000	0.003964
YIR033W	YHR084W	0.965637						1.000000	5.000000	0.004112
YBR088C	YDL056W	0.965633						0.000000	5.000000	0.003693
YDR258C	YGL209W	0.965630	0.000000	0.166904	0.164326	0.153329	0.165605	0.000000	5.000000	0.004121
YBR111C	YNL103W	0.965624						0.000000	-5.000000	0.002743
YBR036C	YGL013C	0.965611						0.000000	5.000000	0.003593
YNL244C	YKL112W	0.965597						0.000000	5.000000	0.003942
YDR404C	YDR207C	0.965586	0.000000	0.166667	0.164326	0.153201	0.165488	0.000000	5.000000	0.003340
YPR062W	YOL089C	0.965560						0.000000	-5.000000	0.003769
YBR256C	YDL020C	0.965560						0.000000	5.000000	0.003750
YNL069C	YHR124W	0.965525						0.000000	5.000000	0.003819
YPR103W	YDR451C	0.965520						0.000000	5.000000	0.003893
YKL053C-A	YGL237C	0.965515						0.000000	5.000000	0.005910
YDR204W	YOL108C	0.965494						0.000000	5.000000	0.003376
YHR049W	YDR253C	0.965491						0.000000	-5.000000	0.004229
YNL101W	YNL216W	0.965483						1.000000	5.000000	0.003930
YLR150W	YOL028C	0.965472						0.000000	5.000000	0.004026
YER024W	YML007W	0.965466						0.000000	5.000000	0.004140
YDR019C	YDL048C	0.965451						0.000000	5.000000	0.005366
YGR215W	YHL009C	0.965437						0.000000	5.000000	0.004148
YOR220W	YGL013C	0.965410						0.000000	5.000000	0.004221
YLR186W	YPL089C	0.965406						0.000000	-5.000000	0.004030
YIL043C	YHR178W	0.965403						0.000000	5.000000	0.004068
YBR214W	YGL013C	0.965399						0.000000	5.000000	0.003144
YML022W	YNL027W	0.965398						0.000000	-5.000000	0.003684
YDR321W	YDL106C	0.965396						0.000000	5.000000	0.003881
YBR048W	YKL062W	0.965395						0.000000	-5.000000	0.004114
YJR118C	YDL056W	0.965386						0.000000	5.000000	0.003788
YDL055C	YIR017C	0.965382						0.000000	-5.000000	0.004056
YGR088W	YML007W	0.965379						0.000000	5.000000	0.003918
YDR086C	YOL089C	0.965372						0.000000	-5.000000	0.003771
YER031C	YOL089C	0.965371						0.000000	-5.000000	0.003867
YKL065C	YOR140W	0.965371						0.000000	-5.000000	0.003674
YIL160C	YLR256W	0.965370						0.000000	-5.000000	0.004100
YMR011W	YKR099W	0.965366	0.000000	0.166430	0.164326	0.153072	0.165371	0.000000	-5.000000	0.004051
YDR339C	YMR037C	0.965360						1.000000	5.000000	0.003739
YGR142W	YLR256W	0.965340	0.000000	0.166193	0.164326	0.152944	0.165254	0.000000	-5.000000	0.003591
YLR003C	YGR044C	0.965334						0.000000	-5.000000	0.003429
YPL079W	YHR006W	0.965333	0.000000	0.165957	0.164326	0.152816	0.165138	0.000000	5.000000	0.004342
YML026C	YPR104C	0.965322	0.000000	0.165722	0.164326	0.152689	0.165021	0.000000	5.000000	0.003807
YDR077W	YMR037C	0.965316						1.000000	-5.000000	0.003545
YPL137C	YMR016C	0.965312						1.000000	5.000000	0.003585
YML092C	YOL089C	0.965311						0.000000	-5.000000	0.005251
YKL040C	YMR037C	0.965304						1.000000	5.000000	0.003476
YJL062W-A	YOR140W	0.965286						0.000000	-5.000000	0.004273
YMR229C	YPR104C	0.965280						0.000000	5.000000	0.004538
YER091C	YIL036W	0.965280						0.000000	-5.000000	0.003574
YDL085W	YML007W	0.965262						0.000000	5.000000	0.003933
YLR038C	YOR028C	0.965248	0.000000	0.165488	0.164326	0.152561	0.164905	0.000000	5.000000	0.003680
YGR049W	YPL230W	0.965245						0.000000	5.000000	0.004627
YKL099C	YDL106C	0.965241						0.000000	5.000000	0.003844
YKL204W	YHR084W	0.965226						1.000000	5.000000	0.004147
YMR009W	YNL027W	0.965226						1.000000	5.000000	0.003962
YKL032C	YHR206W	0.965217						1.000000	5.000000	0.003895
YGL121C	YAL051W	0.965215						0.000000	5.000000	0.003908
YGL208W	YJR060W	0.965210						1.000000	5.000000	0.004000
YGL011C	YOL089C	0.965207						0.000000	-5.000000	0.004291
YNL175C	YJR060W	0.965198						1.000000	5.000000	0.004148
YOR185C	YOR140W	0.965195						0.000000	-5.000000	0.003880
YNR037C	YNL103W	0.965186						0.000000	-5.000000	0.003444
YLR074C	YPR104C	0.965183	0.000000	0.165254	0.164326	0.152434	0.164789	0.000000	5.000000	0.003778
YML101C	YDR253C	0.965182						1.000000	5.000000	0.003666
YGL068W	YGL073W	0.965179						0.000000	5.000000	0.002910
YKR056W	YJR060W	0.965179						1.000000	5.000000	0.004017
YIL158W	YKL043W	0.965179						0.000000	5.000000	0.004753
YML056C	YNL027W	0.965164						0.000000	-5.000000	0.005189
YAL038W	YKL062W	0.965164						1.000000	5.000000	0.003110
YPR036W-A	YCR084C	0.965163						0.000000	-5.000000	0.003526
YIL051C	YBL021C	0.965142						0.000000	-5.000000	0.004262
YLR328W	YKL032C	0.965123						1.000000	5.000000	0.003919
YNL104C	YOR140W	0.965116						0.000000	-5.000000	0.003824
YBL059C-A	YOR140W	0.965111						0.000000	-5.000000	0.004043
YKR030W	YBR066C	0.965083						0.000000	5.000000	0.003620
YPL112C	YOR162C	0.965077						1.000000	5.000000	0.004066
YGR254W	YGR249W	0.965076						0.000000	-5.000000	0.004309
YML115C	YML007W	0.965071						1.000000	5.000000	0.003835
YFR044C	YIL131C	0.965070						1.000000	5.000000	0.004489
YMR250W	YOR140W	0.965064						0.000000	-5.000000	0.004058
YIL070C	YMR043W	0.965059						1.000000	5.000000	0.003780
YGL156W	YML007W	0.965050						0.000000	5.000000	0.004111
YJL101C	YIL131C	0.965046						1.000000	5.000000	0.003591
YIL124W	YNL103W	0.965034						0.000000	-5.000000	0.003350
YMR235C	YKL112W	0.965012						0.000000	5.000000	0.003719
YDR343C	YNL199C	0.964984						0.000000	-5.000000	0.003856
YOL077C	YPL089C	0.964971						0.000000	-5.000000	0.004279
YEL017W	YDR253C	0.964965						1.000000	5.000000	0.004812
YDR513W	YMR037C	0.964963						1.000000	5.000000	0.004095
YGR100W	YHR084W	0.964960						1.000000	5.000000	0.003682
YML009C	YGL237C	0.964956						0.000000	5.000000	0.003898
YMR297W	YOR140W	0.964943						0.000000	-5.000000	0.003965
YNL175C	YDL106C	0.964922						0.000000	5.000000	0.004314
YER006W	YNL027W	0.964917						0.000000	-5.000000	0.003895
YAL030W	YOR140W	0.964912						0.000000	-5.000000	0.003595
YER178W	YDR174W	0.964897						0.000000	5.000000	0.003390
YIL078W	YPR104C	0.964896						0.000000	5.000000	0.003358
YLR249W	YNL027W	0.964894						0.000000	-5.000000	0.003431
YGL021W	YIL119C	0.964893						0.000000	5.000000	0.004279
YHL021C	YPL230W	0.964892						0.000000	5.000000	0.003777
YGR008C	YPL230W	0.964885						0.000000	5.000000	0.003944
YDR174W	YBL021C	0.964865						0.000000	-5.000000	0.003207
YDR511W	YOL067C	0.964852						0.000000	5.000000	0.003706
YAL003W	YJR060W	0.964847						1.000000	-5.000000	0.004037
YOR261C	YGL096W	0.964839						0.000000	5.000000	0.004706
YNL007C	YDR310C	0.964835	0.000000	0.165021	0.164326	0.152307	0.164673	0.000000	5.000000	0.004134
YHR121W	YGL237C	0.964827						0.000000	5.000000	0.004093
YDR513W	YOL108C	0.964820						0.000000	5.000000	0.003557
YPL059W	YOL089C	0.964813						0.000000	-5.000000	0.004035
YJL140W	YIL036W	0.964811						0.000000	5.000000	0.003793
YIL088C	YDR463W	0.964799						0.000000	-5.000000	0.003818
YJL104W	YHR084W	0.964772						1.000000	5.000000	0.003309
YDL066W	YPL177C	0.964760						0.000000	-5.000000	0.003908
YOR335C	YKL112W	0.964757						0.000000	5.000000	0.004542
YJL034W	YGL209W	0.964754	0.000000	0.164789	0.164326	0.152181	0.164557	0.000000	5.000000	0.003971
YPL015C	YDL056W	0.964739						1.000000	5.000000	0.003681
YCR021C	YOR028C	0.964738	0.000000	0.164557	0.164326	0.152055	0.164441	0.000000	5.000000	0.003431
YBR046C	YKL032C	0.964733	0.000000	0.164326	0.164326	0.151928	0.164326	0.000000	5.000000	0.004018
YJL001W	YNL103W	0.964732	0.000000	0.164095	0.164326	0.151803	0.164211	0.000000	-5.000000	0.004061
YCR082W	YNL103W	0.964731	0.000000	0.163866	0.164326	0.151677	0.164095	0.000000	-5.000000	0.003264
YBR256C	YJR060W	0.964729						1.000000	5.000000	0.003516
YKR066C	YGL013C	0.964728						0.000000	5.000000	0.003401
YBL030C	YOL108C	0.964727	0.000000	0.163636	0.164326	0.151552	0.163980	0.000000	5.000000	0.003663
YLL009C	YOL067C	0.964715						0.000000	5.000000	0.003668
YBR181C	YPR104C	0.964702	0.000000	0.163408	0.164326	0.151427	0.163866	0.000000	5.000000	0.004397
YAL049C	YOR140W	0.964695						0.000000	-5.000000	0.004889
YDL179W	YLR176C	0.964690	0.000000	0.163180	0.164326	0.151302	0.163751	0.000000	-5.000000	0.003562
YKR003W	YBR066C	0.964671						0.000000	5.000000	0.003547
YBR212W	YKL020C	0.964669						0.000000	5.000000	0.003584
YPR113W	YHR206W	0.964663						0.000000	5.000000	0.004077
YLR186W	YNL027W	0.964661						0.000000	-5.000000	0.003877
YLR330W	YGL013C	0.964656						0.000000	5.000000	0.003530
YER148W	YGR044C	0.964648						0.000000	-5.000000	0.002762
YER182W	YOR140W	0.964639						0.000000	-5.000000	0.004531
YDR384C	YGR249W	0.964639						0.000000	5.000000	0.003764
YCR005C	YBL103C	0.964631						0.000000	5.000000	0.003661
YNL229C	YEL009C	0.964631						1.000000	5.000000	0.003609
YAL029C	YBR083W	0.964623						1.000000	5.000000	0.003829
YER122C	YDL056W	0.964620						0.000000	5.000000	0.005043
YCR097W	YGL073W	0.964619						0.000000	5.000000	0.003526
YML078W	YOL108C	0.964604						0.000000	5.000000	0.004439
YOR227W	YOL067C	0.964600						0.000000	5.000000	0.003454
YLR005W	YNL216W	0.964600						1.000000	5.000000	0.003777
YDR204W	YOR140W	0.964596						0.000000	-5.000000	0.003868
YLR178C	YPL230W	0.964595						0.000000	5.000000	0.003821
YEL044W	YEL009C	0.964594						1.000000	5.000000	0.003660
YFR050C	YNL103W	0.964582	0.000000	0.162953	0.164326	0.151177	0.163636	0.000000	-5.000000	0.003179
YML069W	YEL009C	0.964572						0.000000	5.000000	0.003994
YNL081C	YGL013C	0.964560						0.000000	5.000000	0.004173
YJL052W	YHR084W	0.964557						1.000000	5.000000	0.003642
YLR286C	YJR127C	0.964555						0.000000	5.000000	0.003803
YJL048C	YMR016C	0.964552						1.000000	5.000000	0.003872
YLR258W	YPL230W	0.964551						0.000000	5.000000	0.004019
YOL040C	YIR018W	0.964549	0.000000	0.162726	0.164326	0.151053	0.163522	0.000000	5.000000	0.003655
YLR270W	YIL131C	0.964543						1.000000	5.000000	0.003638
YDL130W-A	YJL056C	0.964538						0.000000	5.000000	0.003878
YER087C-B	YDL056W	0.964535						0.000000	5.000000	0.004183
YCR028C-A	YBL021C	0.964529						0.000000	-5.000000	0.003706
YGL127C	YPL230W	0.964528						0.000000	5.000000	0.003358
YML001W	YKL032C	0.964517						0.000000	5.000000	0.003895
YPL242C	YNL068C	0.964515						1.000000	5.000000	0.003813
YDR388W	YOL108C	0.964511						0.000000	5.000000	0.003977
YDR002W	YEL009C	0.964506						0.000000	5.000000	0.004841
YBR123C	YHR084W	0.964504						1.000000	5.000000	0.003378
YPL156C	YIL036W	0.964504						0.000000	5.000000	0.003506
YMR199W	YER111C	0.964500	1.000000	0.163889	0.165730	0.152346	0.164804	0.000000	5.000000	0.003351
YBL047C	YBR083W	0.964498						0.000000	5.000000	0.003351
YPL087W	YOR140W	0.964494						0.000000	-5.000000	0.003483
YFR015C	YGL013C	0.964493						0.000000	5.000000	0.003574
YDR432W	YIR017C	0.964490						0.000000	5.000000	0.004082
YGL068W	YGL237C	0.964481						0.000000	5.000000	0.003727
YMR056C	YML007W	0.964466						0.000000	5.000000	0.003387
YNL301C	YPR104C	0.964448	0.000000	0.163662	0.165730	0.152222	0.164689	0.000000	5.000000	0.003435
YML022W	YPR104C	0.964444						0.000000	5.000000	0.003561
YGR088W	YDR423C	0.964435						0.000000	5.000000	0.003780
YDL181W	YOR028C	0.964430						0.000000	5.000000	0.003747
YPR023C	YOR140W	0.964417						0.000000	-5.000000	0.004208
YMR194W	YDR146C	0.964417						0.000000	-5.000000	0.003496
YAR018C	YGR249W	0.964401						0.000000	-5.000000	0.003765
YNL064C	YPR104C	0.964396						0.000000	5.000000	0.003193
YNL006W	YGL209W	0.964396						0.000000	5.000000	0.003854
YNL078W	YMR021C	0.964395						0.000000	-5.000000	0.003714
YNL079C	YOL089C	0.964391						0.000000	-5.000000	0.003826
YGR032W	YJR060W	0.964383						1.000000	5.000000	0.003648
YER131W	YNL027W	0.964373	0.000000	0.163435	0.165730	0.152097	0.164575	0.000000	-5.000000	0.003651
YOL002C	YDR207C	0.964367						0.000000	5.000000	0.004424
YLR286C	YER088C	0.964359						0.000000	5.000000	0.004076
YBR269C	YML007W	0.964355						0.000000	5.000000	0.003036
YHR051W	YPL177C	0.964346	0.000000	0.163209	0.165730	0.151973	0.164460	0.000000	-5.000000	0.003576
YDL007W	YJR060W	0.964343						1.000000	5.000000	0.003642
YOR158W	YGL073W	0.964336						0.000000	5.000000	0.003573
YPL196W	YOR140W	0.964324						0.000000	-5.000000	0.003620
YBR249C	YJR060W	0.964311						1.000000	5.000000	0.003518
YIL045W	YJL056C	0.964310						0.000000	5.000000	0.003472
YFL018C	YGL237C	0.964307	0.000000	0.162983	0.165730	0.151849	0.164345	0.000000	5.000000	0.004949
YDR508C	YMR042W	0.964295						0.000000	-5.000000	0.003364
YCL040W	YOL108C	0.964294						0.000000	5.000000	0.003428
YIL118W	YAL051W	0.964288						1.000000	5.000000	0.003832
YDR064W	YPR065W	0.964284	0.000000	0.162759	0.165730	0.151725	0.164231	0.000000	5.000000	0.003476
YNL044W	YOL108C	0.964272						1.000000	5.000000	0.003820
YEL040W	YDR451C	0.964271	0.000000	0.162534	0.165730	0.151601	0.164117	0.000000	5.000000	0.003846
YHL016C	YKR034W	0.964251						0.000000	5.000000	0.003546
YDL120W	YGL237C	0.964240						0.000000	5.000000	0.004782
YPL265W	YDR463W	0.964232	0.000000	0.162311	0.165730	0.151478	0.164003	0.000000	-5.000000	0.003606
YHR071W	YKL032C	0.964222	0.000000	0.162088	0.165730	0.151355	0.163889	0.000000	5.000000	0.003145
YKL003C	YOL067C	0.964188						0.000000	5.000000	0.004761
YBR249C	YBR049C	0.964181						0.000000	5.000000	0.005243
YER050C	YCR084C	0.964171						0.000000	-5.000000	0.003411
YGR236C	YML007W	0.964170	0.000000	0.161866	0.165730	0.151232	0.163775	0.000000	5.000000	0.003824
YBR031W	YPR104C	0.964155	0.000000	0.161644	0.165730	0.151109	0.163662	0.000000	5.000000	0.002603
YBR092C	YGR044C	0.964155						0.000000	-5.000000	0.003948
YPL135W	YPL230W	0.964133						0.000000	5.000000	0.003164
YHR147C	YIL036W	0.964123						0.000000	5.000000	0.004073
YER081W	YOR162C	0.964117						1.000000	5.000000	0.004588
YPR010C	YHR006W	0.964115						0.000000	-5.000000	0.003581
YJL177W	YDL106C	0.964110						0.000000	5.000000	0.003740
YPL092W	YDR207C	0.964108	0.000000	0.161423	0.165730	0.150987	0.163548	0.000000	5.000000	0.003700
YLR025W	YGL013C	0.964107						0.000000	5.000000	0.004971
YPL118W	YGL013C	0.964106						0.000000	5.000000	0.003968
YAL053W	YPL230W	0.964104						0.000000	5.000000	0.003620
YJL048C	YOR162C	0.964104						1.000000	5.000000	0.003389
YGL200C	YEL009C	0.964100						0.000000	5.000000	0.003627
YPR041W	YGR044C	0.964100						0.000000	-5.000000	0.003472
YIL043C	YDR451C	0.964096						0.000000	5.000000	0.003427
YBR048W	YMR280C	0.964093						0.000000	-5.000000	0.003461
YJL200C	YGL209W	0.964075	0.000000	0.161202	0.165730	0.150865	0.163435	0.000000	5.000000	0.003942
YIL050W	YOR140W	0.964072						0.000000	-5.000000	0.003569
YGR161C	YKL032C	0.964068	0.000000	0.160982	0.165730	0.150743	0.163322	0.000000	5.000000	0.004009
YOR150W	YOR140W	0.964058						0.000000	-5.000000	0.003369
YKL109W	YNL027W	0.964054						1.000000	5.000000	0.003099
YPL110C	YOR162C	0.964038						1.000000	5.000000	0.003261
YJR074W	YBL103C	0.964035						0.000000	5.000000	0.004019
YPL127C	YCR065W	0.964024						0.000000	5.000000	0.003791
YPL013C	YGL237C	0.964024						0.000000	5.000000	0.003991
YPR100W	YOR140W	0.964020						0.000000	-5.000000	0.003012
YOR095C	YBR083W	0.964016						0.000000	-5.000000	0.003569
YKL217W	YOR028C	0.964015	0.000000	0.160763	0.165730	0.150621	0.163209	0.000000	5.000000	0.003283
YPR002W	YOL067C	0.963991						0.000000	5.000000	0.003559
YKL043W	YML007W	0.963990	0.000000	0.160544	0.165730	0.150500	0.163096	0.000000	5.000000	0.003954
YPR184W	YOR028C	0.963984	0.000000	0.160326	0.165730	0.150378	0.162983	0.000000	5.000000	0.002960
YDR001C	YKL020C	0.963983						0.000000	5.000000	0.004221
YLR342W	YKL185W	0.963979						0.000000	5.000000	0.003389
YBR009C	YIR017C	0.963975						0.000000	5.000000	0.004357
YOR167C	YMR043W	0.963973	0.000000	0.160109	0.165730	0.150258	0.162871	0.000000	-5.000000	0.003430
YMR215W	YCR065W	0.963973						0.000000	5.000000	0.003542
YIL051C	YDR207C	0.963956						0.000000	5.000000	0.003179
YHR016C	YDL020C	0.963952						0.000000	5.000000	0.003106
YNL305C	YGL013C	0.963951	0.000000	0.159892	0.165730	0.150137	0.162759	0.000000	5.000000	0.003702
YGR194C	YOR028C	0.963945						0.000000	5.000000	0.004518
YBR088C	YLR176C	0.963935						0.000000	-5.000000	0.003446
YCR093W	YDL020C	0.963929						1.000000	5.000000	0.004059
YDL085W	YMR172W	0.963927						0.000000	5.000000	0.005248
YLR333C	YPR065W	0.963916						0.000000	5.000000	0.003303
YGL068W	YIL036W	0.963914						0.000000	5.000000	0.003369
YBR196C	YHR178W	0.963914	0.000000	0.159675	0.165730	0.150016	0.162646	0.000000	5.000000	0.003434
YPL170W	YMR037C	0.963913						1.000000	5.000000	0.003672
YJR145C	YPR104C	0.963909	0.000000	0.159459	0.165730	0.149896	0.162534	0.000000	5.000000	0.003404
YOR288C	YPL230W	0.963900						0.000000	5.000000	0.004179
YLR439W	YGL237C	0.963891	0.000000	0.159244	0.165730	0.149776	0.162423	0.000000	5.000000	0.003263
YHR051W	YOL108C	0.963880	0.000000	0.159030	0.165730	0.149656	0.162311	0.000000	5.000000	0.003350
YLR432W	YDL106C	0.963877						0.000000	5.000000	0.003386
YGR279C	YKL032C	0.963873						1.000000	5.000000	0.003536
YGR157W	YMR037C	0.963869						1.000000	5.000000	0.003465
YLR003C	YHR006W	0.963858	0.000000	0.158816	0.165730	0.149537	0.162199	0.000000	-5.000000	0.004597
YBR268W	YHR084W	0.963855						1.000000	5.000000	0.003392
YER052C	YMR037C	0.963847						1.000000	5.000000	0.004036
YGL208W	YOR028C	0.963839						0.000000	5.000000	0.004312
YMR041C	YPR104C	0.963830						1.000000	5.000000	0.003526
YMR022W	YDR207C	0.963825						0.000000	5.000000	0.003476
YOL121C	YPR104C	0.963816	0.000000	0.158602	0.165730	0.149417	0.162088	0.000000	5.000000	0.003591
YPL183W-A	YOR028C	0.963815						0.000000	5.000000	0.003639
YGL248W	YPL089C	0.963814						0.000000	5.000000	0.003668
YPR100W	YIL036W	0.963807						0.000000	5.000000	0.003147
YIL076W	YDL020C	0.963801						0.000000	5.000000	0.003556
YOR236W	YOR162C	0.963791						1.000000	5.000000	0.003498
YLR150W	YJR060W	0.963785						1.000000	5.000000	0.003411
YPL223C	YDR253C	0.963784						1.000000	5.000000	0.003234
YOR285W	YKL032C	0.963778						0.000000	5.000000	0.004007
YKL093W	YJL056C	0.963769						0.000000	5.000000	0.003393
YBR222C	YOR140W	0.963769						0.000000	-5.000000	0.003336
YGR032W	YDR253C	0.963764						1.000000	5.000000	0.004027
YLR075W	YOR344C	0.963746	0.000000	0.158389	0.165730	0.149298	0.161977	0.000000	5.000000	0.003692
YOR340C	YDR146C	0.963738						0.000000	-5.000000	0.003313
YHR089C	YOR162C	0.963734						1.000000	5.000000	0.004247
YLR325C	YHR006W	0.963728	0.000000	0.158177	0.165730	0.149179	0.161866	0.000000	-5.000000	0.003731
YML128C	YPL230W	0.963728						0.000000	5.000000	0.003803
YDR087C	YDL106C	0.963727						0.000000	5.000000	0.003393
YPR163C	YGR044C	0.963725						0.000000	-5.000000	0.003460
YDL110C	YKL020C	0.963710						0.000000	5.000000	0.003462
YHR147C	YOR028C	0.963710						0.000000	5.000000	0.003367
YDR272W	YGL013C	0.963706						0.000000	5.000000	0.003249
YEL006W	YDR463W	0.963706						0.000000	-5.000000	0.003622
YKL186C	YMR043W	0.963702						1.000000	5.000000	0.003895
YMR184W	YKR034W	0.963681						0.000000	5.000000	0.003194
YNL075W	YDL106C	0.963666						0.000000	5.000000	0.003549
YBL003C	YKL185W	0.963663						0.000000	-5.000000	0.003377
YER043C	YGL209W	0.963626						0.000000	5.000000	0.003326
YLL026W	YGL013C	0.963625	0.000000	0.157965	0.165730	0.149060	0.161755	0.000000	5.000000	0.003654
YIL094C	YDL048C	0.963620						0.000000	5.000000	0.003603
YHR010W	YPR104C	0.963609	0.000000	0.157754	0.165730	0.148942	0.161644	0.000000	5.000000	0.003445
YGR230W	YOR028C	0.963594						1.000000	5.000000	0.003306
YAR027W	YGL013C	0.963592						0.000000	5.000000	0.003978
YDR055W	YNL103W	0.963578	0.000000	0.157543	0.165730	0.148824	0.161533	0.000000	-5.000000	0.002638
YDR178W	YOR028C	0.963568						0.000000	5.000000	0.003125
YEL039C	YOL108C	0.963567						0.000000	5.000000	0.003658
YBR025C	YKL038W	0.963563						0.000000	5.000000	0.003793
YOR074C	YER111C	0.963540						1.000000	5.000000	0.003477
YLR089C	YKL032C	0.963535						0.000000	5.000000	0.003566
YKL138C	YGL237C	0.963535						0.000000	5.000000	0.003458
YLR436C	YHR084W	0.963528						1.000000	5.000000	0.003411
YDR044W	YBR066C	0.963525						0.000000	5.000000	0.003048
YJR133W	YDR174W	0.963516						0.000000	5.000000	0.003236
YHR052W	YHR124W	0.963515						0.000000	5.000000	0.003455
YGR245C	YGL013C	0.963497						1.000000	5.000000	0.004306
YLR201C	YGL013C	0.963497						0.000000	5.000000	0.003492
YEL038W	YNL103W	0.963485						0.000000	-5.000000	0.002496
YDR380W	YKL032C	0.963481						0.000000	5.000000	0.003124
YPR183W	YIR017C	0.963476						0.000000	5.000000	0.003436
YDL046W	YKL020C	0.963474						0.000000	5.000000	0.003575
YPL177C	YJR060W	0.963467						1.000000	5.000000	0.003578
YGR132C	YGL013C	0.963466						0.000000	5.000000	0.003810
YJL121C	YKL112W	0.963465						0.000000	5.000000	0.004004
YER025W	YPR104C	0.963464						0.000000	5.000000	0.003108
YDR512C	YOR140W	0.963454						0.000000	-5.000000	0.002972
YBR234C	YNL103W	0.963452						0.000000	-5.000000	0.003645
YJL138C	YGL209W	0.963451						0.000000	5.000000	0.003469
YHR025W	YOL028C	0.963451						0.000000	5.000000	0.005505
YLR388W	YPR104C	0.963444	0.000000	0.157333	0.165730	0.148706	0.161423	0.000000	5.000000	0.003264
YKL043W	YOR028C	0.963432	0.000000	0.157124	0.165730	0.148588	0.161312	0.000000	5.000000	0.003778
YOR161C	YMR037C	0.963428						1.000000	5.000000	0.003233
YOR223W	YGL013C	0.963427						0.000000	5.000000	0.003429
YLR056W	YIR017C	0.963426	0.000000	0.156915	0.165730	0.148470	0.161202	0.000000	5.000000	0.003807
YOL040C	YNL314W	0.963424	0.000000	0.156707	0.165730	0.148353	0.161092	0.000000	5.000000	0.003278
YJL184W	YDR207C	0.963418						0.000000	5.000000	0.003193
YPL160W	YDR253C	0.963417						0.000000	-5.000000	0.006164
YIL064W	YPL089C	0.963409						0.000000	-5.000000	0.003483
YBL050W	YNL103W	0.963405						0.000000	-5.000000	0.002999
YFL037W	YCR065W	0.963403						0.000000	5.000000	0.003693
YDL110C	YNL068C	0.963399						1.000000	5.000000	0.003545
YMR246W	YFR034C	0.963398	0.000000	0.156499	0.165730	0.148236	0.160982	0.000000	5.000000	0.004939
YPR167C	YDR259C	0.963369						0.000000	5.000000	0.003065
YPL186C	YAL051W	0.963339						0.000000	5.000000	0.003544
YPL196W	YOL108C	0.963312						0.000000	5.000000	0.003289
YIR012W	YDL106C	0.963305						0.000000	5.000000	0.003389
YGR082W	YOL089C	0.963302						0.000000	-5.000000	0.002995
YGL189C	YBR239C	0.963298						0.000000	-5.000000	0.003149
YER146W	YOL028C	0.963283						0.000000	5.000000	0.005093
YPL031C	YOL108C	0.963277						0.000000	5.000000	0.003596
YER141W	YOR140W	0.963269						0.000000	-5.000000	0.003453
YEL052W	YOR028C	0.963261						0.000000	5.000000	0.004066
YNR050C	YDL048C	0.963236						0.000000	5.000000	0.003177
YJL100W	YJR060W	0.963229						1.000000	5.000000	0.003611
YPL037C	YIR018W	0.963227						0.000000	5.000000	0.003221
YLL014W	YFR034C	0.963209						0.000000	5.000000	0.003354
YOR348C	YKL020C	0.963206						0.000000	5.000000	0.003496
YPL266W	YPL089C	0.963201						0.000000	-5.000000	0.002925
YPR065W	YML007W	0.963182						1.000000	5.000000	0.003531
YPL239W	YKL062W	0.963166						1.000000	-5.000000	0.003511
YML028W	YMR021C	0.963165	0.000000	0.156291	0.165730	0.148119	0.160873	0.000000	5.000000	0.003518
YDR496C	YDL106C	0.963164						0.000000	5.000000	0.003371
YOL120C	YMR280C	0.963160						0.000000	-5.000000	0.003453
YJL191W	YDL106C	0.963151						0.000000	5.000000	0.003384
YOR261C	YIL036W	0.963148						0.000000	5.000000	0.003103
YNL281W	YKL112W	0.963145	0.000000	0.156085	0.165730	0.148002	0.160763	0.000000	5.000000	0.003750
YJR080C	YGL237C	0.963143						0.000000	5.000000	0.004099
YMR157C	YOR140W	0.963126						0.000000	-5.000000	0.003345
YLL041C	YPL133C	0.963125						0.000000	5.000000	0.003909
YAL005C	YOL108C	0.963119						0.000000	5.000000	0.003431
YIL065C	YOR140W	0.963117						0.000000	-5.000000	0.003720
YJL145W	YBR083W	0.963115						1.000000	5.000000	0.003328
YIL137C	YHR084W	0.963108						1.000000	5.000000	0.003130
YIL074C	YOR032C	0.963098						0.000000	5.000000	0.003755
YPR074C	YNL199C	0.963091						0.000000	5.000000	0.002976
YGR167W	YNL103W	0.963089						0.000000	-5.000000	0.002712
YCR036W	YKL032C	0.963072						0.000000	5.000000	0.003645
YBR162W-A	YGL237C	0.963056						0.000000	5.000000	0.003426
YHR018C	YKR034W	0.963038						0.000000	5.000000	0.004303
YBR251W	YOL067C	0.963036						0.000000	5.000000	0.003490
YDR155C	YMR043W	0.963032						0.000000	-5.000000	0.003680
Q0130	YPL133C	0.963010						0.000000	5.000000	0.003040
YKR093W	YKR034W	0.963010						0.000000	5.000000	0.003419
YEL052W	YGL237C	0.963009						0.000000	5.000000	0.002926
YMR145C	YGL237C	0.963008						0.000000	5.000000	0.003451
YIL105C	YKL020C	0.962993						0.000000	5.000000	0.003217
YKL016C	YOR028C	0.962991						0.000000	-5.000000	0.002885
YFL016C	YKL020C	0.962990						0.000000	5.000000	0.003328
YHL016C	YNL216W	0.962962						1.000000	5.000000	0.003565
YFR015C	YKL020C	0.962961						0.000000	5.000000	0.003188
YMR216C	YJR060W	0.962959						1.000000	5.000000	0.003378
YHL011C	YDL106C	0.962946						0.000000	5.000000	0.003543
YOR323C	YHR178W	0.962946						0.000000	5.000000	0.002964
YJR008W	YOR028C	0.962940						0.000000	5.000000	0.002953
YML110C	YGL013C	0.962939						0.000000	5.000000	0.003227
YKR074W	YHR084W	0.962934						1.000000	5.000000	0.003562
YNL175C	YHR006W	0.962933						0.000000	-5.000000	0.003300
YOR004W	YNL027W	0.962932						0.000000	-5.000000	0.003631
YKL187C	YHR084W	0.962924	0.000000	0.155878	0.165730	0.147886	0.160654	0.000000	5.000000	0.003306
YCR046C	YGL237C	0.962916						0.000000	5.000000	0.003162
YPR023C	YGL237C	0.962912						0.000000	5.000000	0.003290
YOR145C	YNL027W	0.962912						0.000000	-5.000000	0.003310
YPL037C	YPL038W	0.962909						0.000000	-5.000000	0.003380
YNL155W	YPL230W	0.962904						0.000000	5.000000	0.003090
YBR214W	YPL230W	0.962893						0.000000	5.000000	0.002784
YHR143W	YER088C	0.962893						0.000000	5.000000	0.003659
YEL038W	YMR021C	0.962891						0.000000	5.000000	0.002827
YPL262W	YJL056C	0.962879						0.000000	5.000000	0.003250
YER142C	YOR140W	0.962874						0.000000	-5.000000	0.004379
YIR006C	YNL103W	0.962873						0.000000	-5.000000	0.003258
YPL037C	YNL314W	0.962870						0.000000	5.000000	0.003392
YDR144C	YKL062W	0.962864						1.000000	-5.000000	0.003260
YHR162W	YHL027W	0.962864	0.000000	0.155673	0.165730	0.147770	0.160544	0.000000	-5.000000	0.003446
YJR073C	YIR023W	0.962858						0.000000	5.000000	0.004293
YMR148W	YOL108C	0.962844						0.000000	5.000000	0.003351
YIL050W	YOR028C	0.962842						0.000000	5.000000	0.004313
YGL037C	YLR256W	0.962837						0.000000	-5.000000	0.003077
YOR004W	YNL068C	0.962825						0.000000	5.000000	0.003483
YOR298W	YDR123C	0.962817						0.000000	-5.000000	0.003191
YDR001C	YOR140W	0.962816						0.000000	-5.000000	0.002675
YBR034C	YDL106C	0.962815						0.000000	5.000000	0.003195
YPL019C	YJR060W	0.962815						1.000000	-5.000000	0.004032
YLR092W	YIL131C	0.962794						1.000000	5.000000	0.003297
YGR211W	YLR176C	0.962792	0.000000	0.155468	0.165730	0.147654	0.160435	0.000000	5.000000	0.002971
YJL173C	YIR017C	0.962792						0.000000	5.000000	0.003090
YDR276C	YOL108C	0.962789						0.000000	5.000000	0.003285
YLL045C	YNL027W	0.962786						0.000000	-5.000000	0.003137
YOR095C	YDL106C	0.962778						0.000000	5.000000	0.003129
YDR287W	YDR081C	0.962773						0.000000	-5.000000	0.003090
YOL087C	YOR162C	0.962761						1.000000	5.000000	0.003245
YLR180W	YDR253C	0.962748						1.000000	5.000000	0.002987
YKL053C-A	YIR023W	0.962747						0.000000	5.000000	0.003155
YDL198C	YKR034W	0.962745						0.000000	5.000000	0.003222
YDR384C	YDR216W	0.962738						1.000000	5.000000	0.003047
YJR008W	YJL056C	0.962729						0.000000	5.000000	0.003359
YIR022W	YIR017C	0.962719						0.000000	5.000000	0.006483
YPR165W	YIR017C	0.962705						0.000000	5.000000	0.003446
YNL006W	YKL020C	0.962704						0.000000	5.000000	0.003300
YJR125C	YOL108C	0.962700						0.000000	5.000000	0.003475
YPR004C	YCR065W	0.962697						0.000000	5.000000	0.003103
YGR280C	YDL106C	0.962694	0.000000	0.155263	0.165730	0.147538	0.160326	0.000000	5.000000	0.003184
YCR009C	YKL032C	0.962692						0.000000	5.000000	0.003952
YML041C	YBR083W	0.962686						1.000000	5.000000	0.003250
YIR039C	YHR084W	0.962682						1.000000	5.000000	0.002694
YGL077C	YDL048C	0.962681						0.000000	5.000000	0.003258
YJR014W	YGL237C	0.962679						0.000000	5.000000	0.003374
YNR053C	YHR006W	0.962678						0.000000	-5.000000	0.003810
YKL003C	YHR084W	0.962676						1.000000	5.000000	0.003279
YOR184W	YHL027W	0.962666						0.000000	-5.000000	0.003243
YJR010W	YIL131C	0.962654						1.000000	5.000000	0.003026
YLR327C	YCR084C	0.962653						0.000000	-5.000000	0.003310
YDL110C	YPL230W	0.962646						0.000000	5.000000	0.003347
YOR317W	YKL020C	0.962640						0.000000	5.000000	0.003560
YOR374W	YCR084C	0.962639						0.000000	-5.000000	0.003859
YPR004C	YML027W	0.962637						0.000000	5.000000	0.002930
YPL231W	YIR017C	0.962636						0.000000	5.000000	0.003302
YER057C	YDR207C	0.962628						0.000000	5.000000	0.003790
YEL020W-A	YGL237C	0.962625						0.000000	5.000000	0.003439
YGR194C	YGL013C	0.962619						0.000000	5.000000	0.004321
YLL027W	YML007W	0.962618						0.000000	5.000000	0.003664
YDR429C	YDL106C	0.962618						0.000000	5.000000	0.003424
YHL032C	YNL216W	0.962616						1.000000	5.000000	0.004302
YDR462W	YGL237C	0.962613						0.000000	5.000000	0.003799
YMR062C	YBR083W	0.962611	0.000000	0.155059	0.165730	0.147422	0.160217	0.000000	5.000000	0.003222
YNR016C	YIR033W	0.962600						0.000000	5.000000	0.003262
YDR379C-A	YOR028C	0.962594						0.000000	5.000000	0.003439
YOR042W	YGL013C	0.962589						0.000000	5.000000	0.003457
YOR344C	YGL073W	0.962589						1.000000	5.000000	0.003585
YBR046C	YDR207C	0.962577	0.000000	0.154856	0.165730	0.147307	0.160109	0.000000	5.000000	0.002969
YGL202W	YHL027W	0.962566						0.000000	-5.000000	0.003586
YJR025C	YGL013C	0.962548	0.000000	0.154653	0.165730	0.147192	0.160000	0.000000	5.000000	0.003245
YIL136W	YGL237C	0.962547						0.000000	5.000000	0.003210
YDR072C	YKL020C	0.962544						0.000000	5.000000	0.003432
YMR260C	YGR044C	0.962542						0.000000	-5.000000	0.002926
YNL113W	YDL106C	0.962534						0.000000	5.000000	0.003219
YOL039W	YHR124W	0.962507						0.000000	5.000000	0.003241
YPL183W-A	YOL108C	0.962501						0.000000	5.000000	0.004119
YLR244C	YGR044C	0.962499						0.000000	-5.000000	0.003568
YPL106C	YBR066C	0.962492						0.000000	5.000000	0.003367
YKL096W-A	YIL119C	0.962479						0.000000	5.000000	0.003436
YPR065W	YMR037C	0.962472						1.000000	-5.000000	0.003271
YIL087C	YOR140W	0.962469						0.000000	-5.000000	0.003256
YNL007C	YPL230W	0.962459						0.000000	5.000000	0.002891
YFR014C	YOL108C	0.962454						0.000000	5.000000	0.002930
YKL035W	YIL131C	0.962424						1.000000	5.000000	0.002804
YHR052W	YDL106C	0.962421						0.000000	5.000000	0.003523
YOR273C	YGL209W	0.962420	0.000000	0.154450	0.165730	0.147077	0.159892	0.000000	5.000000	0.003560
YIL064W	YDL106C	0.962420						0.000000	5.000000	0.003313
YER043C	YKR099W	0.962419						0.000000	5.000000	0.003163
YKL003C	YGL237C	0.962410						0.000000	5.000000	0.003135
YGL135W	YGL209W	0.962403	0.000000	0.154248	0.165730	0.146962	0.159783	0.000000	5.000000	0.003443
YPR069C	YDR451C	0.962402						0.000000	5.000000	0.002978
YGR060W	YHL027W	0.962401						0.000000	-5.000000	0.003258
YLL026W	YLR256W	0.962400	0.000000	0.154047	0.165730	0.146847	0.159675	0.000000	-5.000000	0.003277
YPR145W	YDL020C	0.962400						0.000000	5.000000	0.003509
YGL178W	YBR083W	0.962397						1.000000	5.000000	0.003552
YCL030C	YDR259C	0.962395						0.000000	5.000000	0.004303
YBR269C	YOL108C	0.962390						0.000000	5.000000	0.002395
YIL009C-A	YDR207C	0.962387						0.000000	5.000000	0.002869
YMR246W	YER184C	0.962364						0.000000	-5.000000	0.003424
YDR025W	YBR240C	0.962363						0.000000	5.000000	0.003026
YHL025W	YMR043W	0.962351						1.000000	5.000000	0.002975
YIL160C	YML007W	0.962342						0.000000	5.000000	0.003869
YGL178W	YHR084W	0.962336						1.000000	5.000000	0.003106
YGR280C	YPR104C	0.962318	0.000000	0.153846	0.165730	0.146733	0.159567	0.000000	5.000000	0.003148
YLR175W	YDR423C	0.962314						0.000000	-5.000000	0.002836
YJL062W-A	YGL013C	0.962308						0.000000	5.000000	0.003683
YLR267W	YPL230W	0.962297						0.000000	5.000000	0.004493
YMR056C	YGR249W	0.962289						0.000000	5.000000	0.002980
YMR002W	YGL013C	0.962287						0.000000	5.000000	0.003503
YIL016W	YIR018W	0.962276						0.000000	5.000000	0.003551
YKL195W	YJL056C	0.962274						0.000000	5.000000	0.003630
YMR194W	YDR423C	0.962266						0.000000	-5.000000	0.003231
YDR236C	YKR034W	0.962265						0.000000	5.000000	0.003184
YLR413W	YPR065W	0.962264						0.000000	5.000000	0.003272
YER069W	YGL209W	0.962247	0.000000	0.153646	0.165730	0.146619	0.159459	0.000000	5.000000	0.002981
YMR314W	YNL103W	0.962240						0.000000	-5.000000	0.003363
YBR084C-A	YBR240C	0.962240	0.000000	0.153446	0.165730	0.146505	0.159352	0.000000	5.000000	0.003233
YGL087C	YOR140W	0.962236						0.000000	-5.000000	0.003432
YHR008C	YGL237C	0.962222	0.000000	0.153247	0.165730	0.146391	0.159244	0.000000	5.000000	0.003710
YJR145C	YIL131C	0.962208	0.000000	0.153048	0.165730	0.146278	0.159137	0.000000	5.000000	0.003159
YJR014W	YGR044C	0.962193						0.000000	-5.000000	0.003771
YGR244C	YGL237C	0.962158						0.000000	5.000000	0.003206
YGR233C	YJR060W	0.962155						1.000000	5.000000	0.003226
YJL079C	YGL237C	0.962136	0.000000	0.152850	0.165730	0.146165	0.159030	0.000000	5.000000	0.003420
YKL080W	YHL027W	0.962124						0.000000	-5.000000	0.002755
YIL125W	YPL133C	0.962114						0.000000	5.000000	0.003226
YCR097W	YGL237C	0.962106						0.000000	5.000000	0.003266
YNL244C	YGR044C	0.962101						0.000000	-5.000000	0.003456
YKR081C	YBR083W	0.962099						0.000000	-5.000000	0.003219
YMR041C	YKL020C	0.962085						0.000000	5.000000	0.003019
YCL040W	YPL230W	0.962056						0.000000	5.000000	0.003201
YDR046C	YDR253C	0.962052						1.000000	5.000000	0.003172
YGL198W	YNL103W	0.962046						0.000000	-5.000000	0.002952
YER145C	YHR178W	0.962040	0.000000	0.152652	0.165730	0.146052	0.158923	0.000000	5.000000	0.003384
YPL118W	YGL237C	0.961985						0.000000	5.000000	0.003483
YDL184C	YMR043W	0.961967						0.000000	-5.000000	0.003068
YPR067W	YOR028C	0.961965						0.000000	5.000000	0.002908
YOR222W	YDL048C	0.961954						0.000000	5.000000	0.003148
YBR050C	YHR084W	0.961949						0.000000	5.000000	0.002954
YBL038W	YOR140W	0.961948						0.000000	-5.000000	0.003085
YBR244W	YDR174W	0.961939						0.000000	5.000000	0.003357
YLL040C	YNL103W	0.961927						0.000000	-5.000000	0.004478
YOR347C	YDR463W	0.961924						0.000000	-5.000000	0.003317
YCL031C	YMR016C	0.961914						1.000000	5.000000	0.002953
YKR096W	YHR084W	0.961885						1.000000	5.000000	0.003247
YLR193C	YGL237C	0.961876						0.000000	5.000000	0.003234
YER007C-A	YGR044C	0.961863						0.000000	-5.000000	0.003444
YDL018C	YKL032C	0.961855						0.000000	5.000000	0.002322
YPR133W-A	YBL021C	0.961839						0.000000	-5.000000	0.002833
YPR069C	YJR060W	0.961838						0.000000	5.000000	0.003001
YDL066W	YBL021C	0.961838						0.000000	-5.000000	0.003074
YBR208C	YDL170W	0.961828						0.000000	5.000000	0.003795
YMR148W	YML007W	0.961824						0.000000	5.000000	0.003486
YCR021C	YGL237C	0.961815	0.000000	0.152455	0.165730	0.145939	0.158816	0.000000	5.000000	0.003433
YML007W	YJR060W	0.961815						1.000000	5.000000	0.003163
YCL028W	YBL021C	0.961814						0.000000	-5.000000	0.002756
YMR246W	YDR520C	0.961798						0.000000	5.000000	0.002989
YOL048C	YGL013C	0.961798						0.000000	5.000000	0.002846
YJL190C	YOR162C	0.961791						1.000000	5.000000	0.003310
YIL064W	YNL068C	0.961788						0.000000	5.000000	0.003049
YAR027W	YHR084W	0.961781						1.000000	5.000000	0.002778
YLR204W	YOR140W	0.961772						0.000000	-5.000000	0.003428
YBR149W	YGL013C	0.961770						0.000000	5.000000	0.003428
YOL016C	YGL013C	0.961732						0.000000	5.000000	0.003218
YBR047W	YDR463W	0.961716						0.000000	-5.000000	0.002991
YML030W	YGL237C	0.961709						0.000000	5.000000	0.003070
YHR089C	YNL027W	0.961707						0.000000	-5.000000	0.004031
YBR122C	YGL013C	0.961706						0.000000	5.000000	0.002939
YEL040W	YOL028C	0.961701						0.000000	5.000000	0.002795
YNL117W	YOR028C	0.961701						0.000000	5.000000	0.003283
YKL193C	YKL020C	0.961699						0.000000	5.000000	0.003254
YGR189C	YKL032C	0.961685	0.000000	0.152258	0.165730	0.145826	0.158709	0.000000	5.000000	0.003110
YEL031W	YJR147W	0.961683						0.000000	5.000000	0.003623
YBR173C	YOL108C	0.961679						0.000000	5.000000	0.002670
YGR155W	YMR037C	0.961675						1.000000	-5.000000	0.003098
YDR043C	YHR084W	0.961670						1.000000	5.000000	0.002993
YGR256W	YDR216W	0.961665						0.000000	5.000000	0.002287
YJR016C	YGL209W	0.961662	0.000000	0.152062	0.165730	0.145714	0.158602	0.000000	5.000000	0.003206
YPL265W	YNL103W	0.961658	0.000000	0.151866	0.165730	0.145601	0.158496	0.000000	-5.000000	0.003142
YLR056W	YPL075W	0.961644	0.000000	0.151671	0.165730	0.145489	0.158389	0.000000	5.000000	0.003216
YBR037C	YOR028C	0.961641						0.000000	5.000000	0.003488
YNL305C	YKL020C	0.961634						0.000000	5.000000	0.003207
YPR023C	YIL036W	0.961618						0.000000	5.000000	0.003710
YOR109W	YHR084W	0.961618						1.000000	5.000000	0.003030
YEL071W	YNL216W	0.961591						1.000000	5.000000	0.001430
YKL182W	YDR451C	0.961577						0.000000	5.000000	0.003479
YLR332W	YBR083W	0.961571						1.000000	5.000000	0.003026
YPR184W	YGL013C	0.961556	1.000000	0.152760	0.167135	0.146741	0.159624	0.000000	5.000000	0.003357
YPL090C	YHR124W	0.961552						0.000000	5.000000	0.002761
YFL016C	YDR310C	0.961542	0.000000	0.152564	0.167135	0.146629	0.159517	0.000000	5.000000	0.002845
YKL021C	YGR044C	0.961538						0.000000	-5.000000	0.004528
YJL166W	YGL013C	0.961534						0.000000	5.000000	0.003441
YPL183W-A	YBL021C	0.961516						0.000000	-5.000000	0.002462
YJL143W	YMR021C	0.961511						0.000000	5.000000	0.003588
YKL138C	YOR028C	0.961509						0.000000	5.000000	0.004282
YBR162W-A	YDR421W	0.961498						0.000000	5.000000	0.002843
YJL145W	YOL108C	0.961496						1.000000	5.000000	0.002883
YNL241C	YMR037C	0.961494						1.000000	5.000000	0.003246
YPR165W	YDL170W	0.961478						0.000000	-5.000000	0.003868
YML070W	YPL230W	0.961478						0.000000	5.000000	0.004027
YIL123W	YHR084W	0.961467						1.000000	-5.000000	0.002990
YIL136W	YGL073W	0.961447						0.000000	5.000000	0.003104
YDL055C	YHR084W	0.961443						1.000000	5.000000	0.002904
YDL046W	YDR034C	0.961431						0.000000	5.000000	0.003380
YHR096C	YJL056C	0.961414	0.000000	0.152369	0.167135	0.146516	0.159411	0.000000	5.000000	0.002654
YHR104W	YPL230W	0.961398						0.000000	5.000000	0.002977
YER165W	YGR044C	0.961394						0.000000	-5.000000	0.003083
YLL029W	YGL013C	0.961386						0.000000	5.000000	0.003349
YGR133W	YMR016C	0.961381						1.000000	5.000000	0.002992
YDL128W	YPL230W	0.961376						0.000000	5.000000	0.002731
YGR043C	YKL015W	0.961363						0.000000	5.000000	0.002789
YLL024C	YGL209W	0.961362	0.000000	0.152174	0.167135	0.146404	0.159304	0.000000	5.000000	0.002972
YNL067W	YKL038W	0.961348						0.000000	5.000000	0.003182
YMR120C	YMR037C	0.961311						1.000000	5.000000	0.003331
YGR209C	YMR037C	0.961308						1.000000	5.000000	0.003178
YGR103W	YNL068C	0.961298						0.000000	5.000000	0.002957
YJL080C	YIR018W	0.961288						0.000000	5.000000	0.002816
YFR019W	YLR256W	0.961280						0.000000	-5.000000	0.003175
YLR061W	YPR104C	0.961264						1.000000	5.000000	0.003052
YGR231C	YGL013C	0.961264						0.000000	5.000000	0.003574
YGR214W	YNL216W	0.961259						1.000000	-5.000000	0.003302
YKL006W	YHR006W	0.961251	0.000000	0.151980	0.167135	0.146293	0.159197	0.000000	-5.000000	0.002930
YOR247W	YMR016C	0.961250	0.000000	0.151786	0.167135	0.146181	0.159091	0.000000	-5.000000	0.002412
YPL177C	YMR037C	0.961238						1.000000	5.000000	0.003284
YIL136W	YML007W	0.961234						0.000000	5.000000	0.003021
YKR043C	YLR131C	0.961233						0.000000	-5.000000	0.002670
YML042W	YGL237C	0.961228						0.000000	5.000000	0.002915
YIL064W	YGR044C	0.961217						0.000000	-5.000000	0.003112
YDL192W	YFR034C	0.961204						0.000000	5.000000	0.002644
YBL039C	YNL027W	0.961198						0.000000	-5.000000	0.002979
YML106W	YGR044C	0.961198						0.000000	-5.000000	0.003138
YOR133W	YGL209W	0.961193						0.000000	5.000000	0.003056
YLR287C-A	YHR178W	0.961189	0.000000	0.151592	0.167135	0.146069	0.158985	0.000000	5.000000	0.003137
YER182W	YGL073W	0.961187						0.000000	5.000000	0.003287
YPL049C	YMR016C	0.961182						1.000000	5.000000	0.002734
YIL033C	YGL073W	0.961163	0.000000	0.151399	0.167135	0.145958	0.158879	0.000000	5.000000	0.002517
YKL150W	YOR028C	0.961152						0.000000	5.000000	0.003220
YKL086W	YKL032C	0.961141	0.000000	0.151207	0.167135	0.145847	0.158773	0.000000	5.000000	0.003681
YGL245W	YEL009C	0.961131						0.000000	5.000000	0.002986
YNL322C	YCR084C	0.961122						0.000000	-5.000000	0.003457
YOR232W	YKL038W	0.961119						0.000000	5.000000	0.003107
YOL126C	YPL230W	0.961119						0.000000	5.000000	0.002458
YKR043C	YBR049C	0.961107						0.000000	5.000000	0.002796
YDR214W	YGL013C	0.961105	0.000000	0.151015	0.167135	0.145736	0.158667	0.000000	5.000000	0.002798
YDR098C	YDR451C	0.961097						0.000000	5.000000	0.003094
YDR487C	YDL020C	0.961090						0.000000	5.000000	0.003825
YJL080C	YNL314W	0.961082						0.000000	5.000000	0.003183
YCL033C	YOR028C	0.961065						0.000000	5.000000	0.003416
YGL120C	YNL027W	0.961062						0.000000	-5.000000	0.002997
YBR187W	YLR131C	0.961059						0.000000	-5.000000	0.003478
YJL042W	YMR016C	0.961046						1.000000	5.000000	0.002504
YBR011C	YEL009C	0.961042						0.000000	5.000000	0.002844
YLR109W	YDR207C	0.961042	0.000000	0.150824	0.167135	0.145625	0.158561	0.000000	5.000000	0.003190
YLR003C	YDL106C	0.961038	0.000000	0.150633	0.167135	0.145515	0.158455	0.000000	5.000000	0.003014
YOR185C	YGL013C	0.961037						0.000000	5.000000	0.002965
YBL045C	YPL133C	0.961029						0.000000	5.000000	0.002810
YBR078W	YDL056W	0.961027						0.000000	5.000000	0.002926
YDL067C	YOR028C	0.961024						0.000000	5.000000	0.002626
YDR513W	YGL013C	0.961021						0.000000	5.000000	0.003075
YIR004W	YHR084W	0.961019						1.000000	5.000000	0.002984
YJR059W	YKL020C	0.961005						0.000000	5.000000	0.002902
YBR143C	YKL038W	0.960995						0.000000	5.000000	0.003162
YDR511W	YOL108C	0.960995						0.000000	5.000000	0.002914
YKL141W	YOR140W	0.960985						0.000000	-5.000000	0.002846
YLL023C	YOR140W	0.960971						0.000000	-5.000000	0.002835
YER069W	YDL048C	0.960968						0.000000	5.000000	0.002960
YMR194C-B	YKL020C	0.960953						0.000000	5.000000	0.002866
YJR094W-A	YDL106C	0.960924	0.000000	0.150442	0.167135	0.145405	0.158350	0.000000	5.000000	0.002993
YLR172C	YGR044C	0.960922						0.000000	-5.000000	0.003330
YLR390W	YGL237C	0.960916						0.000000	5.000000	0.002991
YBR145W	YDR259C	0.960915						0.000000	5.000000	0.002856
YDL201W	YDL106C	0.960913						0.000000	5.000000	0.003519
YDR202C	YPL230W	0.960912						0.000000	5.000000	0.002995
YDR007W	YKL032C	0.960908						0.000000	5.000000	0.002978
YGR204W	YOL089C	0.960907						0.000000	5.000000	0.002829
YGR207C	YDR174W	0.960902						0.000000	5.000000	0.002535
YOR294W	YNL027W	0.960896						0.000000	-5.000000	0.002742
YLR204W	YOL108C	0.960880						0.000000	5.000000	0.003830
YKR076W	YML007W	0.960875						0.000000	5.000000	0.003272
YHR009C	YDR253C	0.960854						1.000000	5.000000	0.002904
YAL008W	YJL056C	0.960850						0.000000	5.000000	0.002913
YCL064C	YDR207C	0.960840	0.000000	0.150253	0.167135	0.145295	0.158245	0.000000	5.000000	0.001737
YKL216W	YGL209W	0.960833						0.000000	5.000000	0.002904
YBR084C-A	YPR104C	0.960821	0.000000	0.150063	0.167135	0.145185	0.158140	0.000000	5.000000	0.002811
YDR479C	YPL230W	0.960821						0.000000	5.000000	0.002734
YPL098C	YGL237C	0.960810						0.000000	5.000000	0.002645
YKL167C	YGL013C	0.960798	0.000000	0.149874	0.167135	0.145075	0.158035	0.000000	5.000000	0.003068
YGL157W	YHL027W	0.960778						0.000000	-5.000000	0.002292
YDL004W	YGL013C	0.960773	0.000000	0.149686	0.167135	0.144966	0.157930	0.000000	5.000000	0.002958
YHL021C	YLR451W	0.960770						0.000000	-5.000000	0.003844
YHR010W	YBR240C	0.960764	0.000000	0.149497	0.167135	0.144856	0.157825	0.000000	5.000000	0.002790
YDL229W	YDR253C	0.960763						0.000000	-5.000000	0.003431
YGR233C	YML007W	0.960761						1.000000	5.000000	0.003108
YDR457W	YNL103W	0.960742						0.000000	-5.000000	0.003337
YDR063W	YGL013C	0.960737						0.000000	5.000000	0.003268
YPR065W	YPL230W	0.960734						0.000000	5.000000	0.002659
YNL044W	YIR017C	0.960720						0.000000	5.000000	0.003126
YJL044C	YNL068C	0.960714						1.000000	5.000000	0.002866
YGR240C	YKL043W	0.960713						0.000000	5.000000	0.002666
YJR034W	YOL067C	0.960703						0.000000	5.000000	0.003958
YJL173C	YDL056W	0.960702						0.000000	5.000000	0.002826
YPR149W	YKL015W	0.960696						0.000000	5.000000	0.003618
YLR204W	YGL237C	0.960688						0.000000	5.000000	0.002987
YCR004C	YKL020C	0.960688						0.000000	5.000000	0.003275
YOL038W	YNL103W	0.960665						0.000000	-5.000000	0.002864
YPL189C-A	YPL230W	0.960661						0.000000	5.000000	0.003104
YCL033C	YOL108C	0.960650						0.000000	5.000000	0.002704
YML004C	YOL108C	0.960643						0.000000	5.000000	0.002896
YKL195W	YML007W	0.960636						0.000000	5.000000	0.002585
YOR042W	YOR140W	0.960633						0.000000	-5.000000	0.002730
YOR150W	YGL013C	0.960626						0.000000	5.000000	0.002953
YDR031W	YML007W	0.960620						0.000000	5.000000	0.003720
YJR059W	YPL230W	0.960619						0.000000	5.000000	0.003078
YER025W	YBR239C	0.960616						0.000000	-5.000000	0.002682
YOR045W	YGL237C	0.960601						0.000000	5.000000	0.002864
YMR058W	YHR178W	0.960596	0.000000	0.149310	0.167135	0.144747	0.157720	0.000000	5.000000	0.002011
YLR258W	YKL020C	0.960562						0.000000	5.000000	0.002644
YML129C	YOR028C	0.960516						0.000000	5.000000	0.002281
YKL109W	YHR084W	0.960512						1.000000	5.000000	0.002458
YOR036W	YDR207C	0.960501						0.000000	5.000000	0.002244
YAL034C	YKL020C	0.960499						0.000000	5.000000	0.002557
YHR139C	YBR083W	0.960475	0.000000	0.149123	0.167135	0.144638	0.157616	0.000000	-5.000000	0.002886
YDR530C	YNL103W	0.960457						0.000000	-5.000000	0.003027
YOL126C	YKL020C	0.960451						0.000000	5.000000	0.002669
YKR065C	YOR140W	0.960445						0.000000	-5.000000	0.003164
YPL003W	YPL230W	0.960440						0.000000	5.000000	0.002547
YHR113W	YNL103W	0.960429						0.000000	-5.000000	0.002438
YER182W	YGL237C	0.960428						0.000000	5.000000	0.003267
YLR325C	YHR124W	0.960426						0.000000	5.000000	0.003143
YHL021C	YKL020C	0.960425						0.000000	5.000000	0.002803
YBR173C	YNL103W	0.960421						0.000000	-5.000000	0.002572
YKL032C	YBR083W	0.960419						1.000000	5.000000	0.004192
YIR036C	YOR028C	0.960418						0.000000	5.000000	0.002889
YKL185W	YNL103W	0.960404	0.000000	0.148936	0.167135	0.144530	0.157512	0.000000	-5.000000	0.002767
YEL038W	YDR207C	0.960402						0.000000	5.000000	0.002565
YNL248C	YDL106C	0.960397						0.000000	5.000000	0.002877
YFL028C	YMR021C	0.960395						0.000000	5.000000	0.003055
YOL012C	YCR065W	0.960388						0.000000	5.000000	0.003050
YOR133W	YKR099W	0.960385						0.000000	5.000000	0.002718
YLL029W	YKL020C	0.960363						0.000000	5.000000	0.002743
YML028W	YDR207C	0.960363	0.000000	0.148750	0.167135	0.144421	0.157407	0.000000	5.000000	0.003047
YKL148C	YPL133C	0.960354						0.000000	5.000000	0.002938
YDR451C	YCR065W	0.960346						0.000000	5.000000	0.003045
YAR002C-A	YIR017C	0.960345						0.000000	5.000000	0.002868
YER103W	YGL209W	0.960329	0.000000	0.148564	0.167135	0.144313	0.157303	0.000000	5.000000	0.002849
YBR154C	YDL106C	0.960328						0.000000	5.000000	0.002768
YOR310C	YDR146C	0.960326						0.000000	-5.000000	0.002869
YDR512C	YOL108C	0.960317						0.000000	5.000000	0.002745
YJL210W	YMR037C	0.960315						1.000000	-5.000000	0.002320
YNL077W	YMR016C	0.960310						0.000000	5.000000	0.002887
YDR165W	YDL106C	0.960309						0.000000	5.000000	0.002782
YMR058W	YMR172W	0.960302						0.000000	-5.000000	0.002578
YLR270W	YPL230W	0.960299						0.000000	5.000000	0.002982
YKL067W	YDR207C	0.960296						0.000000	5.000000	0.002652
YLR038C	YOL108C	0.960282	0.000000	0.148379	0.167135	0.144205	0.157199	0.000000	5.000000	0.002994
YJR058C	YKL032C	0.960277						0.000000	5.000000	0.002727
YML129C	YOL067C	0.960270						0.000000	5.000000	0.001902
YPR041W	YPR104C	0.960265						0.000000	5.000000	0.002798
YGR254W	YER088C	0.960240						0.000000	5.000000	0.003007
YBL050W	YGL013C	0.960240						0.000000	5.000000	0.002543
YPL078C	YPL133C	0.960226						0.000000	5.000000	0.002648
YJL020C	YNL103W	0.960220						0.000000	-5.000000	0.002694
YDL192W	YPL075W	0.960217						0.000000	5.000000	0.002644
YGL055W	YHR084W	0.960206						1.000000	-5.000000	0.002723
YER067W	YKL020C	0.960204						0.000000	5.000000	0.002873
YOL052C	YJR060W	0.960203						1.000000	5.000000	0.002729
YMR296C	YMR037C	0.960186						1.000000	5.000000	0.003007
YML064C	YML007W	0.960164						1.000000	5.000000	0.002834
YJL174W	YHL027W	0.960158						0.000000	-5.000000	0.003175
YOL083W	YOR028C	0.960151						0.000000	5.000000	0.003460
YGL135W	YDL048C	0.960146						0.000000	5.000000	0.002866
YNL322C	YGL237C	0.960134						0.000000	5.000000	0.002853
YMR215W	YMR164C	0.960133						0.000000	-5.000000	0.002532
YER011W	YPL133C	0.960132						0.000000	-5.000000	0.004313
YJL185C	YPL230W	0.960131						0.000000	5.000000	0.002368
YHR198C	YGL013C	0.960125						0.000000	5.000000	0.002785
YNR009W	YML027W	0.960092	0.000000	0.148194	0.167135	0.144097	0.157096	0.000000	5.000000	0.002885
YDR518W	YMR019W	0.960080						0.000000	5.000000	0.002903
YNL209W	YPR104C	0.960080						0.000000	5.000000	0.002661
YGR155W	YOL108C	0.960062						1.000000	5.000000	0.002832
YOL158C	YBR066C	0.960060						0.000000	5.000000	0.002713
YIL041W	YNL103W	0.960047						0.000000	-5.000000	0.003136
YMR291W	YMR016C	0.960034	0.000000	0.148010	0.167135	0.143989	0.156992	0.000000	5.000000	0.002898
YMR189W	YBR083W	0.960027	0.000000	0.147826	0.167135	0.143881	0.156889	0.000000	5.000000	0.002522
YDR127W	YBR083W	0.960015						0.000000	5.000000	0.002877
YLR110C	YMR164C	0.960011						0.000000	-5.000000	0.002595
YBR145W	YBR083W	0.960007	0.000000	0.147643	0.167135	0.143774	0.156785	0.000000	5.000000	0.002831
YNR018W	YBL021C	0.960006						0.000000	-5.000000	0.002822
YKR025W	YNL027W	0.959995						0.000000	-5.000000	0.002587
YKL148C	YJL056C	0.959989						0.000000	5.000000	0.002734
YNL156C	YKL020C	0.959988						0.000000	5.000000	0.002723
YHR039C-A	YGL096W	0.959987						0.000000	5.000000	0.002727
YOR193W	YBR083W	0.959983						1.000000	5.000000	0.003198
YIL018W	YMR280C	0.959978						0.000000	-5.000000	0.002610
YKL217W	YCR084C	0.959977						0.000000	-5.000000	0.002720
YLR197W	YNL027W	0.959968						0.000000	-5.000000	0.002485
YGR255C	YNL068C	0.959967						1.000000	5.000000	0.002679
YMR003W	YML027W	0.959964						0.000000	5.000000	0.002695
YFR052W	YBL021C	0.959955						0.000000	-5.000000	0.002669
YHR143W	YJR127C	0.959953						0.000000	5.000000	0.002319
YER144C	YNL216W	0.959946						1.000000	5.000000	0.002813
YLR172C	YDL106C	0.959944						0.000000	5.000000	0.002577
YBR183W	YGL013C	0.959944	0.000000	0.147460	0.167135	0.143667	0.156682	0.000000	5.000000	0.002804
YKL187C	YIL036W	0.959934						0.000000	5.000000	0.002690
YLR075W	YOL028C	0.959931						0.000000	5.000000	0.002919
YML056C	YGR044C	0.959931						0.000000	-5.000000	0.002660
YOR065W	YOL067C	0.959930						0.000000	-5.000000	0.002481
YEL040W	YHR178W	0.959929	0.000000	0.147277	0.167135	0.143560	0.156579	0.000000	5.000000	0.002810
YKR013W	YHR206W	0.959921						1.000000	5.000000	0.003008
YDR512C	YJR060W	0.959920						1.000000	5.000000	0.002674
YOR101W	YNL027W	0.959914						1.000000	-5.000000	0.002861
YNL098C	YPL230W	0.959909						0.000000	5.000000	0.002585
YPL134C	YOR028C	0.959886						0.000000	5.000000	0.002918
YBL005W	YHR084W	0.959859						1.000000	5.000000	0.003137
YBR121C	YKL038W	0.959858	0.000000	0.147095	0.167135	0.143453	0.156476	0.000000	5.000000	0.002872
YNL067W	YGR044C	0.959855						0.000000	5.000000	0.002672
YHL011C	YPR104C	0.959854						0.000000	5.000000	0.002757
YDL229W	YPR104C	0.959848						0.000000	5.000000	0.002981
YJL205C	YGL237C	0.959846						0.000000	5.000000	0.002609
YDR494W	YGL237C	0.959839						0.000000	5.000000	0.002842
YDR497C	YER169W	0.959820						0.000000	-5.000000	0.002693
YDR508C	YDR253C	0.959814						1.000000	5.000000	0.003255
YHR209W	YBL103C	0.959812						0.000000	5.000000	0.002537
YPL249C-A	YIL131C	0.959812	0.000000	0.146914	0.167135	0.143346	0.156373	0.000000	5.000000	0.002708
YLL009C	YJL056C	0.959809						0.000000	5.000000	0.002701
YMR217W	YOR363C	0.959795						0.000000	5.000000	0.002805
YNL302C	YPR104C	0.959789	0.000000	0.146732	0.167135	0.143240	0.156271	0.000000	5.000000	0.002458
YOR228C	YOR028C	0.959777						0.000000	5.000000	0.002331
YOR089C	YGL013C	0.959777						0.000000	5.000000	0.002468
YPR198W	YKL062W	0.959772						1.000000	5.000000	0.002817
YCR069W	YCR065W	0.959771						0.000000	5.000000	0.002720
YER124C	YPL230W	0.959770						0.000000	5.000000	0.002764
YEL026W	YIL101C	0.959769						0.000000	-5.000000	0.002682
YHR136C	YDR253C	0.959761						1.000000	5.000000	0.002768
YGL054C	YGL209W	0.959758						0.000000	5.000000	0.002774
YDR175C	YGL237C	0.959753						0.000000	5.000000	0.003122
YLR104W	YDR207C	0.959753	0.000000	0.146552	0.167135	0.143133	0.156168	0.000000	5.000000	0.002932
YLL009C	YPL133C	0.959747						0.000000	5.000000	0.002997
YEL009C	YBL021C	0.959745						0.000000	-5.000000	0.002612
YPL131W	YHR006W	0.959744						0.000000	-5.000000	0.002582
YLR003C	YNL027W	0.959727	0.000000	0.146371	0.167135	0.143027	0.156066	0.000000	-5.000000	0.002626
YCR004C	YGL013C	0.959720						0.000000	5.000000	0.002587
YGR256W	YJL056C	0.959718						0.000000	5.000000	0.003185
YFR014C	YGL013C	0.959701						0.000000	5.000000	0.002560
YBL045C	YJL056C	0.959684	0.000000	0.146192	0.167135	0.142921	0.155963	0.000000	5.000000	0.002680
YPL232W	YNL103W	0.959675						0.000000	-5.000000	0.002908
YMR238W	YKL032C	0.959663						0.000000	5.000000	0.002898
YDR156W	YDL106C	0.959646						0.000000	5.000000	0.003048
YLL018C	YLR176C	0.959633						0.000000	-5.000000	0.002797
YKL125W	YMR016C	0.959600						1.000000	5.000000	0.002676
YLR056W	YHR178W	0.959595	0.000000	0.146012	0.167135	0.142816	0.155861	0.000000	5.000000	0.002997
YDR086C	YEL009C	0.959572						0.000000	5.000000	0.002643
YNL283C	YCR065W	0.959569						0.000000	5.000000	0.002688
YJR009C	YJR060W	0.959558						1.000000	5.000000	0.002573
YMR089C	YJL056C	0.959557						0.000000	5.000000	0.002417
YKL051W	YIL131C	0.959555						1.000000	5.000000	0.002384
YDR382W	YNL314W	0.959551	0.000000	0.145833	0.167135	0.142710	0.155759	0.000000	5.000000	0.002705
YMR049C	YDL106C	0.959550						0.000000	5.000000	0.002728
YER011W	YBR066C	0.959549						0.000000	5.000000	0.002806
YMR071C	YNL103W	0.959548						0.000000	-5.000000	0.002095
YNR036C	YOR028C	0.959545						0.000000	5.000000	0.001941
YJL151C	YNL103W	0.959529						0.000000	-5.000000	0.003420
YMR217W	YDR423C	0.959522						0.000000	-5.000000	0.002475
YHR121W	YIL036W	0.959506						0.000000	5.000000	0.002385
YDL168W	YHR084W	0.959504						1.000000	5.000000	0.002390
YHR163W	YPL075W	0.959495						0.000000	5.000000	0.002735
YMR058W	YFR034C	0.959491	0.000000	0.145655	0.167135	0.142605	0.155657	0.000000	5.000000	0.002849
YMR290C	YHR178W	0.959480						1.000000	5.000000	0.002660
YAR035W	YOR028C	0.959479						0.000000	5.000000	0.002676
YOR367W	YNL103W	0.959468	0.000000	0.145477	0.167135	0.142500	0.155556	0.000000	-5.000000	0.002320
YOR089C	YDR174W	0.959465						0.000000	5.000000	0.001992
YDL204W	YHR084W	0.959456						0.000000	5.000000	0.002798
YNL118C	YHR084W	0.959450						1.000000	5.000000	0.002592
YJL217W	YKR034W	0.959442						0.000000	5.000000	0.002775
YLL001W	YJR060W	0.959441						1.000000	5.000000	0.002059
YMR195W	YJR060W	0.959430						1.000000	-5.000000	0.002808
YLR413W	YPL038W	0.959426						0.000000	-5.000000	0.002193
Q0130	YGL237C	0.959423						0.000000	5.000000	0.003077
YGL012W	YEL009C	0.959422						0.000000	-5.000000	0.003079
YBL064C	YPL230W	0.959419						0.000000	5.000000	0.002835
YDR016C	YML027W	0.959417						0.000000	5.000000	0.002698
YDR517W	YDR421W	0.959410						0.000000	5.000000	0.002925
YAL062W	YHR084W	0.959408						0.000000	5.000000	0.002850
YDL045W-A	YHR084W	0.959397						1.000000	5.000000	0.002748
YOR158W	YGL237C	0.959397						0.000000	5.000000	0.002700
YIL076W	YMR037C	0.959369						0.000000	5.000000	0.002488
YAL061W	YPL230W	0.959367						0.000000	5.000000	0.002871
YIL133C	YHR124W	0.959360						0.000000	5.000000	0.002762
YML073C	YNL027W	0.959359						0.000000	-5.000000	0.002858
YDL020C	YMR016C	0.959356						0.000000	5.000000	0.002620
YLR388W	YIL101C	0.959353	0.000000	0.145299	0.167135	0.142395	0.155454	0.000000	-5.000000	0.003010
YJR135W-A	YNL216W	0.959348						1.000000	5.000000	0.002760
YDR496C	YHR006W	0.959341						0.000000	-5.000000	0.002753
YDL201W	YNL027W	0.959335						0.000000	-5.000000	0.002850
YJR016C	YDL048C	0.959322						0.000000	5.000000	0.002696
YKL192C	YBL021C	0.959322						0.000000	-5.000000	0.003962
YMR225C	YCR084C	0.959316						0.000000	-5.000000	0.002760
YBL102W	YNL103W	0.959313	0.000000	0.145122	0.167135	0.142290	0.155352	0.000000	-5.000000	0.002660
YNR009W	YCR065W	0.959312						0.000000	5.000000	0.002708
YJR048W	YGL073W	0.959298						1.000000	5.000000	0.002825
YML075C	YHR084W	0.959297						1.000000	5.000000	0.002780
YMR174C	YAL051W	0.959289						0.000000	5.000000	0.002666
YLR250W	YNL103W	0.959283						0.000000	-5.000000	0.002970
YPL081W	YPR104C	0.959278	0.000000	0.144945	0.167135	0.142185	0.155251	0.000000	5.000000	0.002529
YMR230W	YBR240C	0.959251	0.000000	0.144769	0.167135	0.142081	0.155150	0.000000	5.000000	0.002969
YPR166C	YGL237C	0.959248						0.000000	5.000000	0.002538
YPL220W	YKL038W	0.959246	0.000000	0.144593	0.167135	0.141977	0.155049	0.000000	5.000000	0.003371
YDR496C	YPL089C	0.959230						0.000000	-5.000000	0.002291
YPR065W	YPR104C	0.959212						1.000000	5.000000	0.002860
YOR234C	YNL216W	0.959206						1.000000	-5.000000	0.002455
YNL173C	YGL013C	0.959179						0.000000	5.000000	0.002581
YDR031W	YJL056C	0.959179						0.000000	5.000000	0.002865
YHR147C	YJL056C	0.959178						0.000000	5.000000	0.002631
YGR174C	YOL067C	0.959174						0.000000	5.000000	0.001717
YPR156C	YHR084W	0.959173						1.000000	5.000000	0.002772
YOL143C	YNL103W	0.959170						0.000000	-5.000000	0.002250
YDR013W	YML007W	0.959169						1.000000	5.000000	0.002491
YER065C	YML007W	0.959168						0.000000	5.000000	0.002483
YER110C	YPR104C	0.959159						0.000000	5.000000	0.002690
YLR073C	YHR124W	0.959156						0.000000	5.000000	0.002826
YPL098C	YIL036W	0.959152						0.000000	5.000000	0.002718
YDR304C	YDR207C	0.959146						0.000000	5.000000	0.002609
YPR100W	YOL067C	0.959130						0.000000	5.000000	0.001892
YDR055W	YKL032C	0.959125	0.000000	0.144417	0.167135	0.141873	0.154948	0.000000	5.000000	0.002048
YER073W	YDR034C	0.959105						0.000000	5.000000	0.003079
YOR262W	YMR037C	0.959105						1.000000	-5.000000	0.002591
YKL104C	YHL027W	0.959082						0.000000	-5.000000	0.002757
YBR173C	YOR140W	0.959068						0.000000	-5.000000	0.002276
YDR381W	YGL013C	0.959064						0.000000	5.000000	0.002541
YOL121C	YBR239C	0.959062						0.000000	-5.000000	0.002517
YER087C-B	YIR017C	0.959017						0.000000	5.000000	0.002859
YOR222W	YGL209W	0.959004	0.000000	0.144242	0.167135	0.141769	0.154847	0.000000	5.000000	0.002605
YLR196W	YDL106C	0.959003						0.000000	5.000000	0.002443
YBL045C	YOL067C	0.958996	0.000000	0.144068	0.167135	0.141665	0.154746	0.000000	5.000000	0.002521
YNL081C	YIL036W	0.958993						0.000000	5.000000	0.002644
YGR243W	YML007W	0.958993						0.000000	-5.000000	0.002588
YML059C	YMR043W	0.958986						1.000000	5.000000	0.002613
YIL043C	YEL009C	0.958982						0.000000	5.000000	0.002880
YBR208C	YDR259C	0.958980						0.000000	5.000000	0.002491
YOR096W	YNL027W	0.958957						0.000000	-5.000000	0.002476
YKL172W	YDL106C	0.958951						0.000000	5.000000	0.002571
YOR294W	YDL106C	0.958945						0.000000	5.000000	0.002689
YNR050C	YGL209W	0.958944						0.000000	5.000000	0.002529
YER110C	YDL106C	0.958941						0.000000	5.000000	0.002157
YDR379C-A	YNL103W	0.958938						0.000000	-5.000000	0.003195
YJL189W	YIL131C	0.958935						1.000000	5.000000	0.002200
YML075C	YMR016C	0.958931						1.000000	5.000000	0.002600
YBL038W	YOR028C	0.958918						0.000000	5.000000	0.002573
YER119C	YKL032C	0.958913						0.000000	5.000000	0.002317
YMR135C	YGL237C	0.958908	0.000000	0.143894	0.167135	0.141561	0.154646	0.000000	5.000000	0.003284
YMR238W	YIR017C	0.958905						0.000000	5.000000	0.002964
YLR370C	YKL032C	0.958904						0.000000	5.000000	0.002930
YDL137W	YNL103W	0.958894						0.000000	-5.000000	0.002763
YGR174C	YML007W	0.958873						0.000000	5.000000	0.002250
YHR215W	YDR043C	0.958855	0.000000	0.143720	0.167135	0.141458	0.154545	0.000000	5.000000	0.002819
YOR209C	YGL209W	0.958832						0.000000	5.000000	0.002491
YDR494W	YIL036W	0.958827						0.000000	5.000000	0.002201
YKL143W	YML007W	0.958823						1.000000	5.000000	0.003207
YMR108W	YER169W	0.958821						0.000000	-5.000000	0.003078
YJR074W	YDL020C	0.958814						0.000000	5.000000	0.002670
YKR067W	YOR028C	0.958797						0.000000	5.000000	0.002471
YLR065C	YNL314W	0.958794						0.000000	5.000000	0.002631
YPR158W	YGL209W	0.958791						0.000000	5.000000	0.003141
YJL014W	YKL112W	0.958783						0.000000	5.000000	0.002328
YMR062C	YKL032C	0.958772	0.000000	0.143546	0.167135	0.141355	0.154445	0.000000	5.000000	0.002467
YOL082W	YGL073W	0.958770						1.000000	5.000000	0.003379
YHR009C	YGL013C	0.958760						0.000000	5.000000	0.002547
YNL045W	YOR140W	0.958756						0.000000	-5.000000	0.002565
YNL173C	YOR028C	0.958745						0.000000	5.000000	0.002839
YER182W	YML007W	0.958735						0.000000	5.000000	0.002537
YNR036C	YGL013C	0.958732						0.000000	5.000000	0.002258
YPR110C	YBL005W	0.958719						0.000000	5.000000	0.002553
YGR191W	YHR084W	0.958718						1.000000	5.000000	0.002312
YMR220W	YDR034C	0.958711						0.000000	5.000000	0.002738
YJR064W	YDR253C	0.958706						0.000000	-5.000000	0.002931
YML024W	YMR280C	0.958703						0.000000	-5.000000	0.002563
YOR310C	YNL027W	0.958702						0.000000	-5.000000	0.002737
YER004W	YOL108C	0.958701						0.000000	5.000000	0.002407
YBR154C	YPL089C	0.958691						0.000000	-5.000000	0.002201
YPR067W	YOR140W	0.958675						0.000000	-5.000000	0.002846
YOL083W	YKL015W	0.958642						0.000000	5.000000	0.002585
YKL053C-A	YGL013C	0.958638						0.000000	5.000000	0.002669
YPL246C	YKL038W	0.958633						0.000000	5.000000	0.002402
YPL170W	YDR207C	0.958629						0.000000	5.000000	0.002663
YMR145C	YPL133C	0.958616						0.000000	5.000000	0.002634
YEL020W-A	YIL036W	0.958602						0.000000	5.000000	0.002261
YMR263W	YDR123C	0.958595						1.000000	5.000000	0.002708
YOR128C	YKR099W	0.958583	1.000000	0.144578	0.168539	0.142573	0.155642	0.000000	5.000000	0.002358
YKL193C	YCR084C	0.958556						0.000000	-5.000000	0.002151
YEL054C	YNL027W	0.958550						0.000000	-5.000000	0.002239
YGL019W	YOL089C	0.958526						0.000000	-5.000000	0.002374
YOR273C	YPL230W	0.958518						0.000000	5.000000	0.002389
YER083C	YNL103W	0.958513						0.000000	-5.000000	0.001894
YPL127C	YML027W	0.958507						0.000000	5.000000	0.002495
YLL027W	YEL009C	0.958503						1.000000	5.000000	0.002665
YPL151C	YHR084W	0.958502						1.000000	5.000000	0.002473
YDL064W	YJL089W	0.958494						0.000000	5.000000	0.002680
YHR143W-A	YGL209W	0.958492						0.000000	5.000000	0.002770
YDL051W	YDR146C	0.958490						0.000000	-5.000000	0.002708
YGR194C	YOR140W	0.958486						0.000000	-5.000000	0.002454
YHR198C	YGL237C	0.958481						0.000000	5.000000	0.002529
YJR048W	YHR084W	0.958469						1.000000	-5.000000	0.002410
YDR087C	YPR104C	0.958451						0.000000	5.000000	0.002556
YKL218C	YDR207C	0.958435						0.000000	5.000000	0.002433
YLR150W	YHR084W	0.958434						1.000000	-5.000000	0.002490
YMR222C	YHR084W	0.958422						1.000000	5.000000	0.002397
YKR014C	YPR008W	0.958421						0.000000	5.000000	0.002443
YAL061W	YOL108C	0.958415	0.000000	0.144404	0.168539	0.142470	0.155541	0.000000	5.000000	0.002775
YBR234C	YKL032C	0.958414						0.000000	5.000000	0.002651
YHR096C	YCR084C	0.958400						0.000000	-5.000000	0.002336
YGL037C	YPL230W	0.958399						0.000000	5.000000	0.002502
YKR046C	YOR140W	0.958398						0.000000	-5.000000	0.002503
YBR191W	YMR280C	0.958394						0.000000	-5.000000	0.002821
YHR001W-A	YJR060W	0.958384						1.000000	5.000000	0.002599
YFR014C	YML007W	0.958380						0.000000	5.000000	0.002638
YML130C	YGL209W	0.958367	0.000000	0.144231	0.168539	0.142366	0.155440	0.000000	5.000000	0.002473
YFL010W-A	YMR021C	0.958363						0.000000	5.000000	0.002397
YML028W	YIR017C	0.958354	0.000000	0.144058	0.168539	0.142263	0.155340	0.000000	5.000000	0.002255
YPL222W	YPL230W	0.958343						0.000000	5.000000	0.002982
YOR230W	YIR023W	0.958337	0.000000	0.143885	0.168539	0.142160	0.155239	0.000000	5.000000	0.002806
YJL205C	YOL067C	0.958328						0.000000	5.000000	0.003083
YPL232W	YGL013C	0.958323						0.000000	5.000000	0.002551
YKL003C	YGL073W	0.958317						0.000000	5.000000	0.002482
YOR023C	YPL230W	0.958296						0.000000	5.000000	0.002617
YDL014W	YIL101C	0.958285						0.000000	-5.000000	0.002321
YDR276C	YBL021C	0.958284						0.000000	-5.000000	0.002172
YLR197W	YOR363C	0.958276						0.000000	5.000000	0.002590
YDL014W	YDR423C	0.958275						0.000000	-5.000000	0.002159
YMR170C	YIR023W	0.958271						0.000000	5.000000	0.002530
YDR530C	YOR028C	0.958270						0.000000	5.000000	0.002391
YJL100W	YML007W	0.958258						1.000000	5.000000	0.002516
YHR072W-A	YBR239C	0.958241						0.000000	-5.000000	0.002325
YDL238C	YDR207C	0.958230						0.000000	5.000000	0.002304
YPL196W	YML007W	0.958202						0.000000	5.000000	0.002364
YOR038C	YNL068C	0.958196						1.000000	5.000000	0.002397
YMR205C	YIL119C	0.958191						0.000000	5.000000	0.002430
YLR449W	YPL089C	0.958167	0.000000	0.143713	0.168539	0.142057	0.155139	0.000000	-5.000000	0.002257
YOR221C	YNL103W	0.958153						0.000000	-5.000000	0.002479
YOR051C	YML007W	0.958151						1.000000	5.000000	0.002186
YPR187W	YPR104C	0.958147						0.000000	5.000000	0.002435
YDR451C	YKL185W	0.958146						0.000000	-5.000000	0.002272
YGR167W	YDR174W	0.958133						0.000000	5.000000	0.002406
YNL173C	YML007W	0.958125						0.000000	5.000000	0.002592
YMR314W	YGL096W	0.958124						0.000000	5.000000	0.002706
YOR078W	YKL112W	0.958120						1.000000	5.000000	0.002402
YDR497C	YKR099W	0.958119	0.000000	0.143541	0.168539	0.141954	0.155039	0.000000	5.000000	0.002409
YNL087W	YML007W	0.958115						1.000000	5.000000	0.002296
YLR370C	YDR174W	0.958110						0.000000	5.000000	0.003317
YAL061W	YOR140W	0.958105						0.000000	-5.000000	0.002217
YHR028C	YKL032C	0.958104						0.000000	5.000000	0.002469
YGL191W	YOL108C	0.958100						0.000000	5.000000	0.002323
YLL027W	YKL020C	0.958095						0.000000	5.000000	0.002584
YHR001W	YGL073W	0.958084						0.000000	5.000000	0.002332
YMR143W	YNL314W	0.958079						0.000000	5.000000	0.002017
YJL151C	YDR207C	0.958078						0.000000	5.000000	0.002448
YNL112W	YDL106C	0.958073						0.000000	5.000000	0.002221
YGR286C	YMR016C	0.958062						1.000000	5.000000	0.002340
YER019W	YJR127C	0.958058						0.000000	5.000000	0.002541
YCL008C	YMR037C	0.958054						1.000000	5.000000	0.002313
YEL027W	YHL027W	0.958044						0.000000	-5.000000	0.002428
YKL160W	YGL096W	0.958042						0.000000	5.000000	0.002179
YER117W	YDR146C	0.958041	0.000000	0.143369	0.168539	0.141852	0.154939	0.000000	5.000000	0.002346
YOL081W	YOR028C	0.958032						1.000000	5.000000	0.002909
YLR293C	YGR044C	0.958015						0.000000	-5.000000	0.002897
YBR025C	YMR042W	0.958011						0.000000	-5.000000	0.003047
YER163C	YMR037C	0.957995						1.000000	5.000000	0.003025
YDR079W	YGL237C	0.957993						0.000000	5.000000	0.001957
YJR125C	YNL103W	0.957982						0.000000	-5.000000	0.002608
YBR127C	YDR174W	0.957979						0.000000	5.000000	0.001992
YIR036C	YOR140W	0.957966						0.000000	-5.000000	0.002601
YLR203C	YOR140W	0.957956						0.000000	-5.000000	0.002595
YKL010C	YGL073W	0.957946						1.000000	5.000000	0.002346
YOL086C	YJR060W	0.957919	0.000000	0.143198	0.168539	0.141749	0.154839	0.000000	5.000000	0.002311
YHR008C	YOL108C	0.957916	0.000000	0.143027	0.168539	0.141647	0.154739	0.000000	5.000000	0.002574
YPR025C	YPL230W	0.957913						0.000000	5.000000	0.002335
YER131W	YDR423C	0.957909	0.000000	0.142857	0.168539	0.141545	0.154639	0.000000	-5.000000	0.002648
YLR093C	YOL108C	0.957908						0.000000	5.000000	0.002397
YLR172C	YPR104C	0.957905						0.000000	5.000000	0.002080
YKL013C	YDR207C	0.957902						0.000000	5.000000	0.002672
YDR494W	YGL013C	0.957891						0.000000	5.000000	0.002458
YCR024C-A	YGR249W	0.957889						0.000000	-5.000000	0.002295
YFR032C-A	YDR423C	0.957886						0.000000	5.000000	0.002366
YBR177C	YKL032C	0.957881						0.000000	5.000000	0.002502
YHR072W-A	YMR042W	0.957872						0.000000	-5.000000	0.002343
YDL014W	YOR363C	0.957858						0.000000	5.000000	0.002301
YIL133C	YHR006W	0.957853	0.000000	0.142687	0.168539	0.141443	0.154540	0.000000	-5.000000	0.002475
YDR510W	YKL043W	0.957846						0.000000	5.000000	0.002483
YHR063C	YDR034C	0.957838						0.000000	5.000000	0.002886
YFR047C	YOR140W	0.957827						0.000000	-5.000000	0.002504
YJL101C	YML007W	0.957809						1.000000	5.000000	0.001578
YNR035C	YNL103W	0.957806						0.000000	-5.000000	0.002259
YLR406C	YKL015W	0.957799	0.000000	0.142518	0.168539	0.141341	0.154440	0.000000	-5.000000	0.002336
YIL155C	YGL237C	0.957795						0.000000	5.000000	0.002289
YML048W	YKR034W	0.957783						0.000000	5.000000	0.001969
YPR156C	YDL048C	0.957780						0.000000	5.000000	0.002630
YOR004W	YBR083W	0.957772						0.000000	-5.000000	0.002463
YIL056W	YMR016C	0.957763	0.000000	0.142349	0.168539	0.141240	0.154341	0.000000	5.000000	0.002072
YMR236W	YDR421W	0.957762						0.000000	5.000000	0.002716
YCR071C	YJL056C	0.957750						0.000000	5.000000	0.002270
YBR158W	YMR043W	0.957749						0.000000	-5.000000	0.002422
YLR100W	YMR070W	0.957711						0.000000	5.000000	0.002601
YDL147W	YCR084C	0.957704						0.000000	-5.000000	0.002357
YBL007C	YJR127C	0.957698						0.000000	5.000000	0.002143
Q0050	YGL237C	0.957693						0.000000	5.000000	0.002404
YGR019W	YER088C	0.957681						0.000000	5.000000	0.002435
YBR038W	YIL119C	0.957678						0.000000	5.000000	0.002561
YPL118W	YGL096W	0.957658						0.000000	5.000000	0.002986
YKL160W	YBL021C	0.957644						0.000000	-5.000000	0.002879
YBR256C	YDR207C	0.957641						0.000000	5.000000	0.002220
YPR030W	YGL013C	0.957632						0.000000	5.000000	0.002363
YDR519W	YMR021C	0.957629						0.000000	5.000000	0.002154
YOR310C	YPR104C	0.957626						0.000000	5.000000	0.002452
YGR215W	YCR084C	0.957619						0.000000	-5.000000	0.004339
YPL151C	YMR037C	0.957618						1.000000	5.000000	0.002309
YBR052C	YGL013C	0.957614						0.000000	5.000000	0.002742
YJL172W	YDR034C	0.957609						0.000000	5.000000	0.002482
YOR375C	YIL119C	0.957606						0.000000	5.000000	0.002678
YPR145W	YDR207C	0.957603						0.000000	5.000000	0.002458
YOR276W	YOL028C	0.957601						0.000000	5.000000	0.002544
YOL077C	YNL027W	0.957588						0.000000	-5.000000	0.001899
YLR209C	YCR065W	0.957583						0.000000	5.000000	0.002277
YBL078C	YIR023W	0.957580						0.000000	5.000000	0.002069
YGR105W	YOL089C	0.957576						0.000000	-5.000000	0.002400
YKL141W	YJL056C	0.957571						0.000000	5.000000	0.002465
YIL051C	YDR421W	0.957562						0.000000	5.000000	0.002633
YPR010C	YDL106C	0.957551						0.000000	5.000000	0.002431
YIL076W	YEL009C	0.957546						0.000000	5.000000	0.002332
YHR051W	YIR023W	0.957544	0.000000	0.142180	0.168539	0.141138	0.154242	0.000000	5.000000	0.002303
YOR303W	YDL048C	0.957543						0.000000	5.000000	0.002151
YOL048C	YPL230W	0.957541						0.000000	5.000000	0.002342
YIL094C	YGL209W	0.957534						0.000000	5.000000	0.002468
YMR146C	YGR044C	0.957529						0.000000	-5.000000	0.002331
YMR123W	YPR104C	0.957521						0.000000	5.000000	0.002588
YPR023C	YGL013C	0.957514						0.000000	5.000000	0.002543
YJL143W	YNL103W	0.957512						0.000000	-5.000000	0.002472
YPL134C	YOL067C	0.957506						0.000000	5.000000	0.002214
YLR262C-A	YCR084C	0.957491						0.000000	-5.000000	0.002342
YLR448W	YNL216W	0.957490						1.000000	5.000000	0.002324
YML058W	YGR249W	0.957472						0.000000	-5.000000	0.002260
YER089C	YHR084W	0.957462						1.000000	5.000000	0.002459
YMR197C	YNL103W	0.957457						0.000000	-5.000000	0.002174
YDR321W	YPR104C	0.957450						0.000000	5.000000	0.002288
YIL088C	YKR034W	0.957428						0.000000	5.000000	0.002722
YDR098C	YLR176C	0.957420						0.000000	-5.000000	0.002049
YBR093C	YIL036W	0.957418						0.000000	5.000000	0.002615
YMR148W	YGL013C	0.957417						0.000000	5.000000	0.002513
YAL008W	YGL013C	0.957414						0.000000	5.000000	0.002384
YPL061W	YMR037C	0.957403						1.000000	-5.000000	0.002321
YAL025C	YDL106C	0.957402						0.000000	5.000000	0.002490
YOR091W	YPR104C	0.957388						0.000000	5.000000	0.001964
YMR056C	YHR084W	0.957387						0.000000	5.000000	0.002573
YBR120C	YJL056C	0.957380						0.000000	5.000000	0.002255
YAL035W	YPR104C	0.957378						0.000000	5.000000	0.002244
YMR291W	YDR310C	0.957366	0.000000	0.142012	0.168539	0.141037	0.154143	0.000000	5.000000	0.002279
YPR187W	YGR044C	0.957365						0.000000	-5.000000	0.002807
YAL044C	YBL021C	0.957360						0.000000	-5.000000	0.002568
YHR190W	YNL103W	0.957354						0.000000	-5.000000	0.002320
YOL049W	YNL103W	0.957336						0.000000	-5.000000	0.001934
YMR148W	YOR140W	0.957332						0.000000	-5.000000	0.002856
YGR211W	YPL230W	0.957329						0.000000	5.000000	0.002516
YOL097C	YGR044C	0.957327						0.000000	-5.000000	0.002726
YGR281W	YHR084W	0.957326						1.000000	5.000000	0.002224
YDL018C	YDR207C	0.957311						0.000000	5.000000	0.001873
YIR029W	YDL170W	0.957309						0.000000	5.000000	0.002528
YPR065W	YKL020C	0.957295						0.000000	5.000000	0.002353
YIR029W	YKL032C	0.957291						0.000000	5.000000	0.002311
YBR037C	YGL073W	0.957283						0.000000	5.000000	0.002748
YLR073C	YDL106C	0.957282						0.000000	5.000000	0.002114
YPR069C	YHR178W	0.957273						0.000000	5.000000	0.002013
YKR065C	YNL103W	0.957267						0.000000	-5.000000	0.002411
YJL143W	YKL032C	0.957260						0.000000	5.000000	0.002495
YBR251W	YOR028C	0.957251						0.000000	5.000000	0.002837
YOR228C	YML007W	0.957251						0.000000	5.000000	0.002204
YLR193C	YML007W	0.957251						0.000000	5.000000	0.002690
YDL131W	YKR099W	0.957245						0.000000	5.000000	0.002459
YOR046C	YKL038W	0.957239						0.000000	5.000000	0.002202
YKR013W	YIR017C	0.957233						0.000000	5.000000	0.002891
YOL077C	YOR363C	0.957227						0.000000	5.000000	0.002112
YHR019C	YHR178W	0.957223	0.000000	0.141844	0.168539	0.140936	0.154044	0.000000	5.000000	0.002524
YPL091W	YGL013C	0.957211						0.000000	5.000000	0.001989
YOR221C	YDL020C	0.957197						0.000000	5.000000	0.001952
YBL005W	YML007W	0.957185						1.000000	5.000000	0.002486
YML054C	YGL073W	0.957160						0.000000	5.000000	0.002212
YNL192W	YMR021C	0.957158						0.000000	5.000000	0.002490
YJL104W	YGL237C	0.957157						0.000000	5.000000	0.002031
YHR001W	YGL237C	0.957150						0.000000	5.000000	0.002169
YPL135W	YMR037C	0.957138						1.000000	5.000000	0.002015
YER089C	YPR104C	0.957117						1.000000	5.000000	0.001951
YJL077C	YMR016C	0.957084						1.000000	5.000000	0.002516
YFR024C-A	YMR021C	0.957081						0.000000	5.000000	0.002432
YDR046C	YMR037C	0.957080						1.000000	5.000000	0.002370
YBL001C	YOR140W	0.957069						0.000000	-5.000000	0.002118
YCL017C	YMR021C	0.957068						0.000000	5.000000	0.002115
YMR022W	YDR174W	0.957068						0.000000	5.000000	0.002211
YIR028W	YLR228C	0.957055						0.000000	5.000000	0.002574
YBR268W	YOL067C	0.957052						0.000000	5.000000	0.002040
YPL024W	YBR083W	0.957047						1.000000	5.000000	0.002231
YGL001C	YJR060W	0.957046						1.000000	5.000000	0.002496
YDR472W	YHR084W	0.957044						1.000000	5.000000	0.002314
YJR014W	YIL036W	0.957023						0.000000	5.000000	0.002421
YBL040C	YNL103W	0.957020						0.000000	-5.000000	0.003047
YLR025W	YHL009C	0.957020						0.000000	5.000000	0.002506
YBR103W	YHR084W	0.957016						1.000000	5.000000	0.002251
YKL051W	YKL062W	0.957007						1.000000	5.000000	0.002228
YDR517W	YKL032C	0.956985						0.000000	5.000000	0.002538
YOR145C	YGR044C	0.956971						0.000000	-5.000000	0.002250
YOR120W	YML007W	0.956964						0.000000	5.000000	0.002032
YIL112W	YKR034W	0.956961						0.000000	5.000000	0.001982
YOR222W	YKR099W	0.956957	0.000000	0.141677	0.168539	0.140835	0.153945	0.000000	5.000000	0.002205
YDR462W	YOR140W	0.956930						0.000000	-5.000000	0.002509
YCL035C	YGL013C	0.956909						0.000000	5.000000	0.002194
YOR085W	YDR253C	0.956907						1.000000	5.000000	0.002365
YML058W	YDL048C	0.956896						0.000000	5.000000	0.002162
YIL107C	YPL230W	0.956894						0.000000	5.000000	0.001936
YEL017W	YMR016C	0.956890						1.000000	5.000000	0.003122
YJL164C	YKL020C	0.956884						0.000000	5.000000	0.002238
YGL037C	YOL108C	0.956876						0.000000	5.000000	0.002275
YBR126C	YGL013C	0.956860						0.000000	5.000000	0.001539
YDR016C	YDR421W	0.956860						0.000000	5.000000	0.002027
YBR120C	YML007W	0.956854						0.000000	5.000000	0.002268
YER126C	YNL027W	0.956845						0.000000	-5.000000	0.002736
YIR036C	YKL062W	0.956837						1.000000	5.000000	0.001793
YGR146C	YMR016C	0.956836						1.000000	5.000000	0.002245
YER141W	YGL237C	0.956829						0.000000	5.000000	0.002048
YOL059W	YDL048C	0.956828						0.000000	5.000000	0.002077
YPL004C	YOL108C	0.956821						0.000000	5.000000	0.002164
YJR070C	YPL089C	0.956820						0.000000	-5.000000	0.002365
YDR258C	YGL013C	0.956816	0.000000	0.141509	0.168539	0.140735	0.153846	0.000000	5.000000	0.002114
YNL160W	YDR253C	0.956811						1.000000	5.000000	0.002361
YKL043W	YGL073W	0.956810	0.000000	0.141343	0.168539	0.140634	0.153748	0.000000	5.000000	0.002344
YNL006W	YPL230W	0.956807						0.000000	5.000000	0.002041
YAL039C	YGL237C	0.956804						0.000000	5.000000	0.002026
YPR184W	YOR140W	0.956798						0.000000	-5.000000	0.002157
YDL143W	YJR060W	0.956795						0.000000	5.000000	0.002133
YER019C-A	YNL103W	0.956777						0.000000	-5.000000	0.002351
YDR385W	YGL209W	0.956764						0.000000	5.000000	0.002361
YJR063W	YNL027W	0.956763						0.000000	-5.000000	0.002390
YIL070C	YGL237C	0.956759						0.000000	5.000000	0.001745
YBR286W	YDR207C	0.956750						0.000000	5.000000	0.003151
YOL081W	YHR084W	0.956748						1.000000	5.000000	0.002130
YJL020C	YOL108C	0.956746						0.000000	5.000000	0.002089
YER124C	YER088C	0.956741						0.000000	5.000000	0.002389
YMR241W	YBL021C	0.956741						0.000000	-5.000000	0.001669
YJL140W	YGL096W	0.956741						0.000000	5.000000	0.002295
YOL032W	YKL020C	0.956712						0.000000	5.000000	0.002230
YER117W	YBR240C	0.956710	0.000000	0.141176	0.168539	0.140534	0.153649	0.000000	5.000000	0.001968
YBR169C	YPL230W	0.956710						0.000000	5.000000	0.002286
YHR143W	YDR123C	0.956705	0.000000	0.141011	0.168539	0.140433	0.153551	0.000000	5.000000	0.002668
YPR163C	YBR239C	0.956702						0.000000	-5.000000	0.002193
YGR244C	YPL133C	0.956700						0.000000	5.000000	0.002175
YOR184W	YLR176C	0.956698						0.000000	-5.000000	0.002011
YHR005C-A	YGL013C	0.956693						0.000000	5.000000	0.002281
YOR347C	YMR021C	0.956689						0.000000	5.000000	0.002388
YDR175C	YGL013C	0.956686						0.000000	5.000000	0.002308
YPL024W	YMR037C	0.956686						1.000000	5.000000	0.002096
YER103W	YLR256W	0.956679	0.000000	0.140845	0.168539	0.140333	0.153453	0.000000	-5.000000	0.002101
YFR052W	YGL096W	0.956673						0.000000	5.000000	0.001995
YKL081W	YDR253C	0.956660						0.000000	-5.000000	0.002418
YIL062C	YDR207C	0.956651						0.000000	5.000000	0.002222
YJR127C	YMR016C	0.956650						1.000000	5.000000	0.002433
YPR166C	YOR140W	0.956648						0.000000	-5.000000	0.002155
YKR049C	YOR140W	0.956646						0.000000	-5.000000	0.002086
YAL036C	YPR104C	0.956640						0.000000	5.000000	0.002202
YPR133W-A	YNL103W	0.956638						0.000000	-5.000000	0.002683
YJL026W	YDR034C	0.956617						0.000000	5.000000	0.002211
YMR251W-A	YOR162C	0.956616						1.000000	5.000000	0.002443
YER056C	YJR060W	0.956610						1.000000	5.000000	0.002092
YDL181W	YOL067C	0.956601						0.000000	5.000000	0.002562
YBR126C	YOR140W	0.956590						0.000000	-5.000000	0.002370
YJR034W	YGL237C	0.956589						0.000000	5.000000	0.003101
YDR385W	YBR239C	0.956586						0.000000	-5.000000	0.002244
YIR030C	YDR259C	0.956586						0.000000	5.000000	0.002476
YAR015W	YLR451W	0.956585						0.000000	5.000000	0.002092
YOR027W	YDR310C	0.956578	0.000000	0.140680	0.168539	0.140234	0.153355	0.000000	5.000000	0.002167
YMR088C	YKL032C	0.956577						0.000000	5.000000	0.002174
YNL294C	YKL032C	0.956571						0.000000	5.000000	0.002253
YMR261C	YGL013C	0.956570						0.000000	5.000000	0.002193
YBR058C-A	YMR021C	0.956537						0.000000	5.000000	0.002745
YDL014W	YPR104C	0.956532						0.000000	5.000000	0.002071
YIL157C	YOR140W	0.956527						0.000000	-5.000000	0.002165
YLR175W	YOR363C	0.956524						0.000000	5.000000	0.002132
YPL112C	YEL009C	0.956508						1.000000	5.000000	0.002223
YBR082C	YOL089C	0.956495						0.000000	-5.000000	0.002266
YGR243W	YMR016C	0.956489						0.000000	5.000000	0.002590
YHL016C	YDR259C	0.956475						0.000000	5.000000	0.002322
YLR248W	YGL073W	0.956455						0.000000	5.000000	0.002195
YER038C	YNL103W	0.956453						0.000000	-5.000000	0.001451
YJL001W	YKL032C	0.956447	0.000000	0.140515	0.168539	0.140134	0.153257	0.000000	5.000000	0.002289
YIL125W	YOR028C	0.956432						0.000000	5.000000	0.002200
YDR354W	YMR037C	0.956427						1.000000	5.000000	0.002567
YDR127W	YMR037C	0.956416						1.000000	5.000000	0.002043
YDR156W	YGR044C	0.956403						0.000000	-5.000000	0.002118
YPL262W	YOR028C	0.956388						0.000000	5.000000	0.002240
YBR170C	YMR016C	0.956384						1.000000	5.000000	0.002149
YMR002W	YCR084C	0.956377						0.000000	-5.000000	0.002275
YKL190W	YHL027W	0.956374						0.000000	-5.000000	0.002293
YNL281W	YGR044C	0.956368						0.000000	-5.000000	0.002206
YER182W	YJL056C	0.956366						0.000000	5.000000	0.002135
YDR016C	YKL032C	0.956334						0.000000	5.000000	0.001599
YBL050W	YDR174W	0.956306						0.000000	5.000000	0.001863
YJR025C	YDR207C	0.956301	0.000000	0.140351	0.168539	0.140034	0.153159	0.000000	5.000000	0.001653
YPL090C	YDR423C	0.956299						0.000000	-5.000000	0.002325
YOR043W	YBR066C	0.956294						0.000000	5.000000	0.002269
YNL051W	YNL068C	0.956280						1.000000	5.000000	0.002216
YKL138C	YIL036W	0.956278						0.000000	5.000000	0.002305
YMR170C	YOL108C	0.956273						0.000000	5.000000	0.002075
YLR074C	YML099C	0.956272	0.000000	0.140187	0.168539	0.139935	0.153061	0.000000	-5.000000	0.002126
YDR001C	YKL062W	0.956262						1.000000	5.000000	0.002413
YPR194C	YDR259C	0.956246						0.000000	5.000000	0.002302
YKL065C	YDR207C	0.956222						0.000000	5.000000	0.001915
YJL210W	YEL009C	0.956219						1.000000	5.000000	0.002280
YPL240C	YJL056C	0.956213						0.000000	5.000000	0.002330
YOR142W	YGL013C	0.956207						0.000000	5.000000	0.002312
YPL143W	YNL314W	0.956206	0.000000	0.140023	0.168539	0.139836	0.152964	0.000000	5.000000	0.002308
YGL001C	YIR017C	0.956205						0.000000	5.000000	0.001857
YBR269C	YOR140W	0.956204						0.000000	-5.000000	0.001907
YCR008W	YHR084W	0.956196						1.000000	5.000000	0.002229
YEL012W	YGL013C	0.956187						0.000000	5.000000	0.001723
YGL248W	YBL103C	0.956161						0.000000	5.000000	0.002151
YNL305C	YPL230W	0.956144						0.000000	5.000000	0.002045
YGL135W	YKR099W	0.956144	0.000000	0.139860	0.168539	0.139737	0.152866	0.000000	5.000000	0.001838
YLR065C	YMR043W	0.956136						0.000000	-5.000000	0.002164
YOL026C	YHR084W	0.956134						1.000000	5.000000	0.001795
YLR248W	YOL108C	0.956111						0.000000	5.000000	0.002415
YDL067C	YOL108C	0.956106						0.000000	5.000000	0.002202
YPL090C	YPR104C	0.956106						0.000000	5.000000	0.002257
YGR159C	YOR363C	0.956104	0.000000	0.139697	0.168539	0.139638	0.152769	0.000000	5.000000	0.001917
YBR006W	YOL108C	0.956079						0.000000	5.000000	0.002367
YJL191W	YNL027W	0.956073						0.000000	-5.000000	0.001953
YIL065C	YOL108C	0.956043						0.000000	5.000000	0.001347
YNL162W	YNL216W	0.956039						1.000000	5.000000	0.002152
YBL047C	YKR034W	0.956037						0.000000	5.000000	0.001711
YML007W	YNL216W	0.956037						1.000000	5.000000	0.003685
YGL161C	YGL013C	0.956026						0.000000	5.000000	0.002209
YCR009C	YNL103W	0.956017						0.000000	-5.000000	0.001832
YML081C-A	YJL056C	0.956008						0.000000	5.000000	0.002299
YDL018C	YDR174W	0.955994						0.000000	5.000000	0.002160
YGL087C	YNL103W	0.955994						0.000000	-5.000000	0.001993
YDR234W	YMR037C	0.955981						1.000000	5.000000	0.002076
YER004W	YBL021C	0.955954						0.000000	-5.000000	0.002224
YLR330W	YOR230W	0.955952						0.000000	5.000000	0.002023
YBR291C	YIL119C	0.955940						0.000000	5.000000	0.001708
YOR145C	YPR104C	0.955937						0.000000	5.000000	0.002381
YGR055W	YDR259C	0.955913						0.000000	-5.000000	0.002121
YCL028W	YHR084W	0.955907						1.000000	5.000000	0.002463
YKL190W	YKL032C	0.955903						0.000000	5.000000	0.002417
YDR129C	YER088C	0.955898						0.000000	5.000000	0.002157
YBR079C	YPR104C	0.955889						0.000000	5.000000	0.002264
YHR094C	YPL230W	0.955886						0.000000	5.000000	0.002104
YCR012W	YHR178W	0.955882	0.000000	0.139535	0.168539	0.139539	0.152672	0.000000	5.000000	0.002136
YDR007W	YDR207C	0.955871						0.000000	5.000000	0.002040
YMR120C	YGL209W	0.955870						0.000000	5.000000	0.002042
YOR230W	YOR028C	0.955861	0.000000	0.139373	0.168539	0.139440	0.152575	0.000000	5.000000	0.002352
YML058W	YKL043W	0.955854						0.000000	5.000000	0.002389
YOR187W	YGL013C	0.955852						0.000000	5.000000	0.002349
YDR031W	YGL013C	0.955844						0.000000	5.000000	0.002112
YHR209W	YKL032C	0.955838						0.000000	5.000000	0.002156
YDL052C	YPL202C	0.955814						0.000000	-5.000000	0.002202
YNL067W	YBR239C	0.955813						0.000000	-5.000000	0.002114
YOR298W	YPL230W	0.955802						0.000000	5.000000	0.002343
YOR261C	YCR084C	0.955800						0.000000	-5.000000	0.001681
YER089C	YNL216W	0.955790						1.000000	5.000000	0.002098
YML054C	YJL056C	0.955788						0.000000	5.000000	0.002148
YKL002W	YGL013C	0.955769						0.000000	5.000000	0.002362
YGL004C	YMR037C	0.955766						1.000000	5.000000	0.002510
YKL193C	YPL230W	0.955735						0.000000	5.000000	0.001861
YMR250W	YGL013C	0.955719	0.000000	0.139211	0.168539	0.139342	0.152478	0.000000	5.000000	0.002077
YML012W	YDR174W	0.955718						0.000000	5.000000	0.002202
YMR049C	YPR104C	0.955711						0.000000	5.000000	0.002444
YMR071C	YDR207C	0.955694						0.000000	5.000000	0.002171
YLR348C	YKR034W	0.955686						0.000000	5.000000	0.002141
YJR069C	YNL314W	0.955682						0.000000	5.000000	0.002088
YLR325C	YBR239C	0.955668						0.000000	-5.000000	0.002247
YPL170W	YKL032C	0.955651						0.000000	5.000000	0.002033
YGR161C	YDR259C	0.955641						0.000000	5.000000	0.002040
YJR133W	YDR207C	0.955640						0.000000	5.000000	0.002969
YER090W	YDR451C	0.955636						0.000000	5.000000	0.001876
YNL255C	YPR104C	0.955619						0.000000	5.000000	0.001856
YMR229C	YNL027W	0.955614						0.000000	-5.000000	0.002365
YGL054C	YDL048C	0.955599						0.000000	5.000000	0.001944
YDL084W	YBL021C	0.955597						0.000000	5.000000	0.001758
YLR268W	YJR147W	0.955596						0.000000	5.000000	0.002004
YGL002W	YGL013C	0.955589						0.000000	5.000000	0.001901
YCL001W	YIR017C	0.955542						0.000000	5.000000	0.002173
YJR074W	YKR034W	0.955535						0.000000	5.000000	0.001974
YPL221W	YNL216W	0.955521						1.000000	5.000000	0.002233
YNL310C	YIR017C	0.955513						0.000000	5.000000	0.002021
YLR432W	YDR423C	0.955507						0.000000	-5.000000	0.002135
YOR272W	YPR104C	0.955477	0.000000	0.139050	0.168539	0.139244	0.152381	0.000000	5.000000	0.001631
YJL159W	YDL048C	0.955476						0.000000	5.000000	0.002055
YJL060W	YDR034C	0.955466						0.000000	5.000000	0.002675
YHR108W	YIR017C	0.955458						0.000000	5.000000	0.001613
YPL173W	YGL237C	0.955449						0.000000	5.000000	0.001974
YPL091W	YMR019W	0.955434						0.000000	5.000000	0.002059
YNL037C	YOR028C	0.955413	0.000000	0.138889	0.168539	0.139146	0.152284	0.000000	5.000000	0.002443
YER141W	YGL013C	0.955407						0.000000	5.000000	0.002187
YKR046C	YIR023W	0.955402						0.000000	5.000000	0.002769
YMR121C	YHL027W	0.955401	0.000000	0.138728	0.168539	0.139048	0.152188	0.000000	-5.000000	0.001888
YJL048C	YKL062W	0.955381						1.000000	5.000000	0.002435
YLL041C	YGL237C	0.955369						0.000000	5.000000	0.002117
YKL051W	YOR162C	0.955342						1.000000	5.000000	0.001867
YIL094C	YIL036W	0.955339						0.000000	-5.000000	0.002496
YFL010W-A	YIR017C	0.955333						0.000000	5.000000	0.001915
YPL239W	YMR037C	0.955325						1.000000	-5.000000	0.002026
YEL031W	YIR017C	0.955325						0.000000	5.000000	0.001966
YIL010W	YNL103W	0.955296						0.000000	-5.000000	0.002320
YFR033C	YOR028C	0.955291	0.000000	0.138568	0.168539	0.138950	0.152091	0.000000	5.000000	0.001976
YNL045W	YML007W	0.955290						0.000000	5.000000	0.001936
YKL180W	YHR124W	0.955280						0.000000	5.000000	0.002024
YJR065C	YBL021C	0.955270						0.000000	-5.000000	0.001963
YOR176W	YKL032C	0.955269						0.000000	5.000000	0.001889
YNL077W	YLR256W	0.955262						0.000000	-5.000000	0.001961
YGL040C	YGL237C	0.955259						0.000000	5.000000	0.002047
YPL206C	YOR140W	0.955252						0.000000	-5.000000	0.002020
YGR103W	YNL027W	0.955251						0.000000	-5.000000	0.001791
YMR184W	YNL103W	0.955251						0.000000	-5.000000	0.002122
YKL117W	YBL021C	0.955239						0.000000	-5.000000	0.001768
YLR090W	YDR253C	0.955233						1.000000	5.000000	0.002012
YDR298C	YOL067C	0.955228						0.000000	-5.000000	0.002302
YER038C	YDR207C	0.955199						0.000000	5.000000	0.001715
YDR226W	YHR178W	0.955197						0.000000	5.000000	0.001540
YGL226C-A	YIR017C	0.955197						0.000000	5.000000	0.001946
YOR133W	YDL048C	0.955196						0.000000	5.000000	0.001983
YDR151C	YPL230W	0.955196						0.000000	5.000000	0.001855
YFR052W	YDR207C	0.955184						0.000000	5.000000	0.002156
YER065C	YHR084W	0.955172						1.000000	5.000000	0.002505
YKL190W	YKL062W	0.955160						1.000000	-5.000000	0.002212
YHR001W	YJR060W	0.955155						1.000000	5.000000	0.002214
YKL104C	YBL103C	0.955153						0.000000	5.000000	0.001817
YDR212W	YKL038W	0.955153						0.000000	5.000000	0.001960
YDL237W	YKL032C	0.955149						0.000000	5.000000	0.001799
YOR298C-A	YGL209W	0.955144						0.000000	5.000000	0.001991
YPR028W	YDR207C	0.955134						0.000000	5.000000	0.002091
YEL039C	YOR140W	0.955120						0.000000	-5.000000	0.002235
YEL071W	YMR021C	0.955117						0.000000	5.000000	0.001966
YFR053C	YNL103W	0.955102						0.000000	-5.000000	0.001083
YAL053W	YKL020C	0.955083						0.000000	5.000000	0.002159
YLR009W	YOR363C	0.955082						0.000000	5.000000	0.002015
YNL283C	YML027W	0.955070	0.000000	0.138408	0.168539	0.138852	0.151995	0.000000	5.000000	0.002124
YLR292C	YMR070W	0.955056						0.000000	5.000000	0.001739
YLR256W	YDR421W	0.955053						0.000000	5.000000	0.001651
YOR158W	YIL036W	0.955043						0.000000	5.000000	0.001906
YJL138C	YBR239C	0.954993						0.000000	-5.000000	0.002336
YBR147W	YKL020C	0.954979						0.000000	5.000000	0.001785
YGL156W	YJL056C	0.954957						0.000000	5.000000	0.001943
YNL294C	YDR207C	0.954956						0.000000	5.000000	0.002503
YBR187W	YDL056W	0.954948						0.000000	5.000000	0.002363
YNL169C	YIL101C	0.954936						1.000000	5.000000	0.001976
YMR246W	YPL133C	0.954933						0.000000	-5.000000	0.002025
YLR367W	YPR065W	0.954913						0.000000	5.000000	0.002558
YLL029W	YER088C	0.954903						0.000000	5.000000	0.001974
YMR121C	YMR021C	0.954902	0.000000	0.138249	0.168539	0.138755	0.151899	0.000000	5.000000	0.001803
YDR494W	YJL056C	0.954895						0.000000	5.000000	0.002503
YHR170W	YGR044C	0.954890						0.000000	-5.000000	0.002104
YLR218C	YMR021C	0.954888						0.000000	5.000000	0.002031
YDR174W	YER088C	0.954883						0.000000	5.000000	0.002165
YOR298W	YKL020C	0.954874						0.000000	5.000000	0.001939
YJL002C	YMR037C	0.954874						0.000000	5.000000	0.001954
YPL196W	YGL013C	0.954867						0.000000	5.000000	0.002290
YNL037C	YOL108C	0.954841	0.000000	0.138090	0.168539	0.138658	0.151803	0.000000	5.000000	0.001818
YHR199C	YDR207C	0.954838						0.000000	5.000000	0.001967
YDR441C	YMR037C	0.954833						1.000000	-5.000000	0.001939
YPL144W	YOR028C	0.954830						1.000000	5.000000	0.001949
YGR080W	YNL103W	0.954819						0.000000	-5.000000	0.001866
YDR304C	YDR174W	0.954778						0.000000	5.000000	0.001939
YML129C	YGL237C	0.954774						0.000000	5.000000	0.001975
YFL034C-A	YDL106C	0.954758						0.000000	5.000000	0.002227
YBL002W	YDR043C	0.954757						0.000000	-5.000000	0.001980
YKL142W	YER088C	0.954754						0.000000	5.000000	0.002102
YKL003C	YHL009C	0.954740						0.000000	5.000000	0.001727
YOR270C	YEL009C	0.954739						0.000000	5.000000	0.001890
YMR230W	YPR104C	0.954734	0.000000	0.137931	0.168539	0.138560	0.151707	0.000000	5.000000	0.001960
YGR142W	YPL230W	0.954720						0.000000	5.000000	0.002273
YHR057C	YOL108C	0.954716						0.000000	5.000000	0.001395
YIL125W	YOL067C	0.954705						0.000000	5.000000	0.001938
YKL150W	YJL056C	0.954705						0.000000	5.000000	0.002038
YLL027W	YPL230W	0.954694						0.000000	5.000000	0.002054
YPR160W	YPL230W	0.954682						0.000000	5.000000	0.002251
YGL006W	YOR140W	0.954613						0.000000	-5.000000	0.001826
YJR009C	YNL216W	0.954605						1.000000	-5.000000	0.002046
YAL062W	YML007W	0.954590						0.000000	5.000000	0.002410
YLR192C	YDR174W	0.954589						0.000000	5.000000	0.001818
YNL067W	YNL216W	0.954586						1.000000	-5.000000	0.002223
YKL157W	YOL108C	0.954542						0.000000	5.000000	0.001853
YOR075W	YIL131C	0.954535						1.000000	5.000000	0.001868
YNR067C	YIR033W	0.954516	0.000000	0.137773	0.168539	0.138463	0.151611	0.000000	5.000000	0.001807
YOR007C	YLR176C	0.954507	0.000000	0.137615	0.168539	0.138367	0.151515	0.000000	-5.000000	0.002028
YDR512C	YMR037C	0.954507						1.000000	5.000000	0.002034
YNL113W	YGR044C	0.954488						0.000000	-5.000000	0.002005
YJR095W	YGL237C	0.954486						0.000000	5.000000	0.002322
YBL047C	YDR207C	0.954478						0.000000	5.000000	0.001668
YLR448W	YHR124W	0.954476						0.000000	5.000000	0.001827
YDR529C	YJL056C	0.954466						0.000000	5.000000	0.001693
YER004W	YOR140W	0.954459						0.000000	-5.000000	0.001876
YKL192C	YGL013C	0.954456						0.000000	5.000000	0.002545
YIL124W	YDR207C	0.954448						0.000000	5.000000	0.002045
YBR151W	YKL020C	0.954446						0.000000	5.000000	0.001818
YDR365C	YMR037C	0.954443						1.000000	5.000000	0.002022
YOR004W	YDL106C	0.954442						0.000000	5.000000	0.002052
YIL126W	YHR124W	0.954440						1.000000	5.000000	0.001864
YJL001W	YDR174W	0.954432						0.000000	5.000000	0.002388
YPR110C	YPR104C	0.954428						0.000000	5.000000	0.002007
YDR011W	YDR253C	0.954427						1.000000	5.000000	0.001706
YPR100W	YGL013C	0.954427						0.000000	5.000000	0.002304
YGL054C	YPL230W	0.954424						0.000000	5.000000	0.001970
YDR258C	YLR256W	0.954417	0.000000	0.137457	0.168539	0.138270	0.151420	0.000000	-5.000000	0.002018
YER068W	YPL230W	0.954413						0.000000	5.000000	0.001836
YPR058W	YDR207C	0.954397	0.000000	0.137300	0.168539	0.138173	0.151324	0.000000	5.000000	0.001871
YML098W	YKL032C	0.954391						0.000000	5.000000	0.002100
YMR276W	YNL103W	0.954384	0.000000	0.137143	0.168539	0.138077	0.151229	0.000000	-5.000000	0.001920
YOL016C	YKL020C	0.954367						0.000000	5.000000	0.001847
YDR016C	YKR034W	0.954363						0.000000	5.000000	0.001651
YMR152W	YOR140W	0.954352						0.000000	-5.000000	0.001911
YHR016C	YOR140W	0.954347						0.000000	-5.000000	0.002323
YFR025C	YKR034W	0.954340						0.000000	5.000000	0.001321
YDL061C	YLR131C	0.954333						0.000000	5.000000	0.001827
YHR008C	YGL013C	0.954321	0.000000	0.136986	0.168539	0.137981	0.151134	0.000000	5.000000	0.002066
YMR286W	YGL237C	0.954314						0.000000	5.000000	0.001697
YGR159C	YDR423C	0.954306	0.000000	0.136830	0.168539	0.137885	0.151038	0.000000	-5.000000	0.001908
YGR103W	YDL106C	0.954289						0.000000	5.000000	0.001941
YOR182C	YGR044C	0.954281						0.000000	-5.000000	0.001751
YBR025C	YGR044C	0.954277						0.000000	-5.000000	0.002299
YLR258W	YER088C	0.954271						0.000000	5.000000	0.001989
YNL168C	YDR207C	0.954269						0.000000	5.000000	0.002150
YLL029W	YPL230W	0.954263						0.000000	5.000000	0.002148
YPL186C	YJL056C	0.954235						0.000000	5.000000	0.001970
YIL052C	YBR240C	0.954229	0.000000	0.136674	0.168539	0.137789	0.150943	0.000000	5.000000	0.001929
YLR204W	YGL013C	0.954219						0.000000	5.000000	0.002125
YKL142W	YPR008W	0.954207						0.000000	5.000000	0.002021
YCR030C	YJR127C	0.954201						0.000000	5.000000	0.001819
YLR367W	YNL314W	0.954200						0.000000	5.000000	0.001981
YDR152W	YGR044C	0.954182						0.000000	-5.000000	0.001789
YHR209W	YDR463W	0.954167						0.000000	-5.000000	0.001970
YDR043C	YOR028C	0.954153						1.000000	5.000000	0.001795
YAL062W	YOR140W	0.954148						0.000000	5.000000	0.002133
YNR046W	YNL027W	0.954143						0.000000	-5.000000	0.001735
YHR113W	YOR140W	0.954139						0.000000	-5.000000	0.001990
YCR069W	YIR017C	0.954134						0.000000	5.000000	0.001818
YHR170W	YDL106C	0.954132						0.000000	5.000000	0.001507
YKL094W	YKL020C	0.954124						0.000000	5.000000	0.002180
YNL055C	YBL021C	0.954109						0.000000	5.000000	0.001553
YIL133C	YDR423C	0.954087	0.000000	0.136519	0.168539	0.137693	0.150849	0.000000	-5.000000	0.001885
YEL059C-A	YMR016C	0.954086						1.000000	5.000000	0.001807
YBR251W	YGL237C	0.954084						0.000000	5.000000	0.001860
YGL191W	YOR140W	0.954074						0.000000	-5.000000	0.001904
YHR027C	YER088C	0.954062						0.000000	5.000000	0.002027
YDR046C	YPR104C	0.954038						1.000000	5.000000	0.001974
YPL163C	YIR017C	0.954029	0.000000	0.136364	0.168539	0.137598	0.150754	0.000000	5.000000	0.001871
YLL001W	YOL067C	0.954025						0.000000	5.000000	0.001680
YEL017W	YMR037C	0.954019						1.000000	5.000000	0.001775
YBL078C	YOR140W	0.954016						0.000000	-5.000000	0.002032
YDL004W	YBL021C	0.954011	0.000000	0.136209	0.168539	0.137502	0.150659	0.000000	-5.000000	0.001856
YDL029W	YNL103W	0.953997						0.000000	-5.000000	0.002188
YDR041W	YBR083W	0.953997						1.000000	5.000000	0.001871
YBR183W	YMR016C	0.953994	0.000000	0.136054	0.168539	0.137407	0.150565	0.000000	5.000000	0.001839
YML063W	YMR280C	0.953991	0.000000	0.135900	0.168539	0.137312	0.150470	0.000000	-5.000000	0.001876
YDR276C	YOR140W	0.953977						0.000000	-5.000000	0.002035
YLR093C	YPL230W	0.953974						0.000000	5.000000	0.001982
YMR139W	YOR140W	0.953972						0.000000	-5.000000	0.002124
YAL035W	YKL038W	0.953969						0.000000	5.000000	0.002184
YMR255W	YPL230W	0.953963						0.000000	5.000000	0.001721
YDL055C	YMR164C	0.953958						0.000000	-5.000000	0.002048
YDR481C	YEL009C	0.953947						1.000000	5.000000	0.001775
YMR152W	YNL103W	0.953926						0.000000	-5.000000	0.001684
YLR421C	YNL103W	0.953898						0.000000	-5.000000	0.001919
YDL082W	YNL027W	0.953897						0.000000	-5.000000	0.001824
YHR023W	YHR084W	0.953894						1.000000	5.000000	0.001768
YCR024C-A	YKL043W	0.953893						0.000000	5.000000	0.001813
YKL039W	YMR037C	0.953892						1.000000	5.000000	0.001820
YDL029W	YDR174W	0.953885						0.000000	5.000000	0.001466
YNR035C	YDR174W	0.953876						0.000000	5.000000	0.002143
YMR290C	YIL131C	0.953864						1.000000	5.000000	0.001725
YGR146C	YDR253C	0.953851						1.000000	5.000000	0.001721
YHL034C	YMR021C	0.953851						0.000000	5.000000	0.001618
YML123C	YDR423C	0.953834						0.000000	-5.000000	0.001714
YHR068W	YKL112W	0.953813						0.000000	5.000000	0.001854
YIL052C	YDR146C	0.953797	0.000000	0.135747	0.168539	0.137217	0.150376	0.000000	5.000000	0.001797
YFR017C	YCR084C	0.953778						0.000000	-5.000000	0.001863
YBL001C	YOL108C	0.953762						0.000000	5.000000	0.001627
YLR066W	YNL103W	0.953756						0.000000	-5.000000	0.001664
YNL202W	YML007W	0.953754						0.000000	5.000000	0.001444
YNL157W	YER088C	0.953753						0.000000	5.000000	0.001912
YJR109C	YKL032C	0.953751	0.000000	0.135593	0.168539	0.137122	0.150282	0.000000	5.000000	0.001279
YGL078C	YDL106C	0.953732						0.000000	5.000000	0.001880
YPL123C	YOR140W	0.953728						0.000000	-5.000000	0.001550
YDR245W	YCR065W	0.953721						0.000000	5.000000	0.001890
YLR258W	YJR127C	0.953700						0.000000	5.000000	0.001595
YDR073W	YKL020C	0.953690						0.000000	5.000000	0.001673
YPL189C-A	YKL020C	0.953686						0.000000	5.000000	0.001882
YGL121C	YJL056C	0.953681						0.000000	5.000000	0.001800
YML087C	YOL067C	0.953679						0.000000	5.000000	0.001636
YOL039W	YMR280C	0.953678						0.000000	-5.000000	0.002026
YGR038W	YPR009W	0.953677						0.000000	5.000000	0.001991
YKL051W	YGL073W	0.953662						1.000000	5.000000	0.001820
YDR508C	YEL009C	0.953658						1.000000	5.000000	0.002000
YGR181W	YNL216W	0.953653						1.000000	5.000000	0.001853
YCR053W	YKL038W	0.953639	0.000000	0.135440	0.168539	0.137027	0.150188	0.000000	5.000000	0.001712
YGL047W	YKR034W	0.953635						0.000000	5.000000	0.002012
YNR046W	YPR104C	0.953633						0.000000	5.000000	0.001897
YGL120C	YDL106C	0.953631						0.000000	5.000000	0.002043
YBR169C	YGL013C	0.953626	0.000000	0.135287	0.168539	0.136933	0.150094	0.000000	5.000000	0.001302
YLR175W	YIL101C	0.953614						0.000000	-5.000000	0.001692
YER095W	YGL013C	0.953611						0.000000	5.000000	0.001965
YML087C	YML007W	0.953594						0.000000	5.000000	0.001810
YEL031W	YMR021C	0.953590						0.000000	5.000000	0.001828
YPR052C	YER088C	0.953587						0.000000	5.000000	0.002058
YDL125C	YDR174W	0.953581						0.000000	5.000000	0.001653
YDR151C	YLR403W	0.953581						1.000000	5.000000	0.002007
YGL196W	YKL032C	0.953567						0.000000	5.000000	0.001760
YDR511W	YOR140W	0.953560						0.000000	-5.000000	0.001823
YER024W	YGL237C	0.953558						0.000000	5.000000	0.001546
YNL002C	YIR023W	0.953555						0.000000	-5.000000	0.001880
YPL177C	YIL131C	0.953551						1.000000	5.000000	0.001741
YHR147C	YGL013C	0.953543						0.000000	5.000000	0.001781
YNL071W	YGL013C	0.953535						0.000000	5.000000	0.001866
YAR027W	YOR140W	0.953521						0.000000	-5.000000	0.001597
YDR242W	YDR259C	0.953517						0.000000	5.000000	0.002021
YPL237W	YLR098C	0.953513						0.000000	-5.000000	0.001700
YDR033W	YDL048C	0.953512						0.000000	5.000000	0.002196
YMR193W	YOL067C	0.953511						0.000000	5.000000	0.001548
YBR115C	YDR034C	0.953494						0.000000	5.000000	0.001768
YER044C	YNL103W	0.953479						0.000000	-5.000000	0.001996
YDR511W	YOR028C	0.953479						0.000000	5.000000	0.002281
YBL076C	YOR344C	0.953471						0.000000	5.000000	0.001722
YGL078C	YPR104C	0.953467						0.000000	5.000000	0.002026
YDL143W	YLR176C	0.953462						0.000000	-5.000000	0.002085
YJR152W	YDR034C	0.953449						0.000000	5.000000	0.001830
YJL196C	YNL103W	0.953441						0.000000	-5.000000	0.001796
YBL076C	YPR065W	0.953432						0.000000	5.000000	0.001611
YFR025C	YIL131C	0.953431						1.000000	5.000000	0.001799
YLR359W	YKL038W	0.953402						0.000000	5.000000	0.001682
YML030W	YGL013C	0.953351						0.000000	5.000000	0.001845
YGL196W	YBR083W	0.953347						0.000000	5.000000	0.001676
YMR146C	YPR104C	0.953340						0.000000	5.000000	0.001699
YOL109W	YKL062W	0.953337						1.000000	-1.000000	0.002060
YLR414C	YHL027W	0.953330						0.000000	-5.000000	0.001500
YNL052W	YOL067C	0.953329						0.000000	-5.000000	0.001510
YDL208W	YPR104C	0.953319						0.000000	5.000000	0.002009
YOL129W	YDR207C	0.953300						0.000000	5.000000	0.002095
YJL079C	YDL048C	0.953284						0.000000	5.000000	0.001923
YNL232W	YDL020C	0.953274						1.000000	-5.000000	0.001815
YDR074W	YER088C	0.953270						0.000000	5.000000	0.001534
YKR096W	YMR016C	0.953262						1.000000	5.000000	0.001786
YBR081C	YHR084W	0.953249						1.000000	5.000000	0.001856
YDL137W	YDR207C	0.953243						0.000000	5.000000	0.001875
YLR100W	YPL133C	0.953232						0.000000	-5.000000	0.001502
YML027W	YMR037C	0.953230						1.000000	5.000000	0.001929
YOR347C	YKR034W	0.953226						0.000000	5.000000	0.001851
YDR322C-A	YJL056C	0.953218						0.000000	5.000000	0.001498
YDL046W	YPL230W	0.953201						0.000000	5.000000	0.002098
YPL218W	YEL009C	0.953182						0.000000	5.000000	0.001748
YHL001W	YHR006W	0.953182						0.000000	-5.000000	0.001639
YOR228C	YGL013C	0.953178						0.000000	5.000000	0.001437
YMR193W	YOR028C	0.953175						0.000000	5.000000	0.001640
YNL044W	YOL116W	0.953171						0.000000	-5.000000	0.001809
YNL315C	YGL237C	0.953170						0.000000	5.000000	0.001818
YJL155C	YKL020C	0.953162						0.000000	5.000000	0.001857
YAL012W	YOR162C	0.953154						1.000000	5.000000	0.001784
YER024W	YOR140W	0.953151						0.000000	-5.000000	0.001842
YDR517W	YDR207C	0.953135						0.000000	5.000000	0.001813
YDR378C	YIR017C	0.953134						0.000000	5.000000	0.001709
YOL021C	YHR124W	0.953130						1.000000	5.000000	0.001779
YER110C	YDR146C	0.953115						0.000000	-5.000000	0.002066
YGL040C	YGL073W	0.953113						0.000000	5.000000	0.001710
YGR214W	YNL027W	0.953112						0.000000	-5.000000	0.001789
YBL107C	YDR081C	0.953092						0.000000	-5.000000	0.001595
YJR152W	YKR034W	0.953078						0.000000	5.000000	0.001605
YPL266W	YDL106C	0.953069						0.000000	5.000000	0.001424
YJL101C	YOR028C	0.953059						1.000000	5.000000	0.001375
YJR058C	YDR207C	0.953052						0.000000	5.000000	0.001448
YER087C-B	YKL043W	0.953042						0.000000	5.000000	0.001804
YDR517W	YMR021C	0.953028						0.000000	5.000000	0.001758
YGR264C	YDR423C	0.953027						0.000000	-5.000000	0.001778
YOL041C	YNL027W	0.953005						0.000000	-5.000000	0.001601
YKL195W	YCR084C	0.952994						0.000000	-5.000000	0.001959
YPR118W	YGR044C	0.952989						0.000000	-5.000000	0.001670
YFL034C-A	YNL216W	0.952987						1.000000	-5.000000	0.001589
YDL127W	YER111C	0.952985						1.000000	5.000000	0.001762
YER063W	YDR174W	0.952984						0.000000	5.000000	0.001405
YOR361C	YGR044C	0.952968						0.000000	-5.000000	0.001816
YDR475C	YPR104C	0.952966						1.000000	5.000000	0.001853
YBR268W	YBL021C	0.952951						0.000000	-5.000000	0.001720
YER165W	YKL038W	0.952940						0.000000	5.000000	0.001302
YER177W	YOL089C	0.952930						0.000000	-5.000000	0.001646
YBR046C	YNL103W	0.952930	0.000000	0.135135	0.168539	0.136838	0.150000	0.000000	-5.000000	0.001861
YDR406W	YJR060W	0.952907						1.000000	5.000000	0.001726
YGR174C	YOL108C	0.952903						0.000000	5.000000	0.001419
YNL192W	YNL103W	0.952893						0.000000	-5.000000	0.001774
YML028W	YDL020C	0.952880	0.000000	0.134983	0.168539	0.136744	0.149906	0.000000	5.000000	0.001685
YOL026C	YMR021C	0.952869						0.000000	5.000000	0.001630
YGL219C	YGL237C	0.952869						0.000000	5.000000	0.001732
YDR153C	YPL230W	0.952844						0.000000	5.000000	0.001830
YLR074C	YPL089C	0.952841	0.000000	0.134831	0.168539	0.136650	0.149813	0.000000	-5.000000	0.002244
YJL001W	YDR207C	0.952836	0.000000	0.134680	0.168539	0.136556	0.149719	0.000000	5.000000	0.001802
YOR259C	YGL237C	0.952832						0.000000	5.000000	0.001872
YDR500C	YIL101C	0.952828						0.000000	-5.000000	0.001499
YKL218C	YKR034W	0.952816						0.000000	5.000000	0.001616
YDR465C	YDL106C	0.952801						0.000000	5.000000	0.001759
YBR034C	YPR104C	0.952797						0.000000	5.000000	0.001979
YGL002W	YDR207C	0.952770						0.000000	5.000000	0.001102
YJL096W	YIL036W	0.952767						0.000000	5.000000	0.001798
YJL014W	YHR178W	0.952756						0.000000	5.000000	0.001589
YOL121C	YHR006W	0.952745	0.000000	0.134529	0.168539	0.136462	0.149626	0.000000	-5.000000	0.001938
YDR408C	YHR206W	0.952737	0.000000	0.134378	0.168539	0.136369	0.149533	0.000000	5.000000	0.002133
YOR161C	YLR256W	0.952719						0.000000	-5.000000	0.001575
YEL012W	YOR140W	0.952717						0.000000	-5.000000	0.001616
YMR170C	YDR207C	0.952687						0.000000	5.000000	0.001660
YML126C	YMR021C	0.952681	0.000000	0.134228	0.168539	0.136182	0.149440	0.000000	5.000000	0.001737
YPL081W	YOR363C	0.952681	0.000000	0.134078	0.168539	0.136182	0.149347	0.000000	5.000000	0.001725
YKL148C	YOL067C	0.952675						0.000000	5.000000	0.001865
YOL064C	YKR034W	0.952666						0.000000	5.000000	0.001801
YIR031C	YDR034C	0.952665						0.000000	5.000000	0.001612
YGL027C	YJR127C	0.952664						0.000000	5.000000	0.001673
YLR009W	YPL089C	0.952660						0.000000	-5.000000	0.001849
YDR385W	YDL048C	0.952646						0.000000	5.000000	0.002283
YDR294C	YHR084W	0.952635						1.000000	5.000000	0.001678
YNL189W	YDR034C	0.952586						0.000000	5.000000	0.001791
YMR246W	YLR176C	0.952582	0.000000	0.133929	0.168539	0.136088	0.149254	0.000000	-5.000000	0.002191
YLL001W	YOR028C	0.952571						0.000000	5.000000	0.001773
YPL117C	YLR176C	0.952559						0.000000	-5.000000	0.001810
YFR050C	YDR207C	0.952550	0.000000	0.133779	0.168539	0.135995	0.149161	0.000000	5.000000	0.001933
YOR276W	YBL005W	0.952550						0.000000	5.000000	0.001687
YMR229C	YPL089C	0.952547						0.000000	-5.000000	0.001654
YIR029W	YDR259C	0.952539						0.000000	5.000000	0.001779
YIL145C	YKL032C	0.952537						0.000000	5.000000	0.001900
YNL045W	YGL013C	0.952527						0.000000	5.000000	0.001790
YLR168C	YPL230W	0.952522						0.000000	5.000000	0.001916
YAR027W	YDR207C	0.952519						0.000000	5.000000	0.001614
YJL164C	YGL013C	0.952516						0.000000	5.000000	0.001571
YEL040W	YMR043W	0.952515	0.000000	0.133630	0.168539	0.135903	0.149068	0.000000	-5.000000	0.001761
YGL047W	YMR021C	0.952515						0.000000	5.000000	0.001555
YJL148W	YNL216W	0.952511						1.000000	-5.000000	0.001772
YLR093C	YGL013C	0.952503						0.000000	5.000000	0.002000
YLR328W	YMR037C	0.952475						1.000000	5.000000	0.001646
YJL210W	YJR060W	0.952448						1.000000	5.000000	0.001249
YLR186W	YOR363C	0.952423						0.000000	5.000000	0.002055
YJL155C	YOR140W	0.952410						0.000000	-5.000000	0.001287
YBL030C	YDL048C	0.952378						0.000000	5.000000	0.001722
YDR225W	YIR017C	0.952373						0.000000	-5.000000	0.001808
YKL013C	YDR174W	0.952369						0.000000	5.000000	0.001896
YGR078C	YMR043W	0.952369						1.000000	5.000000	0.001590
YNL251C	YDL020C	0.952353						1.000000	5.000000	0.002044
YER122C	YCR065W	0.952338						0.000000	5.000000	0.001795
YBL038W	YOL108C	0.952334						0.000000	5.000000	0.001606
YBR106W	YMR043W	0.952328						0.000000	-5.000000	0.001627
YCR082W	YOR140W	0.952326						0.000000	-5.000000	0.001499
YLR438C-A	YGL237C	0.952287						0.000000	5.000000	0.001749
YFR014C	YOR140W	0.952286						0.000000	-5.000000	0.001660
YJL155C	YOL108C	0.952263						0.000000	5.000000	0.001602
YDL120W	YIL036W	0.952248						0.000000	5.000000	0.001572
YKL110C	YBR083W	0.952240						1.000000	5.000000	0.001689
YKL051W	YMR037C	0.952239						1.000000	5.000000	0.001695
YAL035W	YBR239C	0.952231						0.000000	-5.000000	0.001717
YLR250W	YOR140W	0.952220						0.000000	-5.000000	0.001795
YFR024C-A	YDR421W	0.952204						0.000000	5.000000	0.001605
YOR262W	YDL020C	0.952197						1.000000	5.000000	0.001712
YPR052C	YPL202C	0.952190						0.000000	-5.000000	0.001702
YDR284C	YKL032C	0.952179	0.000000	0.133482	0.168539	0.135810	0.148976	0.000000	5.000000	0.001627
YOR232W	YGR044C	0.952176						0.000000	-5.000000	0.001630
YMR217W	YPR104C	0.952168						0.000000	5.000000	0.001617
YBL075C	YKL062W	0.952165						1.000000	5.000000	0.001797
YNL066W	YJR127C	0.952153						0.000000	5.000000	0.001638
YCL059C	YPL089C	0.952148						0.000000	-5.000000	0.001742
YLR065C	YOL028C	0.952138						0.000000	5.000000	0.001436
YGR174C	YGL013C	0.952134						0.000000	5.000000	0.001501
YML042W	YOR028C	0.952112						0.000000	5.000000	0.001251
YDR272W	YER088C	0.952108						0.000000	5.000000	0.001804
YIR034C	YHL027W	0.952088						0.000000	-5.000000	0.001700
YPL183W-A	YOR140W	0.952081						0.000000	-5.000000	0.001498
YML056C	YDR423C	0.952068						0.000000	-5.000000	0.001826
YDR276C	YIR023W	0.952060						0.000000	5.000000	0.001656
YER017C	YMR016C	0.952051						1.000000	5.000000	0.001591
YMR105C	YER088C	0.952051						0.000000	5.000000	0.001693
YCR021C	YPL230W	0.952019						0.000000	5.000000	0.001456
YLR354C	YBL021C	0.952018						0.000000	-5.000000	0.001606
YBR286W	YGL013C	0.952011						0.000000	5.000000	0.001695
YIL160C	YHR084W	0.952010						1.000000	5.000000	0.001678
YPL127C	YKL185W	0.951991						0.000000	5.000000	0.001464
YGR076C	YGL237C	0.951983						0.000000	5.000000	0.001604
YOR303W	YLR256W	0.951971	0.000000	0.133333	0.168539	0.135717	0.148883	0.000000	-5.000000	0.001966
YLR342W	YMR037C	0.951943						1.000000	5.000000	0.001618
YLR258W	YDR034C	0.951943						0.000000	5.000000	0.001497
YOR187W	YOL108C	0.951913						0.000000	5.000000	0.001380
YJR017C	YNL103W	0.951895						0.000000	-5.000000	0.001423
YAL023C	YCR065W	0.951880						0.000000	5.000000	0.001680
YIL111W	YJR127C	0.951826						0.000000	5.000000	0.001742
YLR073C	YNL027W	0.951801						0.000000	-5.000000	0.001729
YPL135W	YEL009C	0.951790						1.000000	5.000000	0.001777
YNL241C	YOR162C	0.951774						1.000000	5.000000	0.001695
YDR511W	YGL237C	0.951746						0.000000	5.000000	0.001660
YLR268W	YIR017C	0.951737	0.000000	0.133185	0.168539	0.135625	0.148791	0.000000	5.000000	0.001709
YMR012W	YKL032C	0.951734						1.000000	5.000000	0.001422
YPL239W	YGL209W	0.951721						0.000000	5.000000	0.001480
YKL024C	YGL209W	0.951720						0.000000	5.000000	0.001513
YHR209W	YDR207C	0.951718						0.000000	5.000000	0.001685
YDR429C	YBR239C	0.951707						0.000000	-5.000000	0.001599
YNL157W	YPL230W	0.951695						0.000000	5.000000	0.001880
YHR094C	YDR310C	0.951672	0.000000	0.133038	0.168539	0.135532	0.148699	0.000000	5.000000	0.001401
YDR019C	YDR034C	0.951669						0.000000	5.000000	0.001432
YMR215W	YKL043W	0.951657						0.000000	5.000000	0.001966
YDL072C	YDR207C	0.951646						0.000000	5.000000	0.001451
YDR494W	YML007W	0.951636						0.000000	5.000000	0.001905
YMR072W	YPL202C	0.951607						0.000000	-5.000000	0.001785
YOR347C	YMR037C	0.951579						1.000000	5.000000	0.001605
YOR027W	YPL202C	0.951571	0.000000	0.132890	0.168539	0.135440	0.148607	0.000000	-5.000000	0.001477
YER124C	YJR127C	0.951558						0.000000	5.000000	0.001765
YIL088C	YKL032C	0.951554						0.000000	5.000000	0.001605
YOR232W	YOL089C	0.951539						0.000000	-5.000000	0.001623
YOL126C	YOR028C	0.951538						1.000000	5.000000	0.001626
YER052C	YJR060W	0.951536						1.000000	5.000000	0.001416
YER067W	YEL009C	0.951525						1.000000	5.000000	0.001613
YJL034W	YKL020C	0.951525						0.000000	5.000000	0.001558
YGL225W	YKL043W	0.951521						0.000000	5.000000	0.001800
YKL128C	YMR043W	0.951519						0.000000	-5.000000	0.001527
YLR421C	YDR174W	0.951512						0.000000	5.000000	0.001835
YGL148W	YMR037C	0.951509						1.000000	5.000000	0.001678
YMR250W	YPL230W	0.951498						0.000000	5.000000	0.001323
YKL086W	YDR207C	0.951498	0.000000	0.132743	0.168539	0.135348	0.148515	0.000000	5.000000	0.001750
YKR059W	YKL038W	0.951494						0.000000	5.000000	0.001485
YOR197W	YGL013C	0.951471						0.000000	5.000000	0.001357
YHL032C	YHR084W	0.951459						0.000000	5.000000	0.001594
YPR149W	YKL062W	0.951458						1.000000	-5.000000	0.001565
YNL002C	YOR363C	0.951457						0.000000	5.000000	0.001440
YOR095C	YPL089C	0.951451						0.000000	-5.000000	0.001601
YJL205C	YJL056C	0.951449						0.000000	5.000000	0.001785
YOL002C	YER184C	0.951438						0.000000	-5.000000	0.001492
YJL026W	YIL119C	0.951437						0.000000	5.000000	0.001413
YLR432W	YOR363C	0.951425						0.000000	5.000000	0.001420
YIL106W	YGL209W	0.951420						0.000000	5.000000	0.001518
YBL102W	YDR207C	0.951400	0.000000	0.132597	0.168539	0.135256	0.148423	0.000000	5.000000	0.001769
YKL001C	YDL048C	0.951390						0.000000	5.000000	0.001415
YIL045W	YML007W	0.951389						0.000000	5.000000	0.001731
YGL120C	YOR363C	0.951371						0.000000	5.000000	0.001407
YBL059C-A	YOR028C	0.951364						0.000000	5.000000	0.001561
YDR073W	YPL230W	0.951360						0.000000	5.000000	0.001489
YFL037W	YGL209W	0.951354						0.000000	5.000000	0.001598
YDR204W	YGL013C	0.951332						0.000000	5.000000	0.001580
YKL085W	YOL067C	0.951328						0.000000	5.000000	0.001596
YBL042C	YNL027W	0.951326						1.000000	5.000000	0.001674
YMR298W	YDR207C	0.951313						0.000000	5.000000	0.001668
YEL011W	YOR140W	0.951311						0.000000	-5.000000	0.001455
YKR081C	YOR363C	0.951305						0.000000	5.000000	0.001575
YGL200C	YMR070W	0.951303						0.000000	5.000000	0.001543
YEL066W	YDR207C	0.951300						0.000000	5.000000	0.001609
YDR388W	YNL103W	0.951287						0.000000	-5.000000	0.001365
YGR043C	YFL021W	0.951277						0.000000	-5.000000	0.001661
YJL123C	YPR008W	0.951244						0.000000	5.000000	0.001335
YEL066W	YKR034W	0.951239						0.000000	5.000000	0.001543
YNL066W	YER088C	0.951237						0.000000	5.000000	0.001595
YLL040C	YIR023W	0.951231						0.000000	5.000000	0.001754
YJR135W-A	YBL021C	0.951219						0.000000	-5.000000	0.001211
YDR477W	YIL131C	0.951216						1.000000	5.000000	0.001348
YBR026C	YOR140W	0.951177						0.000000	-5.000000	0.001563
YNL255C	YKL038W	0.951164						0.000000	5.000000	0.001527
YPR118W	YBL005W	0.951140						0.000000	5.000000	0.001596
YDR208W	YJR127C	0.951132						0.000000	5.000000	0.001589
YPR166C	YOL067C	0.951122						0.000000	5.000000	0.001579
YML056C	YDR146C	0.951121						0.000000	-5.000000	0.001220
YDR072C	YOR162C	0.951117						1.000000	-5.000000	0.001614
YKL117W	YGL096W	0.951072						0.000000	5.000000	0.001717
YLR370C	YDR207C	0.951068						0.000000	5.000000	0.001499
YEL033W	YLR176C	0.951061						0.000000	-5.000000	0.001805
YDR462W	YGL013C	0.951054						0.000000	5.000000	0.001532
YNL175C	YNL027W	0.951020						0.000000	-5.000000	0.001968
YDR533C	YAL051W	0.951017						0.000000	5.000000	0.001359
YJL151C	YDL020C	0.950995						0.000000	5.000000	0.001534
YKL109W	YOR028C	0.950977						0.000000	5.000000	0.001486
YJR074W	YDR421W	0.950974						0.000000	5.000000	0.001651
YDR529C	YGL073W	0.950973						0.000000	5.000000	0.001531
YJR080C	YML007W	0.950956						0.000000	5.000000	0.001331
YJL151C	YJR060W	0.950956						1.000000	5.000000	0.001574
YDR529C	YCR084C	0.950951						0.000000	-5.000000	0.001642
YCL017C	YNL103W	0.950932						0.000000	-5.000000	0.001688
YML030W	YOR028C	0.950931						0.000000	5.000000	0.001826
YKL218C	YBR083W	0.950927						0.000000	5.000000	0.001511
YPL061W	YKL062W	0.950910						1.000000	5.000000	0.001498
YOR158W	YMR037C	0.950896						1.000000	5.000000	0.001486
YDR516C	YER088C	0.950883						0.000000	5.000000	0.001479
YPL013C	YJL056C	0.950868						0.000000	5.000000	0.001521
YEL006W	YDR259C	0.950859						0.000000	5.000000	0.001508
YER177W	YEL009C	0.950851						0.000000	-5.000000	0.001311
YCL005W-A	YDR174W	0.950841						0.000000	5.000000	0.001754
YDR233C	YNL216W	0.950829						1.000000	-5.000000	0.001488
YLR448W	YDR423C	0.950828						0.000000	-5.000000	0.001534
YOR310C	YOR363C	0.950817						0.000000	5.000000	0.001442
YJR008W	YGL073W	0.950797						0.000000	5.000000	0.001260
YMR197C	YOL108C	0.950786						0.000000	5.000000	0.001361
YNL156C	YGL013C	0.950779						0.000000	5.000000	0.001506
YOR163W	YNL103W	0.950773						0.000000	-5.000000	0.001210
YER035W	YLR256W	0.950763						0.000000	-5.000000	0.001596
YJR127C	YHR084W	0.950759						1.000000	5.000000	0.001626
YEL060C	YER088C	0.950735						0.000000	5.000000	0.001415
YKL129C	YDR253C	0.950728						1.000000	5.000000	0.001525
YLR216C	YPL202C	0.950726	0.000000	0.132450	0.168539	0.135164	0.148331	0.000000	-5.000000	0.001606
YNL101W	YER088C	0.950716						0.000000	5.000000	0.001580
YLR370C	YNL103W	0.950709						0.000000	-5.000000	0.001406
YML128C	YCR084C	0.950697						0.000000	-5.000000	0.001508
YJL166W	YOR140W	0.950693						0.000000	-5.000000	0.001523
YJL161W	YOR140W	0.950683						0.000000	-5.000000	0.001646
YLR073C	YOR363C	0.950677						0.000000	5.000000	0.001373
YOR103C	YJR147W	0.950675						0.000000	5.000000	0.001345
YBR088C	YKR099W	0.950670						0.000000	-5.000000	0.001371
YIR036C	YIR023W	0.950666						0.000000	5.000000	0.001582
YMR296C	YOR028C	0.950648						1.000000	5.000000	0.001654
YLR270W	YPL202C	0.950645						0.000000	-5.000000	0.001703
YLR301W	YDR451C	0.950637						0.000000	5.000000	0.001670
YMR290C	YHR124W	0.950624						0.000000	5.000000	0.001641
YIR022W	YDR207C	0.950574						0.000000	5.000000	0.001280
YPR154W	YLR176C	0.950574						0.000000	5.000000	0.001352
YEL011W	YGL013C	0.950573						0.000000	5.000000	0.001436
YDL136W	YOR363C	0.950556	0.000000	0.132304	0.168539	0.135073	0.148240	0.000000	5.000000	0.001460
YLR105C	YPL038W	0.950549						1.000000	5.000000	0.001352
YNR036C	YGL237C	0.950492						0.000000	5.000000	0.001178
YPR060C	YGR044C	0.950477						0.000000	-5.000000	0.001390
YHL032C	YGL237C	0.950473						0.000000	5.000000	0.001519
YOR234C	YDL106C	0.950472						0.000000	5.000000	0.001445
YLR241W	YDR253C	0.950469						1.000000	5.000000	0.001367
YCR097W	YML007W	0.950464						0.000000	5.000000	0.001320
YCL033C	YOR140W	0.950455						0.000000	-5.000000	0.001333
YGL253W	YDR216W	0.950449						0.000000	5.000000	0.001525
YIL155C	YOR028C	0.950429						0.000000	5.000000	0.001460
YDL136W	YIL101C	0.950424	0.000000	0.132159	0.168539	0.134981	0.148148	0.000000	-5.000000	0.001521
YLR437C	YLR228C	0.950407						0.000000	5.000000	0.001571
YMR109W	YHR084W	0.950402						1.000000	5.000000	0.001595
YNL075W	YPL089C	0.950397						0.000000	-5.000000	0.001387
YLR264W	YIL131C	0.950359						1.000000	5.000000	0.001647
YMR256C	YJL056C	0.950355						0.000000	5.000000	0.001383
YDR148C	YJL056C	0.950320						0.000000	5.000000	0.001516
YPL198W	YOR358W	0.950312	0.000000	0.132013	0.168539	0.134890	0.148057	0.000000	-5.000000	0.001664
YML125C	YGR044C	0.950299						0.000000	-5.000000	0.001410
YHR029C	YDL170W	0.950297						0.000000	-5.000000	0.001884
YDR465C	YNL027W	0.950256						0.000000	-5.000000	0.001361
YJL158C	YIR017C	0.950251						0.000000	5.000000	0.001586
YOR153W	YPL075W	0.950246						0.000000	5.000000	0.001554
YLR330W	YPR008W	0.950235						0.000000	5.000000	0.001639
YBR256C	YKL032C	0.950224						0.000000	5.000000	0.001392
YGR221C	YER111C	0.950223						1.000000	-5.000000	0.001371
YGL209W	YMR037C	0.950196						1.000000	5.000000	0.001299
YER086W	YGL209W	0.950182						0.000000	5.000000	0.001347
YDR453C	YGL013C	0.950168	0.000000	0.131868	0.168539	0.134799	0.147965	0.000000	5.000000	0.001347
YNR053C	YNL027W	0.950160						0.000000	-5.000000	0.001163
YLR100W	YDR207C	0.950133						0.000000	5.000000	0.001219
YMR307W	YML027W	0.950133						0.000000	5.000000	0.001546
YBR291C	YDL048C	0.950132						0.000000	5.000000	0.001424
YPL222W	YML007W	0.950125						0.000000	5.000000	0.001307
YER031C	YMR070W	0.950094						0.000000	5.000000	0.001353
YFR049W	YGL237C	0.950075						0.000000	5.000000	0.001449
YNL044W	YJR147W	0.950059						0.000000	5.000000	0.001490
YER056C-A	YNL027W	0.950056						0.000000	5.000000	0.001673
YJL097W	YDR207C	0.950028						0.000000	5.000000	0.001264
YML052W	YKL043W	0.950025						0.000000	5.000000	0.001510
YOR223W	YKL020C	0.950025						0.000000	5.000000	0.001405
YGL037C	YGL013C	0.950016						0.000000	5.000000	0.001186
YDL046W	YDL048C	0.950006						0.000000	5.000000	0.001477
YLR099W-A	YKR034W	0.950005						0.000000	5.000000	0.001683
YPR010C	YNL027W	0.950002						0.000000	-5.000000	0.001513
YOR173W	YCR084C	0.949983						0.000000	-5.000000	0.001464
YGR256W	YAL051W	0.949962						0.000000	5.000000	0.001008
YML001W	YNL103W	0.949956						0.000000	-5.000000	0.001653
YOR228C	YOR140W	0.949943						0.000000	-5.000000	0.001467
YBR251W	YJL056C	0.949917						0.000000	5.000000	0.002015
YBR106W	YHR178W	0.949913						0.000000	5.000000	0.001495
YEL040W	YPL038W	0.949903	0.000000	0.131723	0.168539	0.134708	0.147874	0.000000	-5.000000	0.001380
YIL010W	YDR174W	0.949902						0.000000	5.000000	0.001122
YGL225W	YER111C	0.949899	0.000000	0.131579	0.168539	0.134617	0.147783	0.000000	5.000000	0.001341
YOL077W-A	YGL237C	0.949895						0.000000	5.000000	0.001648
YJL115W	YMR037C	0.949894						1.000000	5.000000	0.000977
YPL094C	YIL036W	0.949877						0.000000	5.000000	0.001372
YMR203W	YDR174W	0.949869						0.000000	5.000000	0.001419
YPR120C	YHR124W	0.949865						1.000000	5.000000	0.001456
YER046W	YDR253C	0.949840						1.000000	5.000000	0.001386
YML009C	YOL067C	0.949829						0.000000	5.000000	0.001554
YDL133C-A	YGL209W	0.949825						0.000000	5.000000	0.001255
YGL224C	YDR207C	0.949772						0.000000	5.000000	0.001391
YDL201W	YGR044C	0.949748						0.000000	-5.000000	0.001423
YPL173W	YGL013C	0.949738						0.000000	5.000000	0.001228
YGR037C	YDR207C	0.949712						0.000000	5.000000	0.001473
YBL068W	YGR044C	0.949701						0.000000	-5.000000	0.001384
YIL002C	YHR084W	0.949684						1.000000	5.000000	0.001292
YHR042W	YDR034C	0.949684						0.000000	5.000000	0.001525
YFL018C	YGL013C	0.949670	0.000000	0.131435	0.168539	0.134526	0.147692	0.000000	5.000000	0.001523
YJR059W	YJR060W	0.949658						1.000000	5.000000	0.001404
YPR154W	YPL230W	0.949657						0.000000	5.000000	0.001300
YPL177C	YDR207C	0.949639						0.000000	5.000000	0.001582
YKL128C	YDR451C	0.949629						0.000000	5.000000	0.001425
YGR244C	YGL013C	0.949616						0.000000	5.000000	0.001553
YIL056W	YDR123C	0.949614	0.000000	0.131291	0.168539	0.134435	0.147601	0.000000	-5.000000	0.001212
YLR216C	YCR084C	0.949609						0.000000	-5.000000	0.001415
YNL044W	YDL056W	0.949590						0.000000	5.000000	0.001489
YFR053C	YGL013C	0.949572						0.000000	5.000000	0.001384
YER021W	YKL062W	0.949569						1.000000	5.000000	0.001243
YOR347C	YNL103W	0.949562						0.000000	-5.000000	0.001512
YPL234C	YDR174W	0.949531						0.000000	5.000000	0.001392
YJR074W	YKL032C	0.949528						0.000000	5.000000	0.001318
YKL141W	YOL108C	0.949519						0.000000	5.000000	0.001443
YDR343C	YDR213W	0.949504						0.000000	-5.000000	0.001354
YKL196C	YLR176C	0.949478						0.000000	-5.000000	0.001230
YHR163W	YDR451C	0.949464						0.000000	5.000000	0.001320
YMR184W	YKL032C	0.949421						0.000000	5.000000	0.001394
YPR183W	YBL021C	0.949421						0.000000	-5.000000	0.001669
YPR010C	YHR124W	0.949397						0.000000	5.000000	0.001369
YGL195W	YHR084W	0.949397						1.000000	-5.000000	0.001406
YHR198C	YML007W	0.949389						0.000000	5.000000	0.001319
YLR388W	YLR451W	0.949350	0.000000	0.131148	0.168539	0.134345	0.147511	0.000000	5.000000	0.001462
YEL032W	YOR162C	0.949350						1.000000	5.000000	0.001422
YDR343C	YKL062W	0.949333						1.000000	-5.000000	0.001315
YJR113C	YDR253C	0.949333						1.000000	5.000000	0.001395
YDR156W	YHR124W	0.949322						0.000000	5.000000	0.001026
YLR390W	YOR028C	0.949308						0.000000	5.000000	0.001269
YNL220W	YGL209W	0.949300						0.000000	5.000000	0.001362
YCR088W	YJR060W	0.949286						1.000000	5.000000	0.001528
YKL218C	YDR259C	0.949250						0.000000	5.000000	0.001419
YDR165W	YPR104C	0.949241						0.000000	5.000000	0.001267
YJL161W	YPL230W	0.949240						0.000000	5.000000	0.001362
YDL178W	YHR084W	0.949211						1.000000	5.000000	0.001301
YOR362C	YDR207C	0.949197						0.000000	5.000000	0.001591
YIL105C	YMR016C	0.949178						0.000000	5.000000	0.001251
YFR014C	YGL073W	0.949171						0.000000	5.000000	0.001275
YMR039C	YPL230W	0.949151						0.000000	5.000000	0.001554
YER048C	YGL237C	0.949135						0.000000	5.000000	0.001172
YJR138W	YMR016C	0.949081						1.000000	5.000000	0.001322
YDL232W	YML027W	0.949072						0.000000	5.000000	0.001264
YLR163C	YGL013C	0.949058						0.000000	5.000000	0.001646
YJL111W	YKL038W	0.949047						0.000000	5.000000	0.001456
YOR223W	YPL230W	0.949046						0.000000	5.000000	0.001377
YOR361C	YDL106C	0.949038						0.000000	5.000000	0.001265
YPR030W	YMR016C	0.949035						0.000000	5.000000	0.001270
YIR012W	YNL027W	0.949028						0.000000	-5.000000	0.001362
YAL007C	YER111C	0.949027						0.000000	5.000000	0.001388
YOR348C	YER088C	0.949004						0.000000	5.000000	0.000964
YDR232W	YDL048C	0.948987						0.000000	5.000000	0.001400
YJR135W-A	YDR421W	0.948979						0.000000	5.000000	0.001378
YJL079C	YOR028C	0.948979	1.000000	0.132096	0.169944	0.135514	0.148649	0.000000	5.000000	0.001334
YOR042W	YGL096W	0.948975						0.000000	5.000000	0.001336
YIL106W	YBR066C	0.948969						0.000000	5.000000	0.001418
YBL091C-A	YJR127C	0.948960						0.000000	5.000000	0.001162
YLR201C	YKL020C	0.948960						0.000000	5.000000	0.001400
YOL048C	YOR140W	0.948956						0.000000	-5.000000	0.001280
YLR253W	YHR206W	0.948955						1.000000	5.000000	0.001377
YBR039W	YGL237C	0.948949						0.000000	-5.000000	0.001377
YHR064C	YPR104C	0.948942						0.000000	5.000000	0.001267
YEL002C	YIR017C	0.948929						0.000000	5.000000	0.001256
YBL078C	YLR451W	0.948924						0.000000	-5.000000	0.001400
YBR218C	YER088C	0.948920						0.000000	5.000000	0.001169
YHR108W	YKL043W	0.948920						0.000000	5.000000	0.001337
YDR242W	YKR034W	0.948892						0.000000	5.000000	0.001329
YBL050W	YDR207C	0.948875						0.000000	5.000000	0.001082
YGR120C	YHR084W	0.948874						1.000000	5.000000	0.001339
YMR040W	YMR037C	0.948869						1.000000	5.000000	0.001333
YER031C	YNL103W	0.948835						0.000000	-5.000000	0.001230
YPL091W	YER088C	0.948835						0.000000	5.000000	0.001445
YDR238C	YDR421W	0.948830						0.000000	5.000000	0.001180
YDR261C	YML007W	0.948798						1.000000	5.000000	0.001003
YPL098C	YGL013C	0.948791						0.000000	5.000000	0.001177
YMR049C	YNL027W	0.948774						0.000000	-5.000000	0.001498
YLL009C	YML007W	0.948770						0.000000	5.000000	0.001265
YER023W	YBL021C	0.948744						0.000000	-5.000000	0.001126
YDR510W	YLR014C	0.948736						0.000000	5.000000	0.001241
YIR036C	YDR207C	0.948732						0.000000	5.000000	0.001304
YLR203C	YGL013C	0.948730						0.000000	5.000000	0.001154
YBL059C-A	YGL237C	0.948727						0.000000	5.000000	0.001256
YKL010C	YNL216W	0.948696						1.000000	5.000000	0.001359
YDL181W	YOL108C	0.948694						0.000000	5.000000	0.001085
YEL007W	YNL216W	0.948687						1.000000	5.000000	0.001464
YNL112W	YNL027W	0.948680						0.000000	-5.000000	0.001488
YAL049C	YGL013C	0.948655						0.000000	5.000000	0.001068
YKL067W	YOL108C	0.948648						0.000000	5.000000	0.001163
YOR074C	YNL068C	0.948646						1.000000	5.000000	0.000986
YBL099W	YBL021C	0.948635						0.000000	5.000000	0.001145
YLR056W	YDL056W	0.948618	0.000000	0.131952	0.169944	0.135423	0.148557	0.000000	5.000000	0.000988
YDR339C	YPR104C	0.948606						0.000000	5.000000	0.001330
YLR342W	YML027W	0.948534						0.000000	-5.000000	0.001273
YML009C	YOL108C	0.948524						0.000000	5.000000	0.001232
YPL118W	YCR084C	0.948523						0.000000	-5.000000	0.001129
YHR064C	YDR253C	0.948509						0.000000	-5.000000	0.001230
YPL031C	YDR174W	0.948499						0.000000	5.000000	0.001282
YMR041C	YPL230W	0.948482						0.000000	5.000000	0.001170
YGR174C	YOR140W	0.948481						0.000000	-5.000000	0.001196
YDR533C	YLR256W	0.948472						0.000000	-5.000000	0.001148
YBR147W	YDR034C	0.948448						0.000000	5.000000	0.001071
YBR147W	YER088C	0.948446						0.000000	5.000000	0.001277
YLR197W	YDR423C	0.948430						0.000000	-5.000000	0.001163
YDL127W	YHR084W	0.948428						1.000000	-5.000000	0.001282
YPL135W	YKL020C	0.948412						0.000000	5.000000	0.001249
YFR047C	YGL013C	0.948395						0.000000	5.000000	0.001311
YOR273C	YGL013C	0.948380	0.000000	0.131808	0.169944	0.135332	0.148466	0.000000	5.000000	0.001424
YJL138C	YDL048C	0.948350						0.000000	5.000000	0.001364
YPL265W	YDR207C	0.948306	0.000000	0.131665	0.169944	0.135242	0.148375	0.000000	5.000000	0.001420
YPR110C	YNL027W	0.948253						0.000000	-5.000000	0.001228
YBL038W	YGL237C	0.948234						0.000000	5.000000	0.001325
YKL148C	YGL237C	0.948230						0.000000	5.000000	0.001134
YOR023C	YNL216W	0.948225						1.000000	5.000000	0.001316
YDR342C	YGL209W	0.948225	0.000000	0.131522	0.169944	0.135151	0.148284	0.000000	5.000000	0.001355
YJR016C	YKR099W	0.948185	0.000000	0.131379	0.169944	0.135061	0.148194	0.000000	5.000000	0.001441
YIL155C	YOL067C	0.948185						0.000000	5.000000	0.001299
YOR303W	YBR066C	0.948176						0.000000	5.000000	0.001054
YLR025W	YCR084C	0.948174						0.000000	-5.000000	0.001238
YLR168C	YJL056C	0.948146						0.000000	5.000000	0.000960
YMR286W	YIL036W	0.948140						0.000000	5.000000	0.001359
YNL131W	YER088C	0.948139						0.000000	5.000000	0.001579
YML012W	YDR207C	0.948131						0.000000	5.000000	0.001377
YLR390W	YJL056C	0.948130						0.000000	5.000000	0.001313
YMR031C	YGL013C	0.948123						0.000000	5.000000	0.001358
YOR228C	YJL056C	0.948123						0.000000	5.000000	0.001174
YDR399W	YDR423C	0.948093						0.000000	-5.000000	0.001193
YBR218C	YJR127C	0.948088						0.000000	5.000000	0.001089
YBR035C	YDR207C	0.948088						0.000000	5.000000	0.001341
YML129C	YJL056C	0.948038						0.000000	5.000000	0.000836
YDR127W	YMR021C	0.948025						0.000000	5.000000	0.001150
YKR081C	YDR423C	0.948020						0.000000	-5.000000	0.001267
YHR209W	YNL103W	0.947998						0.000000	-5.000000	0.001227
YGR007W	YML081W	0.947976						0.000000	5.000000	0.001166
YOL030W	YGL209W	0.947958						0.000000	5.000000	0.001091
YPL081W	YBR239C	0.947940						0.000000	-5.000000	0.001104
YER021W	YGL013C	0.947926						0.000000	5.000000	0.001284
YGL048C	YLR176C	0.947925						0.000000	-5.000000	0.001324
YPL230W	YGL013C	0.947909						0.000000	5.000000	0.001109
YLR073C	YHR006W	0.947905						0.000000	-5.000000	0.001368
YKL109W	YJL056C	0.947870						0.000000	5.000000	0.001005
YLR073C	YDR146C	0.947842						0.000000	-5.000000	0.001525
YPR144C	YHR084W	0.947811						1.000000	-5.000000	0.001162
YNL075W	YOR363C	0.947810						0.000000	5.000000	0.001191
YKL009W	YNL027W	0.947810						0.000000	5.000000	0.001108
YHR043C	YER088C	0.947796						0.000000	5.000000	0.001304
YNL149C	YOL028C	0.947790						0.000000	5.000000	0.001352
YDR453C	YOR140W	0.947787						0.000000	-5.000000	0.001284
YDL133C-A	YBR239C	0.947780						0.000000	5.000000	0.001484
YGL248W	YKR034W	0.947779						0.000000	5.000000	0.001247
YGL224C	YDL020C	0.947744						0.000000	5.000000	0.001253
YNL016W	YDR174W	0.947728						0.000000	5.000000	0.001339
YJR135W-A	YNL103W	0.947707						0.000000	-5.000000	0.001105
YBR024W	YCR084C	0.947663						0.000000	-5.000000	0.000868
YOR347C	YDR259C	0.947649						0.000000	5.000000	0.001177
YLR218C	YNL103W	0.947633						0.000000	-5.000000	0.001295
YML128C	YJL056C	0.947633						0.000000	5.000000	0.001152
YKL157W	YIR023W	0.947610						0.000000	5.000000	0.001054
YDL188C	YPL202C	0.947600						0.000000	-5.000000	0.001203
YIL033C	YER088C	0.947553						0.000000	5.000000	0.001221
YNL168C	YKL032C	0.947548						0.000000	5.000000	0.001149
YDL210W	YDR259C	0.947542						0.000000	-5.000000	0.001203
YPL106C	YLR176C	0.947541	0.000000	0.131236	0.169944	0.134971	0.148103	0.000000	-5.000000	0.001235
YHR096C	YLR256W	0.947531	0.000000	0.131094	0.169944	0.134881	0.148012	0.000000	-5.000000	0.001229
YJR143C	YCR065W	0.947513						0.000000	5.000000	0.001134
YIL125W	YML007W	0.947497						0.000000	5.000000	0.001293
YPR101W	YHR084W	0.947459						1.000000	5.000000	0.001286
YDR429C	YGR044C	0.947455						0.000000	-5.000000	0.001276
YBL015W	YOR028C	0.947452	0.000000	0.130952	0.169944	0.134791	0.147922	0.000000	5.000000	0.001073
YNL315C	YOL108C	0.947422						0.000000	5.000000	0.001053
YER057C	YBL021C	0.947416						0.000000	-5.000000	0.001196
YKR089C	YPL230W	0.947412						0.000000	5.000000	0.001211
YJL101C	YJR060W	0.947383						1.000000	5.000000	0.000882
YNR059W	YHR084W	0.947371						1.000000	5.000000	0.001161
YMR110C	YCR084C	0.947365						0.000000	-5.000000	0.001162
YDL201W	YPL089C	0.947348						0.000000	-5.000000	0.001198
YPL273W	YPR009W	0.947345						0.000000	5.000000	0.001320
YFR052W	YNL103W	0.947334						0.000000	-5.000000	0.000999
YDR178W	YJL056C	0.947328						0.000000	5.000000	0.001007
Q0050	YOR028C	0.947315						0.000000	5.000000	0.001308
YOL151W	YGL013C	0.947307						0.000000	5.000000	0.001106
YER155C	YHR084W	0.947303						1.000000	5.000000	0.001023
YML106W	YBL005W	0.947292						0.000000	5.000000	0.001208
YMR031C	YPL230W	0.947275						0.000000	5.000000	0.001052
YDR272W	YPL202C	0.947260						0.000000	-5.000000	0.001128
YML087C	YOR028C	0.947258						0.000000	5.000000	0.001101
YLR009W	YDR423C	0.947254						0.000000	-5.000000	0.000991
YPL211W	YPR104C	0.947216						0.000000	5.000000	0.001201
YIL056W	YGL209W	0.947176	0.000000	0.130811	0.169944	0.134701	0.147831	0.000000	5.000000	0.001418
YPR118W	YPR104C	0.947145						0.000000	5.000000	0.001022
YBR221C	YER088C	0.947138						0.000000	5.000000	0.000942
YDL008W	YIL119C	0.947134						0.000000	5.000000	0.001303
YNL008C	YPL230W	0.947131						0.000000	5.000000	0.000838
YER048W-A	YKL032C	0.947119						0.000000	5.000000	0.001227
YOR232W	YGL096W	0.947118						0.000000	5.000000	0.001117
YOR361C	YML081W	0.947110						0.000000	5.000000	0.001210
YKL128C	YPL075W	0.947100						0.000000	5.000000	0.000988
YKL008C	YMR043W	0.947097						0.000000	-5.000000	0.001042
YNL037C	YCR084C	0.947082						0.000000	-5.000000	0.001187
YPR103W	YNL103W	0.947072						0.000000	-5.000000	0.001150
YOL048C	YLR256W	0.947003						0.000000	-5.000000	0.000896
YKL099C	YOR363C	0.946945						0.000000	5.000000	0.001314
YDR342C	YDL048C	0.946939						0.000000	5.000000	0.001184
YHR039C-A	YBR066C	0.946912						0.000000	5.000000	0.001097
YPL220W	YGL209W	0.946873	0.000000	0.130670	0.169944	0.134611	0.147741	0.000000	5.000000	0.001217
YLR328W	YGL209W	0.946870						0.000000	5.000000	0.001093
YLR390W	YOL067C	0.946854						0.000000	5.000000	0.001054
YNL110C	YDR423C	0.946850						0.000000	-5.000000	0.001035
YNL274C	YER088C	0.946841						0.000000	5.000000	0.001152
YIR012W	YPR104C	0.946823						0.000000	5.000000	0.001375
YKL054C	YDL048C	0.946818						0.000000	5.000000	0.001112
YOR187W	YOR140W	0.946811						0.000000	-5.000000	0.001413
YHR016C	YNL103W	0.946796						0.000000	-5.000000	0.001328
YJR103W	YOR140W	0.946783						0.000000	-5.000000	0.000902
YEL006W	YDR034C	0.946738						0.000000	5.000000	0.000984
YGR076C	YJL056C	0.946729						0.000000	5.000000	0.001237
YPR124W	YPL202C	0.946719						0.000000	-5.000000	0.001170
YIL043C	YLR176C	0.946633						0.000000	-5.000000	0.001116
YDR457W	YDR207C	0.946629						0.000000	5.000000	0.001056
YGR076C	YIL036W	0.946627						0.000000	5.000000	0.001089
YGL156W	YAL051W	0.946620						0.000000	5.000000	0.001075
YDR171W	YGL013C	0.946587	0.000000	0.130529	0.169944	0.134522	0.147651	0.000000	5.000000	0.001126
YMR146C	YLR098C	0.946562						0.000000	-5.000000	0.001001
YGL105W	YKL038W	0.946531						0.000000	5.000000	0.001074
YKL067W	YGL013C	0.946524						0.000000	5.000000	0.001184
YFR053C	YKL020C	0.946475						0.000000	5.000000	0.001114
YDL131W	YDL048C	0.946471						0.000000	5.000000	0.001255
YCR024C-A	YGL209W	0.946465						0.000000	5.000000	0.000922
YJR069C	YFR034C	0.946459						0.000000	5.000000	0.001056
YOR253W	YOL028C	0.946443						0.000000	5.000000	0.000867
YER031C	YDR207C	0.946419						0.000000	5.000000	0.001078
YCL045C	YOR230W	0.946393						0.000000	5.000000	0.000982
YDR385W	YKR099W	0.946364						0.000000	5.000000	0.001112
YHR089C	YDR423C	0.946347						0.000000	-5.000000	0.001023
YOR101W	YAL051W	0.946338						1.000000	5.000000	0.001289
YHL002W	YDL048C	0.946332						0.000000	5.000000	0.000979
YOR153W	YNL199C	0.946314						0.000000	5.000000	0.001097
YBR199W	YER088C	0.946218						0.000000	5.000000	0.000709
YJL145W	YPR009W	0.946209						0.000000	5.000000	0.001064
YOR310C	YIL101C	0.946180						0.000000	-5.000000	0.000994
YCL050C	YPR009W	0.946166						0.000000	5.000000	0.001040
YBR079C	YBR239C	0.946138						0.000000	-5.000000	0.001129
YGL224C	YMR070W	0.946120						0.000000	5.000000	0.000937
YMR235C	YKL038W	0.946119						0.000000	5.000000	0.000890
YLL001W	YGL237C	0.946050						0.000000	5.000000	0.000973
YLR079W	YPR008W	0.946015						0.000000	5.000000	0.000922
YPR008W	YNL216W	0.946011						1.000000	5.000000	0.001229
YNL301C	YIL101C	0.946009	0.000000	0.130388	0.169944	0.134432	0.147561	0.000000	-5.000000	0.000927
YHR047C	YML007W	0.946009						1.000000	5.000000	0.001135
YPL220W	YKR099W	0.945981	0.000000	0.130248	0.169944	0.134343	0.147471	0.000000	5.000000	0.001184
YCL001W	YER111C	0.945977						0.000000	5.000000	0.001124
YNL315C	YOR140W	0.945976						0.000000	-5.000000	0.001255
YDR511W	YGL013C	0.945935						0.000000	5.000000	0.000913
YDR122W	YMR016C	0.945895						1.000000	5.000000	0.000924
YML070W	YKL020C	0.945882						0.000000	5.000000	0.001108
YKL172W	YNL027W	0.945826						0.000000	-5.000000	0.001007
YML052W	YMR037C	0.945811						1.000000	5.000000	0.000987
YIL045W	YGL013C	0.945782						0.000000	5.000000	0.001028
YER067W	YOR140W	0.945747						0.000000	-5.000000	0.000932
YER012W	YLR176C	0.945714						0.000000	-5.000000	0.000889
YPR062W	YGL096W	0.945686						0.000000	5.000000	0.001019
YPR165W	YKL032C	0.945652						0.000000	5.000000	0.000968
YGL011C	YNL103W	0.945638						0.000000	-5.000000	0.001141
YNL113W	YPR104C	0.945607						0.000000	5.000000	0.000859
YER003C	YIR017C	0.945603						0.000000	5.000000	0.000989
YDR384C	YMR016C	0.945593						1.000000	5.000000	0.000973
YDR100W	YNL103W	0.945587						0.000000	-5.000000	0.001020
YKL094W	YPL230W	0.945578						0.000000	5.000000	0.000854
YDR388W	YGL013C	0.945561						0.000000	5.000000	0.000938
YML004C	YKL020C	0.945526						0.000000	5.000000	0.000986
YMR131C	YNL027W	0.945437						0.000000	-5.000000	0.000996
YDR310C	YHR084W	0.945423						1.000000	5.000000	0.000927
YAL043C	YHR084W	0.945421						1.000000	5.000000	0.001228
YBR026C	YJL056C	0.945419						0.000000	5.000000	0.001058
YER006W	YOR363C	0.945400						0.000000	5.000000	0.000960
YPR124W	YOR140W	0.945367						0.000000	-5.000000	0.000916
YDL053C	YPL230W	0.945350						0.000000	5.000000	0.000912
YMR308C	YER111C	0.945349						1.000000	5.000000	0.000934
YMR049C	YOR363C	0.945301						0.000000	5.000000	0.001031
YOR038C	YIL131C	0.945267						1.000000	5.000000	0.001084
YGL161C	YDR207C	0.945249						0.000000	5.000000	0.000998
YOL082W	YMR037C	0.945234						1.000000	5.000000	0.001055
YMR157C	YGL237C	0.945227						0.000000	5.000000	0.000939
YPR060C	YDR520C	0.945214						0.000000	5.000000	0.000960
YER176W	YEL009C	0.945207						1.000000	5.000000	0.000954
YCR009C	YDR207C	0.945150						0.000000	5.000000	0.001047
YHR108W	YDL056W	0.945126						0.000000	5.000000	0.000983
YKL195W	YGL013C	0.945097						0.000000	5.000000	0.000989
YMR041C	YLR256W	0.945049						0.000000	-5.000000	0.000854
YER038C	YDR034C	0.945047						0.000000	5.000000	0.001047
YMR083W	YNL103W	0.945039						0.000000	-5.000000	0.000978
YBR109C	YDR034C	0.945010						0.000000	5.000000	0.000952
YLR166C	YLR403W	0.945005						1.000000	5.000000	0.001096
YLR350W	YPL230W	0.945003						0.000000	5.000000	0.000866
YLR003C	YDR146C	0.944997	0.000000	0.130108	0.169944	0.134254	0.147381	0.000000	-5.000000	0.001078
YML004C	YGL013C	0.944996						0.000000	5.000000	0.000986
YHL011C	YBR239C	0.944991						0.000000	-5.000000	0.001015
YMR314W	YPL202C	0.944969						0.000000	-5.000000	0.000918
YBL026W	YHR084W	0.944937						1.000000	5.000000	0.000905
YFR047C	YER088C	0.944931						0.000000	5.000000	0.000926
YPL173W	YIL036W	0.944927						0.000000	5.000000	0.001038
YDL075W	YIL101C	0.944860	0.000000	0.129968	0.169944	0.134165	0.147292	0.000000	-5.000000	0.000946
YDR150W	YMR037C	0.944824						1.000000	5.000000	0.000956
YPR019W	YHR124W	0.944808						1.000000	5.000000	0.000979
YNL310C	YMR021C	0.944779						0.000000	5.000000	0.000847
YEL012W	YML007W	0.944727						0.000000	5.000000	0.000813
YGL248W	YKL032C	0.944667						0.000000	5.000000	0.000878
YBL059C-A	YJL056C	0.944662						0.000000	5.000000	0.000930
YOR004W	YPL089C	0.944618						0.000000	-5.000000	0.001127
YKL067W	YOR140W	0.944604						0.000000	-5.000000	0.000816
YDR519W	YKL032C	0.944588						0.000000	5.000000	0.000876
YOR168W	YML081W	0.944574						0.000000	5.000000	0.000825
YOR094W	YMR043W	0.944239						1.000000	5.000000	0.000767
YLR164W	YML007W	0.944224						0.000000	5.000000	0.000855
YOL092W	YLR013W	0.944202						0.000000	5.000000	0.000775
YJL159W	YJR127C	0.944153						0.000000	5.000000	0.000833
YOR007C	YPL202C	0.944125	0.000000	0.129828	0.169944	0.134076	0.147202	0.000000	-5.000000	0.000892
YMR170C	YOR140W	0.944104						0.000000	-5.000000	0.000932
YLR268W	YDR207C	0.944099	0.000000	0.129689	0.169944	0.133987	0.147112	0.000000	5.000000	0.000905
YOL030W	YDR034C	0.944066						0.000000	5.000000	0.000869
YNL157W	YJR127C	0.944057						0.000000	5.000000	0.000798
YNL180C	YBR066C	0.943986						0.000000	5.000000	0.000864
YJR070C	YIL101C	0.943982						0.000000	-5.000000	0.000905
YHR143W	YOR230W	0.943953						0.000000	5.000000	0.000889
YIL114C	YMR016C	0.943951						1.000000	5.000000	0.000988
YHR190W	YDR207C	0.943821						0.000000	5.000000	0.001012
YOR294W	YBR083W	0.943791						0.000000	-5.000000	0.000731
YJL186W	YBR083W	0.943727						1.000000	5.000000	0.000835
YDR165W	YOR363C	0.943712						0.000000	5.000000	0.000914
YGR161C	YDR034C	0.943705						0.000000	5.000000	0.000892
YER053C	YCR084C	0.943704						0.000000	-5.000000	0.000887
YLL026W	YDL048C	0.943696						0.000000	5.000000	0.000856
YLR286C	YOR230W	0.943667						0.000000	5.000000	0.000717
YPR166C	YGL013C	0.943651						0.000000	5.000000	0.000876
YGL022W	YDR034C	0.943628						0.000000	5.000000	0.000880
YMR241W	YCR065W	0.943575						0.000000	5.000000	0.000917
YCR071C	YGL073W	0.943546						0.000000	5.000000	0.000910
YER119C	YNL103W	0.943523						0.000000	-5.000000	0.000859
YBR115C	YJR127C	0.943495						0.000000	5.000000	0.000931
YGL078C	YIL101C	0.943418						0.000000	-5.000000	0.000846
YDR211W	YHR084W	0.943263						1.000000	5.000000	0.000844
YGL196W	YER088C	0.943043						0.000000	5.000000	0.000670
YER119C	YDR207C	0.942908						0.000000	5.000000	0.000835
YJR127C	YDR253C	0.942887						1.000000	5.000000	0.000705
YFL016C	YGL209W	0.942858	0.000000	0.129550	0.169944	0.133899	0.147023	0.000000	5.000000	0.000736
YMR244C-A	YGL237C	0.942723						0.000000	5.000000	0.000752
YBR037C	YGL013C	0.942559						0.000000	5.000000	0.000867
YML009C	YGL013C	0.942552						0.000000	5.000000	0.000822
YPL053C	YDR253C	0.942469						1.000000	-5.000000	0.000830
YFL005W	YOL089C	0.942452						0.000000	-5.000000	0.000799
YMR311C	YPL230W	0.942401						0.000000	5.000000	0.000824
YBR066C	YDR123C	0.942171						1.000000	5.000000	0.000731
YML058W	YGL209W	0.941871						0.000000	5.000000	0.000655
YJL153C	YDR123C	0.800008						1.000000	4.000000	1.000000
YGR234W	YOL089C	0.799653						1.000000	4.000000	0.360698
YBR072W	YHL027W	0.799161						1.000000	4.000000	0.231906
YBR222C	YGL071W	0.798594						1.000000	4.000000	0.151973
YLR048W	YLR403W	0.798584	0.000000	0.129412	0.169944	0.133810	0.146934	0.000000	4.000000	0.140426
YGL103W	YLR403W	0.798393	1.000000	0.130342	0.171348	0.134968	0.148058	0.000000	4.000000	0.147782
YBR031W	YLR403W	0.797927	1.000000	0.131270	0.172753	0.136125	0.149181	0.000000	4.000000	0.109647
YML028W	YPL075W	0.797912	0.000000	0.131130	0.172753	0.136035	0.149091	0.000000	4.000000	0.107460
YPL131W	YDL106C	0.797784						1.000000	4.000000	0.103008
YOR063W	YKL043W	0.797433						1.000000	4.000000	0.088201
YJL196C	YKL062W	0.797340						1.000000	4.000000	0.083662
YMR169C	YMR172W	0.796866						0.000000	4.000000	0.073934
YPR035W	YMR037C	0.796550	0.000000	0.130990	0.172753	0.135946	0.149001	0.000000	4.000000	0.065909
YKL096W	YER111C	0.796119						1.000000	4.000000	0.057920
YGR008C	YKL109W	0.796099						0.000000	4.000000	0.057141
YDL198C	YEL009C	0.796066	1.000000	0.131915	0.174157	0.137100	0.150121	0.000000	4.000000	0.046183
YDR070C	YKL062W	0.796039						0.000000	4.000000	0.051080
YDR070C	YMR172W	0.795808						0.000000	4.000000	0.048957
YDR404C	YJR060W	0.795669	0.000000	0.131775	0.174157	0.137011	0.150030	0.000000	4.000000	0.053146
YLR303W	YOR028C	0.795517						1.000000	4.000000	0.049491
YPR149W	YPR104C	0.795205						1.000000	4.000000	0.046936
YHR071W	YEL009C	0.795058	1.000000	0.132696	0.175562	0.138164	0.151149	0.000000	4.000000	0.043461
YGR086C	YKL062W	0.794896						1.000000	4.000000	0.040724
YBL042C	YIR023W	0.794754						1.000000	4.000000	0.042284
YDR427W	YJR060W	0.794261	0.000000	0.132556	0.175562	0.138074	0.151057	0.000000	4.000000	0.047123
YER178W	YDL020C	0.794199						0.000000	4.000000	0.038265
YLR406C	YPR104C	0.793981	0.000000	0.132415	0.175562	0.137984	0.150966	0.000000	4.000000	0.035118
YPL237W	YHR124W	0.793891						0.000000	4.000000	0.026738
YFL038C	YDL020C	0.793879						0.000000	4.000000	0.033564
YGR180C	YJR060W	0.793753	0.000000	0.132275	0.175562	0.137894	0.150875	0.000000	4.000000	0.034952
YKL032C	YPR065W	0.793746						1.000000	4.000000	0.034860
YOL002C	YAL051W	0.793728						1.000000	4.000000	0.034624
YJR109C	YDL020C	0.793667	0.000000	0.132135	0.175562	0.137804	0.150784	0.000000	4.000000	0.033191
YEL033W	YOL028C	0.793594						0.000000	4.000000	0.032709
YFR050C	YJR060W	0.793221	0.000000	0.131996	0.175562	0.137715	0.150693	0.000000	4.000000	0.031603
YPL013C	YKL109W	0.793127						0.000000	4.000000	0.030326
YJR148W	YBR083W	0.793027						1.000000	4.000000	0.031020
YOR215C	YKL109W	0.792967						0.000000	4.000000	0.029090
YOR089C	YDL020C	0.792966						0.000000	4.000000	0.023575
YOR197W	YJR060W	0.792950						0.000000	4.000000	0.029878
YNL064C	YHR006W	0.792876						0.000000	-4.000000	0.032336
YIL062C	YMR037C	0.792825						0.000000	4.000000	0.032998
YGR234W	YMR037C	0.792622						1.000000	4.000000	0.028694
YOR374W	YKL015W	0.792442	0.000000	0.131857	0.175562	0.137626	0.150602	0.000000	4.000000	0.027649
YJL185C	YML007W	0.792412						0.000000	4.000000	0.026770
YML129C	YKL109W	0.792356						0.000000	4.000000	0.027426
YGR256W	YMR172W	0.792355						0.000000	4.000000	0.026574
YDR064W	YKL062W	0.792313	0.000000	0.131718	0.175562	0.137536	0.150512	0.000000	-4.000000	0.027840
YNR036C	YKL109W	0.792172						0.000000	4.000000	0.026387
YML130C	YGL073W	0.792135	1.000000	0.132632	0.176966	0.138684	0.151625	0.000000	4.000000	0.024374
YHR066W	YHR006W	0.792079						0.000000	-4.000000	0.024368
YAL003W	YHR124W	0.791909						0.000000	4.000000	0.025012
YHR074W	YDL020C	0.791865						0.000000	4.000000	0.018718
YDL097C	YJR060W	0.791818	0.000000	0.132492	0.176966	0.138595	0.151533	0.000000	4.000000	0.027039
YER007C-A	YPL038W	0.791682						1.000000	4.000000	0.025001
YIL112W	YDL020C	0.791604						0.000000	4.000000	0.020143
YHL048W	YER111C	0.791600						1.000000	4.000000	0.025606
YBL022C	YNL103W	0.791600	0.000000	0.132353	0.176966	0.138505	0.151442	0.000000	-4.000000	0.026472
YMR145C	YLR256W	0.791552						1.000000	4.000000	0.023163
YFL014W	YHR084W	0.791517						0.000000	4.000000	0.024789
YGL073W	YIR017C	0.791120						0.000000	4.000000	0.020879
YGL068W	YKL109W	0.791082						0.000000	4.000000	0.023590
YDR502C	YPL038W	0.791076						0.000000	4.000000	0.024488
YFL034C-A	YNL027W	0.790973						1.000000	4.000000	0.023387
YLR058C	YKL043W	0.790887						0.000000	4.000000	0.021383
YNL066W	YDR146C	0.790876	0.000000	0.132214	0.176966	0.138416	0.151351	0.000000	4.000000	0.022305
YDR079W	YKL109W	0.790865						0.000000	4.000000	0.022786
YKR094C	YHR124W	0.790803						0.000000	4.000000	0.017961
YHR088W	YDL106C	0.790642						0.000000	4.000000	0.021998
YHL002W	YGL073W	0.790513						0.000000	4.000000	0.022079
YJR121W	YDR123C	0.790423						1.000000	4.000000	0.021714
YMR011W	YDR253C	0.790342	0.000000	0.132075	0.176966	0.138327	0.151261	0.000000	-4.000000	0.024795
YAL044C	YDL020C	0.789935						0.000000	4.000000	0.027039
YJR017C	YDL020C	0.789933						0.000000	4.000000	0.019139
YHR051W	YNL103W	0.789925	0.000000	0.131937	0.176966	0.138238	0.151170	0.000000	-4.000000	0.019482
YDR084C	YHR124W	0.789871						1.000000	4.000000	0.022871
YGR167W	YDL020C	0.789843						0.000000	4.000000	0.019000
YGL225W	YLR131C	0.789756	0.000000	0.131799	0.176966	0.138149	0.151079	0.000000	-4.000000	0.019853
YBL050W	YDL020C	0.789755						0.000000	4.000000	0.020091
YLR249W	YDL106C	0.789678						0.000000	4.000000	0.019571
YOR224C	YHR006W	0.789467						0.000000	-4.000000	0.016593
YPR187W	YHR124W	0.789382						0.000000	4.000000	0.020191
YHR137W	YDR463W	0.789331						0.000000	-4.000000	0.018285
YGL221C	YJR060W	0.789315						0.000000	4.000000	0.013071
YOR222W	YHR206W	0.789289	0.000000	0.131661	0.176966	0.138060	0.150989	0.000000	4.000000	0.020015
YOR224C	YHR124W	0.789288						0.000000	4.000000	0.015361
YOL143C	YDL020C	0.789268						0.000000	4.000000	0.021560
YML042W	YKL109W	0.789252						0.000000	4.000000	0.018220
YAL039C	YKL062W	0.789143						1.000000	4.000000	0.019605
YHR096C	YGL073W	0.789122	0.000000	0.131524	0.176966	0.137972	0.150898	0.000000	4.000000	0.018146
YNR067C	YER111C	0.788991	0.000000	0.131387	0.176966	0.137883	0.150808	0.000000	-4.000000	0.017048
YPR124W	YKL062W	0.788973						1.000000	4.000000	0.017000
YDR236C	YDL020C	0.788955						0.000000	4.000000	0.018632
YHR170W	YHR006W	0.788822						0.000000	-4.000000	0.017135
YBR221C	YOL108C	0.788789						0.000000	4.000000	0.017519
YGR209C	YKL032C	0.788746						0.000000	4.000000	0.016890
YJR095W	YDR253C	0.788608						1.000000	4.000000	0.017196
YBL040C	YMR037C	0.788591						0.000000	4.000000	0.014170
YGL147C	YPR104C	0.788514						1.000000	4.000000	0.017139
YDL226C	YDR174W	0.788460						0.000000	4.000000	0.017172
YOL058W	YFR034C	0.788414						1.000000	4.000000	0.017357
YBR036C	YOL108C	0.788412						0.000000	4.000000	0.015550
YDR516C	YNL103W	0.788395	0.000000	0.131250	0.176966	0.137795	0.150718	0.000000	-4.000000	0.016532
YMR175W	YIL036W	0.788356						0.000000	4.000000	0.015467
YGR248W	YAL051W	0.788346	0.000000	0.131113	0.176966	0.137706	0.150628	0.000000	4.000000	0.017044
YKL142W	YOR140W	0.788271						0.000000	-4.000000	0.013081
YBR208C	YJR147W	0.788267						0.000000	4.000000	0.015674
YPR188C	YNL103W	0.788230						0.000000	-4.000000	0.013304
YBR058C-A	YEL009C	0.788140						0.000000	4.000000	0.014445
YIL057C	YMR164C	0.788116						0.000000	4.000000	0.016403
YMR175W	YFL021W	0.787850						0.000000	-4.000000	0.013227
YBR173C	YDL020C	0.787784						0.000000	4.000000	0.016211
YER150W	YHR084W	0.787716						1.000000	-4.000000	0.016658
YNL071W	YOL089C	0.787660						0.000000	-4.000000	0.014879
YCL059C	YHR006W	0.787648						0.000000	-4.000000	0.018671
YGR285C	YOR344C	0.787640						0.000000	4.000000	0.014625
YKL137W	YGL237C	0.787574						0.000000	4.000000	0.016007
YGR135W	YDL020C	0.787499	1.000000	0.132017	0.178371	0.138848	0.151732	0.000000	4.000000	0.014710
YHR094C	YIL036W	0.787484						0.000000	-4.000000	0.014686
YJR073C	YDR259C	0.787453						0.000000	4.000000	0.015628
YDL046W	YBL021C	0.787438						0.000000	-4.000000	0.015178
YOR332W	YDR451C	0.787425						0.000000	4.000000	0.015132
YOR046C	YBR049C	0.787318						0.000000	4.000000	0.010702
YNL160W	YMR043W	0.787274						1.000000	4.000000	0.014584
YOR348C	YDR259C	0.787252						0.000000	4.000000	0.015601
YLR174W	YHR084W	0.787195						0.000000	4.000000	0.015211
YNL137C	YGL237C	0.786794						0.000000	4.000000	0.014194
YNR050C	YHR206W	0.786770						0.000000	4.000000	0.014044
YGL022W	YMR037C	0.786752						0.000000	4.000000	0.013749
YLR109W	YOL089C	0.786712						0.000000	-4.000000	0.013148
YHR123W	YIR017C	0.786685	0.000000	0.131880	0.178371	0.138759	0.151642	0.000000	4.000000	0.011530
YNL096C	YBR240C	0.786682	0.000000	0.131743	0.178371	0.138671	0.151551	0.000000	-4.000000	0.013067
YMR093W	YHR006W	0.786675						0.000000	-4.000000	0.011882
YHR143W-A	YPR104C	0.786674						0.000000	4.000000	0.014961
YDL185W	YDL020C	0.786648						0.000000	4.000000	0.011288
YGL200C	YJR060W	0.786621						0.000000	4.000000	0.013150
YGR203W	YPL038W	0.786562						1.000000	4.000000	0.015359
YBR234C	YEL009C	0.786556						0.000000	4.000000	0.013198
YKR093W	YJR147W	0.786521						0.000000	4.000000	0.013655
YLR249W	YBR240C	0.786510						0.000000	-4.000000	0.013318
YBL102W	YEL009C	0.786461	1.000000	0.132642	0.179775	0.139810	0.152654	0.000000	4.000000	0.013223
YIL157C	YDL020C	0.786364						0.000000	4.000000	0.014898
YMR058W	YOR162C	0.786263						0.000000	4.000000	0.010345
YJR025C	YDL020C	0.786253	0.000000	0.132505	0.179775	0.139721	0.152563	0.000000	4.000000	0.014401
YNR067C	YDR451C	0.786177	0.000000	0.132368	0.179775	0.139632	0.152472	0.000000	4.000000	0.013930
YHR108W	YMR037C	0.786111						0.000000	4.000000	0.015320
YDL072C	YDR463W	0.786076						0.000000	-4.000000	0.013212
YBR177C	YDL020C	0.786074						0.000000	4.000000	0.013987
YOR215C	YHR084W	0.785980						0.000000	4.000000	0.012722
YLR330W	YGL073W	0.785946						0.000000	4.000000	0.013246
YLR447C	YMR037C	0.785913	0.000000	0.132231	0.179775	0.139544	0.152381	0.000000	4.000000	0.013385
YBR046C	YDL020C	0.785844	0.000000	0.132095	0.179775	0.139455	0.152290	0.000000	4.000000	0.013753
YDR365C	YHR006W	0.785822						0.000000	-4.000000	0.013972
YBL047C	YDL020C	0.785795						0.000000	4.000000	0.011858
YDR424C	YGL237C	0.785769						0.000000	4.000000	0.014758
YOR344C	YMR043W	0.785741						1.000000	4.000000	0.011131
YGR106C	YMR037C	0.785726						0.000000	4.000000	0.011031
YCL028W	YDL020C	0.785651						0.000000	4.000000	0.011244
YBL064C	YGL073W	0.785634						0.000000	4.000000	0.012269
YER065C	YKL109W	0.785601						0.000000	4.000000	0.011780
YOR257W	YGL237C	0.785580						0.000000	4.000000	0.013884
YKR094C	YNL027W	0.785546	0.000000	0.131959	0.179775	0.139367	0.152200	0.000000	-4.000000	0.011453
YCR069W	YKL062W	0.785527						1.000000	4.000000	0.011701
YDL134C	YGL073W	0.785390						0.000000	4.000000	0.012383
YER072W	YMR043W	0.785379						0.000000	-4.000000	0.012143
YKL193C	YGL073W	0.785326						0.000000	4.000000	0.011705
YKL157W	YHR084W	0.785259						1.000000	4.000000	0.011389
YDR098C	YMR016C	0.785241						1.000000	4.000000	0.012196
YNL312W	YMR043W	0.785212						0.000000	-4.000000	0.011706
YHR110W	YKL185W	0.785158						0.000000	4.000000	0.011878
YLR172C	YHR124W	0.785091						0.000000	4.000000	0.010634
YOR327C	YMR016C	0.784996						1.000000	4.000000	0.011856
YBR115C	YDR259C	0.784947						0.000000	4.000000	0.011197
YNL138W	YEL009C	0.784877						0.000000	4.000000	0.012609
YDL192W	YOL116W	0.784862						0.000000	-4.000000	0.012062
YHL032C	YER184C	0.784770						0.000000	4.000000	0.011289
YKL086W	YDL020C	0.784749	0.000000	0.131823	0.179775	0.139279	0.152109	0.000000	4.000000	0.011491
YDL136W	YHR124W	0.784694						0.000000	4.000000	0.012017
YHR179W	YBR049C	0.784639						0.000000	4.000000	0.011763
YDR174W	YEL009C	0.784618						0.000000	4.000000	0.011640
YJL159W	YNL103W	0.784601	0.000000	0.131687	0.179775	0.139191	0.152019	0.000000	-4.000000	0.010029
YBR151W	YOL108C	0.784588						0.000000	4.000000	0.010561
YPR036W-A	YPL177C	0.784565						0.000000	-4.000000	0.011235
YNL312W	YDR451C	0.784498						0.000000	4.000000	0.010922
YHL033C	YBR049C	0.784451						0.000000	4.000000	0.009739
YPR187W	YNL314W	0.784446						0.000000	4.000000	0.011199
YIL111W	YDR259C	0.784396						0.000000	4.000000	0.010906
YOR223W	YGL073W	0.784215						0.000000	4.000000	0.010659
YDR101C	YDL106C	0.784210						0.000000	4.000000	0.009105
YLR079W	YER111C	0.784183	0.000000	0.131552	0.179775	0.139103	0.151929	0.000000	-4.000000	0.011330
YBR143C	YHR006W	0.784094						0.000000	-4.000000	0.011149
YOR153W	YJR147W	0.784076						0.000000	4.000000	0.010813
YHR137W	YFR034C	0.784016						1.000000	4.000000	0.011479
YIR034C	YER169W	0.783953						0.000000	-4.000000	0.011019
YGR128C	YDL106C	0.783948						0.000000	4.000000	0.008530
YDR321W	YHR124W	0.783781						0.000000	4.000000	0.008477
YDR171W	YLR176C	0.783762	0.000000	0.131417	0.179775	0.139015	0.151839	0.000000	4.000000	0.010688
YCR082W	YDL020C	0.783750	1.000000	0.132308	0.181180	0.140148	0.152934	0.000000	4.000000	0.009869
YDR071C	YEL009C	0.783706						0.000000	4.000000	0.009861
YML092C	YEL009C	0.783506	0.000000	0.132172	0.181180	0.140060	0.152844	0.000000	4.000000	0.010574
YCR046C	YOL089C	0.783422						0.000000	-4.000000	0.010108
YPL198W	YPR065W	0.783366	0.000000	0.132037	0.181180	0.139972	0.152753	0.000000	4.000000	0.010349
YLR060W	YOR344C	0.783355						0.000000	4.000000	0.010105
YPR191W	YOL067C	0.783324						0.000000	-4.000000	0.010794
YLR292C	YEL009C	0.783324						0.000000	4.000000	0.009971
YKR093W	YDR259C	0.783156						0.000000	4.000000	0.009934
YLR056W	YLR131C	0.783067	0.000000	0.131902	0.181180	0.139884	0.152663	0.000000	-4.000000	0.008759
YER007C-A	YNL314W	0.782986						0.000000	4.000000	0.007732
YGR032W	YNL216W	0.782923						1.000000	4.000000	0.009254
YHR009C	YOL108C	0.782909						0.000000	4.000000	0.008600
YOL127W	YPR104C	0.782901						1.000000	4.000000	0.010122
YDR385W	YKL043W	0.782900						0.000000	4.000000	0.009341
YBR109C	YKL032C	0.782893						0.000000	4.000000	0.010342
YDR525W-A	YHR206W	0.782703						1.000000	4.000000	0.008589
YJL097W	YMR037C	0.782658						0.000000	4.000000	0.009161
YMR255W	YGL073W	0.782650						0.000000	4.000000	0.009104
YER074W-A	YOL089C	0.782644						0.000000	-4.000000	0.009931
YDL182W	YKL062W	0.782479						1.000000	4.000000	0.009450
YER031C	YPL075W	0.782462						0.000000	4.000000	0.009055
YHR143W	YDR174W	0.782411						0.000000	4.000000	0.009408
YMR286W	YKL109W	0.782306						0.000000	4.000000	0.009073
YKL035W	YPR104C	0.782273						1.000000	4.000000	0.009802
YOR323C	YEL009C	0.782253						0.000000	4.000000	0.008353
YDR502C	YKR099W	0.782250						0.000000	4.000000	0.007906
YDR258C	YMR016C	0.782246	0.000000	0.131767	0.181180	0.139796	0.152572	0.000000	4.000000	0.009089
YPL206C	YDL020C	0.782218						0.000000	4.000000	0.008858
YBR154C	YNL068C	0.782190						0.000000	4.000000	0.008113
YBL040C	YEL009C	0.782163						0.000000	4.000000	0.008225
YKL181W	YHR124W	0.782129						0.000000	4.000000	0.009973
YOR145C	YNL068C	0.781943						0.000000	4.000000	0.008493
YJL003W	YBL021C	0.781915						0.000000	-4.000000	0.008372
YDL185W	YEL009C	0.781912						0.000000	4.000000	0.008414
YFL028C	YMR043W	0.781805						1.000000	4.000000	0.008030
YLR330W	YDR174W	0.781784						0.000000	4.000000	0.008619
YBR268W	YOL089C	0.781779						0.000000	-4.000000	0.008704
YMR175W	YCR084C	0.781762						0.000000	-4.000000	0.008657
YDR071C	YKL112W	0.781742						0.000000	4.000000	0.007986
YKL006W	YKL062W	0.781617	0.000000	0.131633	0.181180	0.139709	0.152482	0.000000	-4.000000	0.008958
YPL091W	YOL089C	0.781586						0.000000	-4.000000	0.005422
YOR272W	YHR124W	0.781571						0.000000	4.000000	0.007230
YMR197C	YDL020C	0.781559						0.000000	4.000000	0.008100
YHR104W	YOR140W	0.781555						0.000000	-4.000000	0.009321
YMR298W	YMR037C	0.781530						0.000000	4.000000	0.009140
YHL033C	YOR344C	0.781506	0.000000	0.131498	0.181180	0.139621	0.152392	0.000000	4.000000	0.008747
YDL128W	YDR174W	0.781484						0.000000	4.000000	0.008630
YAL023C	YPL075W	0.781435						0.000000	4.000000	0.011042
YBR162W-A	YPL133C	0.781434						0.000000	4.000000	0.008286
YLR113W	YMR037C	0.781428						0.000000	4.000000	0.009039
YPR140W	YML007W	0.781297						0.000000	4.000000	0.005481
YGR155W	YKL112W	0.781266						0.000000	4.000000	0.008165
YDR365C	YNL068C	0.781231						0.000000	4.000000	0.007994
YNL096C	YNL027W	0.781154	0.000000	0.131365	0.181180	0.139534	0.152302	0.000000	-4.000000	0.008101
YDR519W	YDL020C	0.781115						0.000000	4.000000	0.007925
YDR512C	YOR028C	0.781059						0.000000	4.000000	0.008323
YOL048C	YKL015W	0.781038						0.000000	4.000000	0.008109
YPR132W	YPR065W	0.781012						0.000000	4.000000	0.008394
YBL058W	YGL073W	0.781008						0.000000	4.000000	0.008575
YDL066W	YOL108C	0.781002						0.000000	4.000000	0.008096
YMR220W	YGR249W	0.781001						0.000000	-4.000000	0.007994
YLR303W	YNL216W	0.780978						1.000000	4.000000	0.007781
YKL126W	YMR037C	0.780819						0.000000	4.000000	0.007140
YPR103W	YDL020C	0.780793						0.000000	4.000000	0.006551
YFR044C	YIR023W	0.780769						0.000000	4.000000	0.007476
YOL097C	YBR049C	0.780751						0.000000	4.000000	0.007930
YKL157W	YDL020C	0.780713						0.000000	4.000000	0.007718
YOL027C	YGL237C	0.780703						0.000000	4.000000	0.007669
YLR359W	YPR104C	0.780681						0.000000	4.000000	0.007684
YPL079W	YDR253C	0.780637	0.000000	0.131231	0.181180	0.139446	0.152212	0.000000	-4.000000	0.007818
YDR224C	YPL177C	0.780498						0.000000	-4.000000	0.007728
YHR208W	YDL048C	0.780437						0.000000	4.000000	0.007913
YBL043W	YNL216W	0.780421						1.000000	-4.000000	0.007108
YMR105C	YGL073W	0.780386						0.000000	4.000000	0.007268
YER048W-A	YEL009C	0.780152						0.000000	4.000000	0.007484
YIL142W	YGR044C	0.780051						0.000000	-4.000000	0.009188
YDL008W	YDR207C	0.780020						0.000000	4.000000	0.007114
YLL001W	YKL109W	0.779983						0.000000	4.000000	0.006864
YDR322W	YOR028C	0.779964						0.000000	4.000000	0.006487
YPL092W	YGL166W	0.779963	0.000000	0.131098	0.181180	0.139359	0.152123	0.000000	4.000000	0.007118
YER009W	YDR451C	0.779907						0.000000	4.000000	0.007835
YNL037C	YGL073W	0.779864	0.000000	0.130964	0.181180	0.139272	0.152033	0.000000	4.000000	0.006993
YBR101C	YKL062W	0.779778						1.000000	4.000000	0.007348
YBR089C-A	YOL089C	0.779771						0.000000	-4.000000	0.006731
YAL023C	YLR131C	0.779707						0.000000	-4.000000	0.008054
YLR413W	YDR253C	0.779706						0.000000	-4.000000	0.008254
YJL080C	YHR084W	0.779684						1.000000	4.000000	0.007084
YDR152W	YDL020C	0.779644						1.000000	4.000000	0.006910
YDL014W	YPL089C	0.779618						0.000000	-4.000000	0.006462
YER058W	YOL067C	0.779579						0.000000	4.000000	0.005856
YHR030C	YIR017C	0.779574						0.000000	4.000000	0.004046
YDR454C	YLR131C	0.779553						0.000000	-4.000000	0.006499
YJR133W	YOL089C	0.779456						0.000000	-4.000000	0.004559
YHL033C	YIR018W	0.779403	0.000000	0.130832	0.181180	0.139185	0.151943	0.000000	4.000000	0.006024
YNL088W	YER111C	0.779396						0.000000	4.000000	0.008528
YDL110C	YOL108C	0.779382						0.000000	4.000000	0.007762
YGL135W	YOL067C	0.779347	0.000000	0.130699	0.181180	0.139098	0.151854	0.000000	-4.000000	0.008656
YDR177W	YGL073W	0.779328						0.000000	4.000000	0.006367
YDL065C	YJL056C	0.779309						0.000000	4.000000	0.008442
YBR077C	YIR017C	0.779240						0.000000	4.000000	0.006967
YDR321W	YHR006W	0.779159						0.000000	-4.000000	0.005992
YBR025C	YBR239C	0.779135						0.000000	-4.000000	0.007188
YLR256W	YKR034W	0.779115						0.000000	4.000000	0.007166
YJR121W	YOL067C	0.779107						0.000000	-4.000000	0.006089
YER145C	YKL112W	0.779080	0.000000	0.130567	0.181180	0.139012	0.151765	0.000000	4.000000	0.006121
YCL059C	YPR104C	0.779072						0.000000	4.000000	0.006307
YEL011W	YOR028C	0.779047						0.000000	4.000000	0.006621
YBL024W	YPR104C	0.779039						0.000000	4.000000	0.011299
YDR214W	YGL237C	0.778992	0.000000	0.130435	0.181180	0.138925	0.151675	0.000000	4.000000	0.006467
YER141W	YGL073W	0.778979						0.000000	4.000000	0.006187
YDL237W	YDR259C	0.778884						0.000000	4.000000	0.007221
YHR019C	YIR018W	0.778876	0.000000	0.130303	0.181180	0.138839	0.151586	0.000000	4.000000	0.004613
YNL327W	YDR451C	0.778870						0.000000	4.000000	0.005850
YKL196C	YDR451C	0.778834						0.000000	4.000000	0.005253
YHR066W	YDL106C	0.778700						0.000000	4.000000	0.005201
YNL078W	YPL230W	0.778540						0.000000	4.000000	0.006074
YPR110C	YHR124W	0.778521						0.000000	4.000000	0.006997
YLR359W	YKL112W	0.778508						0.000000	4.000000	0.006487
YOR348C	YBR083W	0.778488	0.000000	0.130172	0.181180	0.138752	0.151497	0.000000	4.000000	0.004242
YPR069C	YOL028C	0.778483						0.000000	4.000000	0.005933
YOL002C	YNL103W	0.778430						0.000000	-4.000000	0.004677
YDL078C	YOR140W	0.778400						0.000000	-4.000000	0.005671
YOR163W	YDL020C	0.778377						0.000000	4.000000	0.007051
YCL050C	YJR060W	0.778352						0.000000	4.000000	0.005828
YJL121C	YBR049C	0.778326						0.000000	4.000000	0.005812
YJL062W-A	YOL067C	0.778313						0.000000	4.000000	0.006238
YDR465C	YHR124W	0.778297						0.000000	4.000000	0.006013
YBL015W	YPL133C	0.778278						0.000000	4.000000	0.005666
YDR055W	YPL089C	0.778222	0.000000	0.130040	0.181180	0.138666	0.151408	0.000000	4.000000	0.005914
YDR272W	YML007W	0.778195						0.000000	4.000000	0.006536
YNL104C	YBL021C	0.778111	0.000000	0.129909	0.181180	0.138580	0.151320	0.000000	-4.000000	0.005685
YHR013C	YBR049C	0.778108						0.000000	4.000000	0.006856
YOL026C	YGL166W	0.777983						0.000000	4.000000	0.005180
YGL030W	YPR065W	0.777960						0.000000	4.000000	0.005915
YDR190C	YPR104C	0.777932						0.000000	4.000000	0.006432
YDR033W	YKR099W	0.777910						0.000000	4.000000	0.005374
YDR099W	YDR174W	0.777898						0.000000	4.000000	0.005858
YOR007C	YNL103W	0.777810	0.000000	0.129779	0.181180	0.138494	0.151231	0.000000	-4.000000	0.006104
YOR185C	YLR451W	0.777772						0.000000	-4.000000	0.005266
YBL092W	YPR065W	0.777727						0.000000	4.000000	0.005965
YAR071W	YGR044C	0.777699						0.000000	-4.000000	0.004564
YNL274C	YPL177C	0.777676						0.000000	-4.000000	0.006209
YML072C	YCR065W	0.777671						0.000000	4.000000	0.005140
YGL135W	YLR451W	0.777585	0.000000	0.129648	0.181180	0.138408	0.151142	0.000000	4.000000	0.005396
YMR220W	YDR207C	0.777389						0.000000	4.000000	0.007723
YER087C-B	YPL075W	0.777283						0.000000	4.000000	0.006173
YDR019C	YER169W	0.777281						0.000000	-4.000000	0.004978
YLR435W	YHR006W	0.777268						0.000000	-4.000000	0.004171
YJL159W	YGR249W	0.777251						0.000000	-4.000000	0.005592
YKL026C	YLR403W	0.777195						1.000000	-4.000000	0.005692
YBL038W	YKL062W	0.777132						1.000000	4.000000	0.006007
YLR142W	YHR084W	0.777121						1.000000	4.000000	0.005866
YLR259C	YOL108C	0.777118	0.000000	0.129518	0.181180	0.138323	0.151054	0.000000	4.000000	0.006748
YJL111W	YBR049C	0.777024						0.000000	4.000000	0.003899
YAL016W	YPL230W	0.776996						0.000000	4.000000	0.005566
YGL006W	YNL103W	0.776977						0.000000	-4.000000	0.005347
YNL302C	YHR124W	0.776965						0.000000	4.000000	0.005513
YNL096C	YIL101C	0.776961	0.000000	0.129388	0.181180	0.138237	0.150965	0.000000	-4.000000	0.005266
YML123C	YBR239C	0.776936						0.000000	-4.000000	0.005303
YJL096W	YOL067C	0.776934						0.000000	4.000000	0.005495
YGR231C	YBL021C	0.776908						0.000000	-4.000000	0.005687
YFR031C-A	YHR006W	0.776903	0.000000	0.129259	0.181180	0.138151	0.150877	0.000000	-4.000000	0.001323
YAL007C	YKL185W	0.776869						0.000000	4.000000	0.004682
YOR261C	YDR174W	0.776785						0.000000	4.000000	0.009645
YOR185C	YNL103W	0.776764						0.000000	-4.000000	0.004774
YNL168C	YKR034W	0.776738						0.000000	4.000000	0.005271
YGL156W	YOL067C	0.776699						0.000000	4.000000	0.005759
YPL211W	YPL089C	0.776679						0.000000	-4.000000	0.004964
YNL284C	YGL013C	0.776635						0.000000	4.000000	0.004480
YLR325C	YNL027W	0.776608	0.000000	0.129129	0.181180	0.138066	0.150789	0.000000	4.000000	0.004800
YMR200W	YER088C	0.776512						0.000000	4.000000	0.005544
YGR060W	YDR253C	0.776476						1.000000	4.000000	0.004845
YER023W	YIR017C	0.776453						0.000000	4.000000	0.006086
YHR028C	YER040W	0.776452						0.000000	4.000000	0.005647
YER120W	YIR017C	0.776444	0.000000	0.129000	0.181180	0.137981	0.150701	0.000000	4.000000	0.004756
YBR169C	YML007W	0.776418	0.000000	0.128871	0.181180	0.137896	0.150613	0.000000	4.000000	0.005032
YGL026C	YDR451C	0.776350	0.000000	0.128743	0.181180	0.137811	0.150525	0.000000	4.000000	0.005270
YOR382W	YKL062W	0.776274						1.000000	-4.000000	0.004279
YDR486C	YDL020C	0.776263						0.000000	4.000000	0.004358
YLR356W	YJL056C	0.776257						0.000000	4.000000	0.005947
YER072W	YJL089W	0.776245						0.000000	4.000000	0.005364
YDR353W	YIR017C	0.776225	0.000000	0.128614	0.181180	0.137726	0.150437	0.000000	4.000000	0.005173
YLR214W	YHR206W	0.776206						1.000000	4.000000	0.004888
YNL064C	YOR363C	0.776181						0.000000	4.000000	0.004929
YOL064C	YDL020C	0.776176	0.000000	0.128486	0.181180	0.137641	0.150350	0.000000	4.000000	0.005419
YDL064W	YNL314W	0.776147						0.000000	4.000000	0.004966
YDR329C	YPL230W	0.776145						0.000000	4.000000	0.005908
YML058W	YKR099W	0.776128						0.000000	4.000000	0.005195
YDR238C	YDL020C	0.776126						0.000000	4.000000	0.004862
YER175C	YDR207C	0.776043						0.000000	4.000000	0.004663
YDR087C	YHR124W	0.776022						0.000000	4.000000	0.005500
YLR204W	YOR028C	0.775995						0.000000	4.000000	0.005209
YHR113W	YDR463W	0.775947						0.000000	-4.000000	0.004927
YMR118C	YLR256W	0.775922						0.000000	-4.000000	0.004983
YNL077W	YGL209W	0.775778						0.000000	4.000000	0.005197
YBR199W	YDR207C	0.775743						0.000000	4.000000	0.002850
YLR229C	YIR017C	0.775731						0.000000	4.000000	0.005239
YPR133W-A	YOL108C	0.775613						0.000000	4.000000	0.004870
YOR150W	YOL108C	0.775594						0.000000	4.000000	0.005608
YOR150W	YOR028C	0.775592						0.000000	4.000000	0.004919
YGR204W	YBL103C	0.775570						0.000000	4.000000	0.004486
YGL190C	YPL230W	0.775493						0.000000	4.000000	0.005136
YJL034W	YCR065W	0.775405						0.000000	4.000000	0.004849
YNL113W	YNL068C	0.775398						0.000000	4.000000	0.004773
YOR232W	YKL112W	0.775385						0.000000	4.000000	0.004311
YIL112W	YDR207C	0.775312						0.000000	4.000000	0.003428
YGR207C	YBL021C	0.775299						0.000000	-4.000000	0.003842
YDR119W-A	YAL051W	0.775218						0.000000	4.000000	0.004734
YNL131W	YDR207C	0.775203						0.000000	4.000000	0.003718
YDR533C	YJL056C	0.775162						0.000000	4.000000	0.005089
YLR220W	YOR028C	0.775092						0.000000	4.000000	0.003958
YCR009C	YMR021C	0.775081						0.000000	4.000000	0.004520
YER175C	YDL020C	0.775042						0.000000	4.000000	0.004945
YKL001C	YPR009W	0.774965						0.000000	4.000000	0.004470
YOR142W	YPL177C	0.774949						0.000000	-4.000000	0.004175
YFR017C	YGL237C	0.774942	0.000000	0.128358	0.181180	0.137556	0.150262	0.000000	4.000000	0.004369
YGL157W	YHR206W	0.774849						0.000000	4.000000	0.003391
YGR132C	YOR140W	0.774818						0.000000	-4.000000	0.004597
YJR017C	YBL021C	0.774808						0.000000	-4.000000	0.003911
YKR094C	YBL005W	0.774785	0.000000	0.128231	0.181180	0.137472	0.150175	0.000000	4.000000	0.003891
YNL081C	YOL108C	0.774774						0.000000	4.000000	0.004712
YHR043C	YKL032C	0.774763						0.000000	4.000000	0.004617
YJL138C	YDR423C	0.774695						0.000000	-4.000000	0.004534
YOR272W	YHR006W	0.774655	0.000000	0.128103	0.181180	0.137388	0.150087	0.000000	-4.000000	0.003184
YPL079W	YDR146C	0.774554	0.000000	0.127976	0.181180	0.137303	0.150000	0.000000	4.000000	0.004279
YIL034C	YMR021C	0.774503						0.000000	4.000000	0.004153
YBL043W	YPL133C	0.774489						0.000000	4.000000	0.004144
YOL027C	YIL036W	0.774453						0.000000	4.000000	0.004156
YLR244C	YDR253C	0.774412						0.000000	-4.000000	0.004366
YBR189W	YBR083W	0.774374	0.000000	0.127849	0.181180	0.137219	0.149913	0.000000	4.000000	0.004528
YPL158C	YLR176C	0.774358	0.000000	0.127723	0.181180	0.137135	0.149826	0.000000	-4.000000	0.004114
YEL054C	YDR423C	0.774351						0.000000	-4.000000	0.004539
YDL213C	YBR239C	0.774282						0.000000	-4.000000	0.004411
YGL219C	YOR028C	0.774265						0.000000	4.000000	0.003788
YOR197W	YNL103W	0.774205						0.000000	-4.000000	0.003218
YLR196W	YHR124W	0.774198						0.000000	4.000000	0.004015
YIL016W	YOR344C	0.774181						0.000000	4.000000	0.003554
YLR301W	YEL009C	0.774164						0.000000	4.000000	0.004135
YGL129C	YPL230W	0.774151						0.000000	4.000000	0.004333
YOR145C	YMR037C	0.774151						1.000000	4.000000	0.004374
YOR264W	YLR176C	0.774136	0.000000	0.127596	0.181180	0.137051	0.149739	0.000000	-4.000000	0.004272
YER012W	YOL089C	0.774028						0.000000	-4.000000	0.003846
YBR286W	YOL108C	0.773984						0.000000	4.000000	0.003945
YHR043C	YMR021C	0.773977						0.000000	4.000000	0.004189
YBL089W	YDR259C	0.773936						0.000000	4.000000	0.004186
YER058W	YOR028C	0.773911						0.000000	4.000000	0.007058
YOR074C	YMR043W	0.773911						0.000000	-4.000000	0.004232
YHR001W	YOR028C	0.773904						0.000000	4.000000	0.004526
YDL200C	YOR140W	0.773901						0.000000	-4.000000	0.002809
YHR190W	YEL009C	0.773856						0.000000	4.000000	0.004159
YDR059C	YKL015W	0.773820						0.000000	4.000000	0.003764
YOR042W	YOL108C	0.773779						0.000000	4.000000	0.004804
YLR208W	YHR178W	0.773740						0.000000	4.000000	0.004853
YNL005C	YOR028C	0.773705						0.000000	4.000000	0.003412
YHR068W	YNL314W	0.773701						0.000000	4.000000	0.004563
YHR215W	YBL005W	0.773690	0.000000	0.127470	0.181180	0.136967	0.149652	0.000000	4.000000	0.003276
YDR100W	YIR023W	0.773685						0.000000	4.000000	0.003797
YNL096C	YOR363C	0.773680	0.000000	0.127345	0.181180	0.136884	0.149565	0.000000	4.000000	0.004333
YBL007C	YER088C	0.773679						0.000000	4.000000	0.004248
YOR227W	YNL103W	0.773628						0.000000	-4.000000	0.004323
YPR118W	YDR253C	0.773628						0.000000	-4.000000	0.003580
YFR051C	YEL009C	0.773627						0.000000	4.000000	0.004081
YDR394W	YDR174W	0.773623						0.000000	4.000000	0.006896
YMR250W	YJL056C	0.773522	0.000000	0.127219	0.181180	0.136800	0.149479	0.000000	4.000000	0.004033
YIL009C-A	YER040W	0.773442						0.000000	4.000000	0.003759
YER141W	YOL067C	0.773428						0.000000	4.000000	0.003997
YJR123W	YMR280C	0.773427						0.000000	-4.000000	0.004125
YJR064W	YOR344C	0.773422						0.000000	4.000000	0.004256
YOL140W	YKR099W	0.773410	0.000000	0.127094	0.181180	0.136716	0.149392	0.000000	4.000000	0.003942
YKR091W	YBL103C	0.773358						0.000000	4.000000	0.002900
YDR380W	YKR034W	0.773343						0.000000	4.000000	0.003465
YLR249W	YIL101C	0.773335						0.000000	-4.000000	0.004093
YKR049C	YKL015W	0.773276						0.000000	4.000000	0.003786
YDR196C	YGL237C	0.773267						0.000000	4.000000	0.003889
YKL193C	YGL013C	0.773247						0.000000	4.000000	0.003891
YGR084C	YCR084C	0.773187						0.000000	-4.000000	0.003945
YGL087C	YOL108C	0.773143						0.000000	4.000000	0.003711
YHR208W	YER169W	0.773134						0.000000	-4.000000	0.004054
YER087C-B	YEL009C	0.773130						0.000000	4.000000	0.003221
YNL131W	YDR174W	0.773037						0.000000	4.000000	0.005402
YPR113W	YDR451C	0.773035						0.000000	4.000000	0.005346
YOR344C	YDL048C	0.773024						0.000000	4.000000	0.004005
YCR002C	YMR037C	0.773015						0.000000	4.000000	0.003405
YGL009C	YPL038W	0.772958						0.000000	4.000000	0.002880
YDR354W	YER040W	0.772945						0.000000	4.000000	0.004075
YKR093W	YDR207C	0.772933	0.000000	0.126969	0.181180	0.136633	0.149306	0.000000	4.000000	0.003900
YDR494W	YGL073W	0.772931						0.000000	4.000000	0.003753
YBL058W	YNL103W	0.772886						0.000000	-4.000000	0.001951
YBL027W	YDL106C	0.772862						0.000000	4.000000	0.004006
YJR105W	YLR176C	0.772798						0.000000	-4.000000	0.003922
YJR064W	YKL112W	0.772724						0.000000	4.000000	0.003892
YJL174W	YKL020C	0.772637						0.000000	4.000000	0.003713
YJL122W	YPR104C	0.772622						0.000000	4.000000	0.003923
YOR185C	YIR023W	0.772610						0.000000	4.000000	0.003436
YJL111W	YIR018W	0.772551						0.000000	4.000000	0.003129
YDR046C	YDR123C	0.772518						1.000000	4.000000	0.004020
YDL226C	YER088C	0.772517						0.000000	4.000000	0.003538
YKL141W	YGL073W	0.772495						0.000000	4.000000	0.003660
YBR031W	YBR049C	0.772495						0.000000	4.000000	0.003426
YKL167C	YOR140W	0.772492						0.000000	-4.000000	0.004227
YBR024W	YOR028C	0.772483						0.000000	4.000000	0.002891
YIL041W	YBL021C	0.772478						0.000000	-4.000000	0.003918
YPR060C	YBR049C	0.772460						0.000000	4.000000	0.003936
YOR136W	YCR084C	0.772458						0.000000	-4.000000	0.003527
YAL059W	YNL068C	0.772437						0.000000	4.000000	0.003578
YER036C	YDL106C	0.772413						0.000000	4.000000	0.003048
YLR075W	YBL005W	0.772410	0.000000	0.126844	0.181180	0.136550	0.149219	0.000000	4.000000	0.003793
YDL126C	YOL108C	0.772395						0.000000	4.000000	0.003248
YFL022C	YKL112W	0.772388	0.000000	0.126719	0.181180	0.136467	0.149133	0.000000	4.000000	0.004112
YJL151C	YGL166W	0.772316						0.000000	4.000000	0.003799
YBR106W	YPL038W	0.772302						0.000000	-4.000000	0.003368
YGL186C	YDR034C	0.772299						0.000000	4.000000	0.003850
YJL060W	YDR174W	0.772219						0.000000	4.000000	0.005380
YOR303W	YDR034C	0.772188						0.000000	4.000000	0.003170
YLR065C	YBR049C	0.772163						0.000000	4.000000	0.003706
YLR439W	YOL067C	0.772157	0.000000	0.126595	0.181180	0.136384	0.149047	0.000000	4.000000	0.004364
YGL198W	YMR021C	0.772136						0.000000	4.000000	0.002787
YGR240C	YHR178W	0.772117	0.000000	0.126471	0.181180	0.136301	0.148961	0.000000	4.000000	0.003773
YCR097W	YOR028C	0.772112						0.000000	4.000000	0.003254
YMR243C	YHR124W	0.772108						0.000000	4.000000	0.003498
YOR103C	YOL116W	0.772085						0.000000	-4.000000	0.003850
YDR483W	YOL089C	0.772082						0.000000	-4.000000	0.004122
YNL263C	YER088C	0.772061						0.000000	4.000000	0.003792
YNL113W	YHR124W	0.772013						0.000000	4.000000	0.003690
YHR071W	YBR083W	0.772001	0.000000	0.126347	0.181180	0.136218	0.148875	0.000000	4.000000	0.003223
YCR010C	YLR256W	0.771995						0.000000	-4.000000	0.004140
YJL062W-A	YOR028C	0.771970						0.000000	4.000000	0.003635
YLR441C	YBR240C	0.771952	0.000000	0.126223	0.181180	0.136135	0.148789	0.000000	4.000000	0.004287
YJR121W	YJL056C	0.771881						0.000000	-4.000000	0.003620
YGR020C	YIR017C	0.771781						0.000000	4.000000	0.003320
YCR088W	YDL020C	0.771729						0.000000	4.000000	0.003628
YKL138C	YOL067C	0.771723						0.000000	4.000000	0.003247
YBR046C	YDR463W	0.771711	0.000000	0.126100	0.181180	0.136053	0.148703	0.000000	-4.000000	0.003189
YDR519W	YHL027W	0.771707						0.000000	-4.000000	0.003254
YGR034W	YNL027W	0.771704						0.000000	-4.000000	0.003409
YLL039C	YGL013C	0.771653	0.000000	0.125977	0.181180	0.135970	0.148618	0.000000	4.000000	0.003505
YPR149W	YML007W	0.771637						0.000000	4.000000	0.003509
YDL015C	YGL209W	0.771579						0.000000	4.000000	0.003628
YOR193W	YPL230W	0.771540						0.000000	4.000000	0.003332
YOR253W	YOR344C	0.771501						0.000000	4.000000	0.003348
YMR093W	YPR104C	0.771454						0.000000	4.000000	0.002343
YDL201W	YIL036W	0.771414						0.000000	4.000000	0.003542
YDL072C	YOR140W	0.771385						0.000000	-4.000000	0.003250
YER080W	YGL237C	0.771385						0.000000	4.000000	0.003080
YPR041W	YDL106C	0.771345						0.000000	4.000000	0.003279
YGR231C	YOL067C	0.771334						0.000000	4.000000	0.003409
YDR304C	YMR021C	0.771287						0.000000	4.000000	0.003226
YDR432W	YDR451C	0.771285						0.000000	4.000000	0.003580
YDL097C	YNL103W	0.771282	0.000000	0.125854	0.181180	0.135888	0.148532	0.000000	-4.000000	0.003752
YBR279W	YPL230W	0.771212						0.000000	4.000000	0.003510
YOL059W	YGL209W	0.771210	0.000000	0.125731	0.181180	0.135806	0.148446	0.000000	4.000000	0.003365
YCR008W	YPL230W	0.771196						0.000000	4.000000	0.003216
YMR092C	YGL013C	0.771184						0.000000	4.000000	0.002563
YIL111W	YER088C	0.771156						0.000000	4.000000	0.003126
YOL127W	YHR124W	0.771081						0.000000	-4.000000	0.003865
YBR171W	YOL028C	0.771029						0.000000	4.000000	0.003138
YIL145C	YKR034W	0.771015						0.000000	4.000000	0.003200
YNL066W	YDR174W	0.771010						0.000000	4.000000	0.003614
YDL130W	YIR018W	0.771000	0.000000	0.125609	0.181180	0.135724	0.148361	0.000000	4.000000	0.003212
YGR285C	YKL038W	0.770926						0.000000	4.000000	0.003661
YKL127W	YDL056W	0.770904						0.000000	4.000000	0.002915
YEL071W	YKR034W	0.770902						0.000000	4.000000	0.003192
YMR242C	YHR124W	0.770845						0.000000	4.000000	0.003805
YLR180W	YIR023W	0.770830						0.000000	-4.000000	0.003615
YDR519W	YKR034W	0.770826						0.000000	4.000000	0.003473
YLR355C	YBR239C	0.770802						0.000000	-4.000000	0.003346
YDR196C	YGL013C	0.770793						0.000000	4.000000	0.002666
YDL184C	YBR239C	0.770757						0.000000	-4.000000	0.003277
YFR044C	YOL089C	0.770748						0.000000	-4.000000	0.003360
YGL010W	YPL230W	0.770731						0.000000	4.000000	0.003109
YOL147C	YKL185W	0.770687	0.000000	0.125486	0.181180	0.135642	0.148276	0.000000	4.000000	0.003059
YMR118C	YML007W	0.770623						0.000000	4.000000	0.003264
YFL038C	YDR207C	0.770612						0.000000	4.000000	0.002235
YDL020C	YDR123C	0.770608						0.000000	-4.000000	0.003075
YLR164W	YKL020C	0.770585						0.000000	4.000000	0.003026
YDR233C	YIR033W	0.770580						0.000000	4.000000	0.003493
YBL056W	YDR034C	0.770573						0.000000	4.000000	0.002987
YBR230C	YOR028C	0.770568						0.000000	4.000000	0.003165
YLR100W	YJR147W	0.770555						0.000000	4.000000	0.003176
YMR242C	YPR104C	0.770548	0.000000	0.125364	0.181180	0.135560	0.148191	0.000000	4.000000	0.003310
YLR312W-A	YPL230W	0.770531						0.000000	4.000000	0.004362
YAL025C	YMR016C	0.770515						1.000000	4.000000	0.003025
YOR157C	YEL009C	0.770450						0.000000	4.000000	0.003061
YBR296C	YDR043C	0.770423	0.000000	0.125243	0.181180	0.135478	0.148106	0.000000	4.000000	0.003385
YLR356W	YPL177C	0.770423						0.000000	-4.000000	0.002577
YDR196C	YJL056C	0.770398						0.000000	4.000000	0.002556
YOR103C	YDR451C	0.770334						0.000000	4.000000	0.003234
YJR070C	YIR023W	0.770320						0.000000	-4.000000	0.003256
YKL032C	YHR084W	0.770280						1.000000	4.000000	0.003111
YLR174W	YOL067C	0.770269						0.000000	4.000000	0.003008
YGR055W	YGL237C	0.770268	0.000000	0.125121	0.181180	0.135396	0.148021	0.000000	4.000000	0.003016
YPR133W-A	YGL237C	0.770249						0.000000	4.000000	0.002706
YJR010W	YIL036W	0.770171						0.000000	-4.000000	0.003211
YER021W	YGL073W	0.770159						0.000000	4.000000	0.003269
YOR099W	YMR037C	0.770128						0.000000	4.000000	0.003232
YCR046C	YOR028C	0.770123						0.000000	4.000000	0.002671
YDR151C	YKL020C	0.770111						0.000000	4.000000	0.003288
YBR046C	YOL108C	0.770078	0.000000	0.125000	0.181180	0.135315	0.147936	0.000000	4.000000	0.002174
YML098W	YKR034W	0.770069						0.000000	4.000000	0.002948
YMR298W	YMR070W	0.770056						0.000000	4.000000	0.003074
YPL177C	YNL103W	0.770055						0.000000	-4.000000	0.003147
YDR418W	YHR124W	0.770038						0.000000	-4.000000	0.002953
YBR189W	YBR240C	0.770023	0.000000	0.124879	0.181180	0.135233	0.147851	0.000000	4.000000	0.003098
YEL039C	YNL103W	0.770017						0.000000	-4.000000	0.002776
YPR124W	YOR028C	0.770000						0.000000	4.000000	0.002355
YDR098C	YOL028C	0.769968						0.000000	4.000000	0.003156
YHR047C	YDR207C	0.769872						0.000000	4.000000	0.003264
YGL106W	YJR147W	0.769851						0.000000	4.000000	0.002829
YCL028W	YGL166W	0.769842						0.000000	4.000000	0.002828
YJL159W	YER088C	0.769837						0.000000	4.000000	0.003021
YER006W	YBR083W	0.769834						0.000000	-4.000000	0.002965
YPR108W	YEL009C	0.769792						0.000000	4.000000	0.002834
YDR002W	YHR206W	0.769760						0.000000	4.000000	0.002784
YOL064C	YDR451C	0.769753	0.000000	0.124758	0.181180	0.135152	0.147766	0.000000	4.000000	0.003301
YBR199W	YGL013C	0.769750						0.000000	4.000000	0.001949
YPR033C	YJR060W	0.769741						0.000000	4.000000	0.003042
YOR045W	YNL103W	0.769707						0.000000	-4.000000	0.001915
YJR065C	YNL103W	0.769703						0.000000	-4.000000	0.003058
YJL184W	YDR421W	0.769695						0.000000	4.000000	0.003080
YPR187W	YBL005W	0.769692						0.000000	4.000000	0.003312
YJL173C	YDR207C	0.769683						0.000000	4.000000	0.003326
YML069W	YDL020C	0.769619						0.000000	4.000000	0.002319
YPR041W	YKL038W	0.769570						0.000000	4.000000	0.003271
YGR135W	YNL103W	0.769523	0.000000	0.124638	0.181180	0.135071	0.147682	0.000000	-4.000000	0.002115
YMR152W	YOL108C	0.769509						0.000000	4.000000	0.002585
YOR020C	YGL096W	0.769410						0.000000	4.000000	0.002989
YGL047W	YHR084W	0.769387						1.000000	4.000000	0.002783
YOL129W	YDR174W	0.769381						0.000000	4.000000	0.002943
YJL026W	YGL209W	0.769356	0.000000	0.124517	0.181180	0.134990	0.147597	0.000000	4.000000	0.003667
YPL213W	YDR034C	0.769356						0.000000	4.000000	0.002282
YKL138C	YGL073W	0.769340						0.000000	4.000000	0.002628
YPR163C	YPR104C	0.769310						0.000000	4.000000	0.003448
YNL157W	YGL096W	0.769301						0.000000	4.000000	0.002880
YMR281W	YPL230W	0.769275						0.000000	4.000000	0.003406
YGL202W	YMR070W	0.769207						0.000000	4.000000	0.002982
YPR100W	YGL073W	0.769140						0.000000	4.000000	0.002371
YDR031W	YDL020C	0.769121						1.000000	4.000000	0.002558
YGL026C	YHR206W	0.769106	0.000000	0.124397	0.181180	0.134909	0.147513	0.000000	4.000000	0.002815
YDL161W	YPR008W	0.769103						0.000000	4.000000	0.002799
YNL183C	YPR008W	0.769094						0.000000	4.000000	0.002729
YKL067W	YLR451W	0.769075						0.000000	-4.000000	0.003188
YIL052C	YBR239C	0.769059						0.000000	-4.000000	0.003086
YJL196C	YMR021C	0.769036						0.000000	4.000000	0.003077
YKL093W	YAL051W	0.769019						0.000000	4.000000	0.001868
YDR156W	YHR006W	0.769012						0.000000	-4.000000	0.002851
YPR156C	YGR249W	0.768997						0.000000	-4.000000	0.002810
YPL079W	YBR240C	0.768991	0.000000	0.124277	0.181180	0.134828	0.147429	0.000000	4.000000	0.003365
YKL185W	YLR176C	0.768982	0.000000	0.124158	0.181180	0.134747	0.147344	0.000000	-4.000000	0.002656
YHR181W	YDR207C	0.768981						0.000000	4.000000	0.001501
YMR091C	YBR066C	0.768968						0.000000	4.000000	0.003062
YDL226C	YBR066C	0.768959						0.000000	4.000000	0.002686
YCL043C	YHL027W	0.768952						0.000000	4.000000	0.002883
YFR003C	YDR207C	0.768928	0.000000	0.124038	0.181180	0.134666	0.147260	0.000000	4.000000	0.001533
YKL093W	YGL237C	0.768923						0.000000	4.000000	0.002764
YDR354W	YJR147W	0.768893						0.000000	4.000000	0.002719
YFL022C	YOR344C	0.768890	0.000000	0.123919	0.181180	0.134586	0.147176	0.000000	4.000000	0.002622
YGL027C	YDR034C	0.768889						0.000000	4.000000	0.002407
YDL083C	YDR146C	0.768875						0.000000	-4.000000	0.002963
YBR024W	YGL237C	0.768836						0.000000	4.000000	0.003101
YDR098C	YJR060W	0.768825						0.000000	4.000000	0.003015
YKL157W	YDR207C	0.768800						0.000000	4.000000	0.002677
YDR099W	YKL020C	0.768796						0.000000	4.000000	0.002744
YDR025W	YDR253C	0.768768						0.000000	-4.000000	0.002965
YPL081W	YDL106C	0.768689	0.000000	0.123800	0.181180	0.134505	0.147092	0.000000	4.000000	0.002575
YEL066W	YNL103W	0.768682						0.000000	-4.000000	0.003636
YFR030W	YKR099W	0.768678	0.000000	0.123682	0.181180	0.134425	0.147009	0.000000	4.000000	0.002635
YKL060C	YHR178W	0.768671						0.000000	4.000000	0.002755
YJR044C	YOL108C	0.768654						0.000000	-4.000000	0.002216
YER074W-A	YNL103W	0.768640						0.000000	-4.000000	0.002506
YPR158W	YDR123C	0.768605						0.000000	-4.000000	0.002493
YDR023W	YDR310C	0.768576						0.000000	-4.000000	0.002906
YDL120W	YOR028C	0.768550						0.000000	4.000000	0.002909
YOR173W	YOL108C	0.768543	0.000000	0.123563	0.181180	0.134345	0.146925	0.000000	4.000000	0.002531
YFL010W-A	YJR147W	0.768531						0.000000	4.000000	0.002751
YBL058W	YGL013C	0.768509						0.000000	4.000000	0.003033
YIL011W	YBR066C	0.768503						0.000000	4.000000	0.002829
YNR035C	YBL021C	0.768431						0.000000	-4.000000	0.003008
YLR432W	YGR044C	0.768407						0.000000	-4.000000	0.002739
YGL226C-A	YEL009C	0.768400						0.000000	4.000000	0.002818
YOR036W	YGL013C	0.768393						0.000000	4.000000	0.001705
YNR036C	YGL073W	0.768393						0.000000	4.000000	0.002415
YEL040W	YGL035C	0.768389	0.000000	0.123445	0.181180	0.134264	0.146841	0.000000	4.000000	0.002488
YGR108W	YHR084W	0.768377						1.000000	4.000000	0.002694
YPR010C	YJR060W	0.768375						1.000000	4.000000	0.002265
YDL052C	YIR017C	0.768364						0.000000	4.000000	0.002831
YBR077C	YKR034W	0.768344						0.000000	4.000000	0.002615
YLR201C	YOR140W	0.768307						0.000000	-4.000000	0.002220
YIL065C	YOR028C	0.768290						0.000000	4.000000	0.001329
YDR098C	YMR021C	0.768275						0.000000	4.000000	0.002243
YLR262C-A	YBL021C	0.768252						0.000000	-4.000000	0.002924
YDL201W	YPR104C	0.768232						0.000000	4.000000	0.002513
YDR226W	YPL075W	0.768222						0.000000	4.000000	0.002595
YMR276W	YMR021C	0.768171	0.000000	0.123327	0.181180	0.134184	0.146758	0.000000	4.000000	0.002514
YHR043C	YDR421W	0.768133						0.000000	4.000000	0.002392
YHR170W	YNL068C	0.768088						0.000000	4.000000	0.002758
YMR152W	YKL032C	0.768083						0.000000	4.000000	0.001536
YOR383C	YER088C	0.768066						0.000000	4.000000	0.002147
YMR241W	YKL043W	0.768053						0.000000	4.000000	0.002581
YPL265W	YIR023W	0.767999	0.000000	0.123209	0.181180	0.134104	0.146674	0.000000	4.000000	0.003006
YER145C	YMR070W	0.767990	0.000000	0.123092	0.181180	0.134025	0.146591	0.000000	4.000000	0.002711
YOR117W	YOL089C	0.767981						0.000000	-4.000000	0.002434
YOR326W	YCR065W	0.767971						0.000000	4.000000	0.002400
YKR025W	YGR044C	0.767961						0.000000	-4.000000	0.002797
YMR108W	YDL048C	0.767882						0.000000	4.000000	0.002544
YLR172C	YBL005W	0.767868						0.000000	4.000000	0.001979
YKR093W	YKL032C	0.767855	0.000000	0.122974	0.181180	0.133945	0.146508	0.000000	4.000000	0.002103
YJR135W-A	YMR021C	0.767847						0.000000	4.000000	0.002277
YKL128C	YOL028C	0.767789						0.000000	4.000000	0.002541
YMR229C	YBR240C	0.767762						0.000000	-4.000000	0.002669
YOR294W	YGR044C	0.767726						0.000000	-4.000000	0.002581
YDR101C	YKL032C	0.767701						1.000000	4.000000	0.002377
YLR104W	YDR174W	0.767686						0.000000	4.000000	0.003251
YJR021C	YBR066C	0.767682						0.000000	4.000000	0.002549
YGL208W	YOL067C	0.767681						0.000000	4.000000	0.002554
YGL002W	YGL166W	0.767642						0.000000	4.000000	0.002077
YML074C	YLR176C	0.767640						0.000000	-4.000000	0.002308
YIL133C	YDR146C	0.767631	0.000000	0.122857	0.181180	0.133865	0.146425	0.000000	-4.000000	0.002582
YFR031C-A	YOR363C	0.767620	0.000000	0.122740	0.181180	0.133786	0.146341	0.000000	4.000000	0.001869
YMR058W	YNL199C	0.767608	0.000000	0.122624	0.181180	0.133706	0.146259	0.000000	4.000000	0.001802
YNL077W	YCR065W	0.767558						0.000000	-4.000000	0.002198
YHR137W	YJR147W	0.767555						0.000000	4.000000	0.002009
YDR025W	YDR146C	0.767536						0.000000	4.000000	0.002352
YHR195W	YPL230W	0.767515						0.000000	4.000000	0.001993
YHR013C	YJL089W	0.767506						0.000000	4.000000	0.002383
YGR124W	YMR070W	0.767494						0.000000	4.000000	0.002458
YEL051W	YDR451C	0.767476						0.000000	4.000000	0.002637
YLR203C	YGL237C	0.767460						0.000000	4.000000	0.001806
YGR092W	YGR249W	0.767423						0.000000	-4.000000	0.002662
YIL034C	YDR174W	0.767410						0.000000	4.000000	0.002264
YLR204W	YBL021C	0.767401						0.000000	-4.000000	0.002458
YNL156C	YPL230W	0.767400						0.000000	4.000000	0.002371
YOR036W	YPL230W	0.767397						0.000000	4.000000	0.002224
YLR254C	YBR066C	0.767379						0.000000	4.000000	0.002569
YER018C	YJR060W	0.767358						1.000000	4.000000	0.002139
YBR252W	YPR065W	0.767351						0.000000	4.000000	0.002689
YIR022W	YBL021C	0.767340						0.000000	-4.000000	0.002365
YLR029C	YHR006W	0.767330						0.000000	-4.000000	0.002249
YNL138W	YBL021C	0.767325						0.000000	-4.000000	0.002773
YPL143W	YDR253C	0.767303	0.000000	0.122507	0.181180	0.133627	0.146176	0.000000	-4.000000	0.002303
YKL086W	YLR451W	0.767302	0.000000	0.122391	0.181180	0.133548	0.146093	0.000000	-4.000000	0.002316
YJR133W	YBL021C	0.767301						0.000000	-4.000000	0.001431
YOR382W	YDR207C	0.767292						0.000000	4.000000	0.002322
YMR174C	YIL036W	0.767287						0.000000	4.000000	0.002338
YHR074W	YKL032C	0.767259						0.000000	4.000000	0.001748
YHL011C	YGR044C	0.767228						0.000000	-4.000000	0.002310
YDL051W	YHR006W	0.767211						0.000000	-4.000000	0.002649
YOR253W	YKL112W	0.767192						0.000000	4.000000	0.001695
YML057W	YBR066C	0.767177						0.000000	4.000000	0.002549
YHL032C	YOR028C	0.767167						0.000000	4.000000	0.002123
YDR382W	YIL131C	0.767167	0.000000	0.122275	0.181180	0.133469	0.146010	0.000000	4.000000	0.002482
YBR003W	YPL230W	0.767160						0.000000	4.000000	0.002152
YOL140W	YDL048C	0.767158						0.000000	4.000000	0.002539
YPR199C	YPR008W	0.767129						0.000000	4.000000	0.002558
YJL097W	YIR017C	0.767115						0.000000	4.000000	0.002084
YOL016C	YER088C	0.767109						0.000000	4.000000	0.002476
YOL119C	YKR034W	0.767073						0.000000	4.000000	0.002379
YCL025C	YKL032C	0.767035	0.000000	0.122159	0.181180	0.133390	0.145928	0.000000	4.000000	0.001255
YDR236C	YMR021C	0.767025						0.000000	4.000000	0.001901
YER018C	YDL170W	0.767004						0.000000	-4.000000	0.002260
YCL017C	YBL103C	0.766989						0.000000	4.000000	0.002390
YDL099W	YPR008W	0.766972						0.000000	4.000000	0.002298
YGL022W	YDL056W	0.766948						0.000000	4.000000	0.002115
YOR085W	YBL021C	0.766925						0.000000	-4.000000	0.002359
YHR198C	YOR140W	0.766889						0.000000	-4.000000	0.002528
YDR321W	YBL005W	0.766868						0.000000	4.000000	0.002735
YNL175C	YHR124W	0.766856						0.000000	4.000000	0.002143
YOL083W	YDR423C	0.766839						0.000000	4.000000	0.002450
YGR175C	YGL209W	0.766832						0.000000	4.000000	0.002398
YJR095W	YOR028C	0.766818						0.000000	4.000000	0.001601
YKR025W	YPR104C	0.766796						0.000000	4.000000	0.001225
YJR069C	YBR049C	0.766738						0.000000	4.000000	0.002354
YKL007W	YNL103W	0.766736						0.000000	-4.000000	0.002380
YEL011W	YGL073W	0.766709						0.000000	4.000000	0.002301
YKL157W	YPL177C	0.766706						0.000000	-4.000000	0.002073
YAL014C	YGL166W	0.766685						0.000000	4.000000	0.002821
YFL034C-A	YDR146C	0.766678						0.000000	-4.000000	0.002256
YIL070C	YOR028C	0.766675						0.000000	4.000000	0.000681
YBR189W	YHR124W	0.766620						0.000000	4.000000	0.002354
YDL232W	YBL021C	0.766611						0.000000	-4.000000	0.002481
YDR148C	YPL133C	0.766604						0.000000	4.000000	0.002316
YPL131W	YDR253C	0.766576						0.000000	-4.000000	0.002427
YBR058C-A	YHL027W	0.766541						0.000000	-4.000000	0.002559
YFL030W	YOL067C	0.766532						0.000000	4.000000	0.002296
YGR203W	YJR060W	0.766526						1.000000	4.000000	0.001068
YOL119C	YKL032C	0.766516	0.000000	0.122044	0.181180	0.133311	0.145845	0.000000	4.000000	0.001605
YOR198C	YJR060W	0.766504						0.000000	4.000000	0.001954
YGL196W	YIR017C	0.766498						0.000000	4.000000	0.001916
YLR066W	YMR021C	0.766494						0.000000	4.000000	0.002278
YJL014W	YOR162C	0.766494						0.000000	4.000000	0.002288
YDR019C	YER088C	0.766482						0.000000	4.000000	0.002237
YLR259C	YGL013C	0.766448	0.000000	0.121928	0.181180	0.133232	0.145763	0.000000	4.000000	0.002075
YER120W	YBL021C	0.766431	0.000000	0.121813	0.181180	0.133153	0.145680	0.000000	-4.000000	0.002333
YDL110C	YGL073W	0.766425						0.000000	4.000000	0.001931
YHR137W	YMR021C	0.766399						0.000000	4.000000	0.000864
YDL135C	YMR070W	0.766390						0.000000	4.000000	0.002798
YDR304C	YBL021C	0.766384						0.000000	-4.000000	0.002098
YGR085C	YHR006W	0.766340						0.000000	-4.000000	0.002294
YDL018C	YGL013C	0.766329						0.000000	4.000000	0.002155
YHR199C	YDR034C	0.766320						0.000000	4.000000	0.002126
YCR009C	YDR174W	0.766294						0.000000	4.000000	0.002302
YDR429C	YKL038W	0.766292						0.000000	4.000000	0.002479
YML078W	YOR140W	0.766277						0.000000	-4.000000	0.001968
YEL011W	YKL020C	0.766270						0.000000	4.000000	0.002273
YLR437C	YDR253C	0.766247						1.000000	4.000000	0.002211
YBR230C	YCR084C	0.766241						0.000000	-4.000000	0.002250
YKL065C	YGL013C	0.766180						0.000000	4.000000	0.002257
YJR094W-A	YDR146C	0.766179	0.000000	0.121698	0.181180	0.133075	0.145598	0.000000	4.000000	0.001936
YBR037C	YML007W	0.766160						0.000000	4.000000	0.002717
YPL028W	YMR021C	0.766158						0.000000	4.000000	0.002458
YJL026W	YBR066C	0.766104						0.000000	4.000000	0.001995
YBR151W	YPL230W	0.766103						0.000000	4.000000	0.001628
YHR209W	YLR451W	0.766100						0.000000	-4.000000	0.002200
YDR012W	YNL216W	0.766084						1.000000	4.000000	0.002141
YNL045W	YOL108C	0.766032						0.000000	4.000000	0.001870
YLR413W	YBL005W	0.766025						0.000000	4.000000	0.002077
YBR043C	YIL119C	0.765984						0.000000	4.000000	0.002243
YDR224C	YDR043C	0.765953						0.000000	-4.000000	0.002179
YER036C	YOR363C	0.765939						0.000000	4.000000	0.002052
YGL221C	YNL103W	0.765932						0.000000	-4.000000	0.001840
YHR198C	YGL073W	0.765929						0.000000	4.000000	0.001976
YPL091W	YDR174W	0.765926						0.000000	4.000000	0.001987
YBL041W	YDR207C	0.765868						0.000000	4.000000	0.001209
YER126C	YIR023W	0.765864						0.000000	-4.000000	0.002370
YLR325C	YBR240C	0.765839	0.000000	0.121583	0.181180	0.132996	0.145516	0.000000	4.000000	0.002172
YML069W	YIR017C	0.765768						0.000000	4.000000	0.002592
Q0050	YML007W	0.765733						0.000000	4.000000	0.002117
YPR118W	YGL035C	0.765690						0.000000	4.000000	0.002054
YBR214W	YDR253C	0.765665						1.000000	4.000000	0.001769
YGR167W	YBL021C	0.765660						0.000000	-4.000000	0.001415
YBR111C	YDR207C	0.765643						0.000000	4.000000	0.001423
YDR296W	YOR028C	0.765626						0.000000	4.000000	0.001222
YFL010W-A	YOL089C	0.765614						0.000000	-4.000000	0.002234
YLR060W	YPR104C	0.765611						0.000000	4.000000	0.002866
YFL022C	YIR018W	0.765605	0.000000	0.121469	0.181180	0.132918	0.145434	0.000000	4.000000	0.001236
YLR340W	YPL248C	0.765587						0.000000	-4.000000	0.002147
YHR037W	YNL103W	0.765582						0.000000	-4.000000	0.002137
YHR096C	YGL071W	0.765574	0.000000	0.121355	0.181180	0.132840	0.145352	0.000000	4.000000	0.001794
YJL145W	YLR098C	0.765559						0.000000	-4.000000	0.002301
YHR013C	YIR018W	0.765558						0.000000	4.000000	0.001822
YGR118W	YPR065W	0.765550						0.000000	4.000000	0.001361
YIL016W	YNL314W	0.765534						0.000000	4.000000	0.001686
YGR118W	YOR344C	0.765528						0.000000	4.000000	0.002282
YBR126C	YGL073W	0.765525						0.000000	4.000000	0.001143
YDR531W	YDR451C	0.765514						0.000000	4.000000	0.002047
YDR098C	YIR017C	0.765501						0.000000	4.000000	0.002159
YBR146W	YGL013C	0.765493						0.000000	4.000000	0.001867
YCR069W	YDL020C	0.765457						0.000000	4.000000	0.001876
YNR016C	YNL103W	0.765453						0.000000	-4.000000	0.002291
YIL009C-A	YDR259C	0.765432						0.000000	4.000000	0.001886
YKR043C	YOR344C	0.765427						0.000000	4.000000	0.002001
YNL096C	YDR146C	0.765413	0.000000	0.121241	0.181180	0.132762	0.145270	0.000000	-4.000000	0.002191
YKL216W	YDL048C	0.765337						0.000000	4.000000	0.001991
YBR249C	YPR104C	0.765324						0.000000	4.000000	0.001753
YNL091W	YJR127C	0.765314						0.000000	4.000000	0.002013
YLR340W	YHR124W	0.765297						0.000000	4.000000	0.001990
YLR328W	YHR084W	0.765294						1.000000	-4.000000	0.002110
YMR009W	YOR140W	0.765275						0.000000	-4.000000	0.002613
YDR083W	YNL027W	0.765232						0.000000	-4.000000	0.002149
YGR282C	YEL009C	0.765216						0.000000	4.000000	0.001780
YGR148C	YDR253C	0.765172						0.000000	-4.000000	0.002101
YPR182W	YDR207C	0.765154						0.000000	4.000000	0.002188
YOR253W	YBL005W	0.765136						0.000000	4.000000	0.002208
YMR256C	YGL073W	0.765092						0.000000	4.000000	0.001768
YPL143W	YOR344C	0.765083	0.000000	0.121127	0.181180	0.132684	0.145189	0.000000	4.000000	0.002130
YNL066W	YDR123C	0.765025	0.000000	0.121013	0.181180	0.132606	0.145107	0.000000	4.000000	0.002103
YMR170C	YOR028C	0.765009						0.000000	4.000000	0.002436
YHR027C	YDR034C	0.765004						0.000000	4.000000	0.001846
YDL131W	YHR206W	0.764983						0.000000	4.000000	0.001424
YDR309C	YDR034C	0.764968						0.000000	4.000000	0.001586
YMR089C	YOL067C	0.764958						0.000000	4.000000	0.002464
YPL090C	YNL027W	0.764949						0.000000	4.000000	0.002263
YML123C	YNL216W	0.764927						1.000000	-4.000000	0.001902
YDR429C	YPR104C	0.764882						0.000000	4.000000	0.002081
YLR153C	YDR034C	0.764819						0.000000	4.000000	0.001673
YNL074C	YIL119C	0.764813						0.000000	4.000000	0.001917
YKL093W	YPL230W	0.764800						0.000000	4.000000	0.001559
YNL327W	YMR037C	0.764791						1.000000	4.000000	0.001922
YOR293W	YHR006W	0.764782						0.000000	4.000000	0.001916
YHR089C	YIL101C	0.764765						0.000000	-4.000000	0.002131
YDR287W	YIR023W	0.764763						0.000000	4.000000	0.001863
YPL156C	YML007W	0.764760	0.000000	0.120900	0.181180	0.132528	0.145025	0.000000	4.000000	0.001602
YKR076W	YJL056C	0.764728						0.000000	4.000000	0.001578
YDR242W	YDR207C	0.764720						0.000000	4.000000	0.001711
YBR146W	YOR140W	0.764713						0.000000	-4.000000	0.001972
YBR218C	YDR207C	0.764686	0.000000	0.120787	0.181180	0.132450	0.144944	0.000000	4.000000	0.001345
YNL070W	YOL089C	0.764681						0.000000	-4.000000	0.001998
YDL045C	YDL048C	0.764635						0.000000	4.000000	0.001749
YKL086W	YKR034W	0.764627						0.000000	4.000000	0.001980
YER069W	YIL119C	0.764618						0.000000	4.000000	0.001913
YKR042W	YOR162C	0.764613						1.000000	4.000000	0.001441
YIL018W	YDR423C	0.764611						0.000000	-4.000000	0.001914
YHR063C	YER088C	0.764601						0.000000	4.000000	0.001707
YPR181C	YJR127C	0.764601						0.000000	4.000000	0.001922
YGL219C	YPL230W	0.764586						0.000000	4.000000	0.002053
YJL173C	YMR070W	0.764583						0.000000	4.000000	0.001677
YMR135C	YOR140W	0.764581						0.000000	-4.000000	0.001118
YOR004W	YPR104C	0.764568						0.000000	4.000000	0.002348
YBR052C	YDR207C	0.764561						0.000000	4.000000	0.001961
YBR084C-A	YHR124W	0.764547						0.000000	4.000000	0.002227
YLR300W	YMR037C	0.764520						1.000000	4.000000	0.001908
YER094C	YOL089C	0.764501						0.000000	-4.000000	0.001389
YHR132C	YDR207C	0.764493						0.000000	4.000000	0.001921
YGR207C	YGL096W	0.764448						0.000000	4.000000	0.002014
YFR047C	YGL237C	0.764443						0.000000	4.000000	0.001926
YPR043W	YGL209W	0.764428						0.000000	4.000000	0.002221
YHR039C-A	YPL202C	0.764398						0.000000	-4.000000	0.001580
YER073W	YGL209W	0.764351	0.000000	0.120674	0.181180	0.132372	0.144862	0.000000	4.000000	0.002116
YER081W	YDL048C	0.764347						0.000000	4.000000	0.001221
YMR169C	YAL051W	0.764339	0.000000	0.120561	0.181180	0.132295	0.144781	0.000000	4.000000	0.001309
YMR300C	YGL209W	0.764303						0.000000	4.000000	0.002013
YMR089C	YOL108C	0.764292						0.000000	4.000000	0.001280
YBR143C	YGR044C	0.764289						0.000000	-4.000000	0.002128
YLR185W	YHR124W	0.764240						0.000000	-4.000000	0.001658
YMR241W	YGL237C	0.764222						0.000000	4.000000	0.001201
YGR088W	YKL015W	0.764219						0.000000	4.000000	0.002008
YBR268W	YOL108C	0.764211						0.000000	4.000000	0.001713
YKR059W	YHR178W	0.764180						0.000000	4.000000	0.002143
YOR230W	YPL177C	0.764162	0.000000	0.120448	0.181180	0.132217	0.144700	0.000000	-4.000000	0.001774
YIL052C	YHR006W	0.764152	0.000000	0.120336	0.181180	0.132140	0.144619	0.000000	4.000000	0.002012
YKL160W	YDR174W	0.764145						0.000000	4.000000	0.001790
YOR130C	YDR207C	0.764129						0.000000	4.000000	0.001567
YGR082W	YJL089W	0.764117						0.000000	4.000000	0.001889
YJR063W	YDR146C	0.764109						0.000000	-4.000000	0.001657
YIL064W	YPR104C	0.764057						0.000000	4.000000	0.001772
YNL096C	YDR423C	0.764053	0.000000	0.120224	0.181180	0.132063	0.144538	0.000000	-4.000000	0.001481
YHR193C	YKR099W	0.764008						0.000000	-4.000000	0.001948
YGR159C	YPL177C	0.763999	0.000000	0.120112	0.181180	0.131986	0.144457	0.000000	4.000000	0.002183
YEL052W	YGL013C	0.763996						0.000000	4.000000	0.002179
YBR034C	YGR044C	0.763992						0.000000	-4.000000	0.001997
YPL031C	YOR140W	0.763980						0.000000	-4.000000	0.001971
YDR079W	YGL073W	0.763967						0.000000	4.000000	0.001700
YMR038C	YNL103W	0.763956	0.000000	0.120000	0.181180	0.131909	0.144376	0.000000	-4.000000	0.001981
YDR032C	YER088C	0.763954						0.000000	4.000000	0.001816
YLR093C	YCR084C	0.763905						0.000000	-4.000000	0.001900
YBL102W	YKL032C	0.763900	0.000000	0.119888	0.181180	0.131832	0.144295	0.000000	4.000000	0.001973
YDL029W	YBL021C	0.763858						0.000000	-4.000000	0.001627
YML078W	YDR174W	0.763855						0.000000	4.000000	0.001619
YIR036C	YGL013C	0.763850						0.000000	4.000000	0.001763
YDR204W	YKL020C	0.763832						0.000000	4.000000	0.001762
YFL016C	YPL230W	0.763824						0.000000	4.000000	0.001856
YGR135W	YOL089C	0.763804						0.000000	-4.000000	0.001920
YMR298W	YDR174W	0.763795						0.000000	4.000000	0.001538
YHR110W	YIR017C	0.763776						0.000000	4.000000	0.001465
YIL112W	YDR259C	0.763771						0.000000	4.000000	0.001754
YHR132C	YBL021C	0.763756						0.000000	-4.000000	0.001948
YPR145W	YMR021C	0.763743						0.000000	4.000000	0.002004
YDL191W	YIL101C	0.763741						0.000000	4.000000	0.002145
YNL255C	YLR176C	0.763730						0.000000	-4.000000	0.001671
YBR253W	YJR127C	0.763726						0.000000	4.000000	0.001800
YDR059C	YIR023W	0.763721						0.000000	4.000000	0.001958
YFR033C	YPL133C	0.763705						0.000000	4.000000	0.002196
YJL172W	YKR034W	0.763676						0.000000	4.000000	0.001626
YPL118W	YIL036W	0.763664						0.000000	4.000000	0.001768
YJR069C	YOR344C	0.763663						0.000000	4.000000	0.001874
YER122C	YKL043W	0.763657						0.000000	4.000000	0.001860
YHR064C	YNL314W	0.763653						0.000000	4.000000	0.001971
YKL003C	YOR028C	0.763642						0.000000	4.000000	0.001890
YPL160W	YBR239C	0.763641						0.000000	-4.000000	0.001340
YHR016C	YIR023W	0.763637						0.000000	4.000000	0.001441
YLR154W-C	YPL177C	0.763633						0.000000	-4.000000	0.002011
YML125C	YNL199C	0.763617						0.000000	4.000000	0.001791
YLR285W	YBR066C	0.763602						0.000000	4.000000	0.001778
YOL097C	YBL005W	0.763579						0.000000	4.000000	0.001549
YJL097W	YDR174W	0.763578						0.000000	4.000000	0.001554
YLR038C	YIR023W	0.763554	0.000000	0.119777	0.181180	0.131755	0.144215	0.000000	4.000000	0.002050
YPL123C	YOR028C	0.763550						0.000000	4.000000	0.001900
YNL149C	YMR042W	0.763543						0.000000	-4.000000	0.001688
YPL273W	YFR034C	0.763539	0.000000	0.119666	0.181180	0.131678	0.144134	0.000000	4.000000	0.001546
YDR399W	YPR104C	0.763538						0.000000	4.000000	0.001969
YJL026W	YER088C	0.763528						0.000000	4.000000	0.001252
YOR220W	YER088C	0.763500						0.000000	4.000000	0.001753
YPR058W	YMR070W	0.763478	0.000000	0.119555	0.181180	0.131602	0.144054	0.000000	4.000000	0.001629
YNL110C	YBR239C	0.763425						0.000000	-4.000000	0.001868
YDR399W	YIL101C	0.763405						0.000000	-4.000000	0.001905
YFL045C	YIR017C	0.763367						0.000000	4.000000	0.001799
YDL171C	YEL009C	0.763358						1.000000	4.000000	0.001777
YJR135W-A	YOL089C	0.763343						0.000000	-4.000000	0.001554
YPL143W	YIR018W	0.763338	0.000000	0.119444	0.181180	0.131525	0.143973	0.000000	4.000000	0.001950
YMR292W	YMR043W	0.763334						0.000000	-4.000000	0.001907
YDR447C	YNL027W	0.763290						0.000000	-4.000000	0.001474
YOR276W	YDR520C	0.763288						0.000000	4.000000	0.001823
YGR180C	YDR207C	0.763267	0.000000	0.119334	0.181180	0.131449	0.143893	0.000000	4.000000	0.001476
YKL180W	YPR104C	0.763203	0.000000	0.119224	0.181180	0.131372	0.143813	0.000000	4.000000	0.001769
YBR037C	YJL056C	0.763202						0.000000	4.000000	0.001817
YKL086W	YNL103W	0.763172	0.000000	0.119114	0.181180	0.131296	0.143733	0.000000	-4.000000	0.001172
YIL109C	YBR066C	0.763154						0.000000	4.000000	0.002199
YER044C	YKR034W	0.763146						0.000000	4.000000	0.001960
YMR139W	YPL230W	0.763144						0.000000	4.000000	0.001725
YPL222W	YAL051W	0.763132						0.000000	4.000000	0.001827
YKR062W	YKL062W	0.763080						1.000000	4.000000	0.001635
YOR335C	YHR178W	0.763075						0.000000	4.000000	0.001321
YNL306W	YOL089C	0.763067						0.000000	-4.000000	0.001840
YDR423C	YJR127C	0.763063						0.000000	4.000000	0.001889
YKL187C	YKL015W	0.763061	0.000000	0.119004	0.181180	0.131220	0.143653	0.000000	4.000000	0.001920
YPL231W	YDL020C	0.763051						0.000000	4.000000	0.001875
YDR236C	YDR421W	0.763048						0.000000	4.000000	0.001784
YKL196C	YDR207C	0.763039						0.000000	4.000000	0.001629
YPL206C	YOL108C	0.763033						0.000000	4.000000	0.001854
YNL064C	YKL062W	0.763015						1.000000	2.000000	0.001115
YDL125C	YLR176C	0.763014						0.000000	-4.000000	0.002116
YBR282W	YGL096W	0.763009						0.000000	4.000000	0.001538
YOR347C	YDR207C	0.763006						0.000000	4.000000	0.001700
YOR257W	YPR008W	0.762964						0.000000	4.000000	0.001522
YJR017C	YDR421W	0.762956						0.000000	4.000000	0.001698
YNL016W	YHR178W	0.762943						0.000000	4.000000	0.001795
YLR172C	YMR042W	0.762914						0.000000	-4.000000	0.001484
YPL223C	YAL051W	0.762908						0.000000	4.000000	0.001767
YPL004C	YOR028C	0.762901						0.000000	4.000000	0.001593
YMR056C	YAL051W	0.762896						0.000000	4.000000	0.001710
YJR010W	YGL209W	0.762896						0.000000	4.000000	0.001466
YKR046C	YGL013C	0.762879						0.000000	4.000000	0.001830
YBR092C	YER111C	0.762872						0.000000	-4.000000	0.001799
YGL106W	YKR034W	0.762845						0.000000	4.000000	0.001543
YFR032C-A	YKL038W	0.762845						0.000000	4.000000	0.001688
YDL237W	YNL103W	0.762812						0.000000	-4.000000	0.001652
YER058W	YGL237C	0.762811						0.000000	4.000000	0.001437
YPL189C-A	YGL209W	0.762803						0.000000	4.000000	0.001648
YJL088W	YDR123C	0.762800	0.000000	0.118894	0.181180	0.131144	0.143573	0.000000	4.000000	0.001841
YDR296W	YOR140W	0.762796						0.000000	-4.000000	0.001601
YHR072W-A	YDR043C	0.762795						0.000000	4.000000	0.001455
YKL094W	YOL108C	0.762776						0.000000	4.000000	0.001787
YIL074C	YDR034C	0.762770						0.000000	4.000000	0.001452
YIL157C	YPL177C	0.762766						0.000000	-4.000000	0.001712
YLR413W	YGL035C	0.762747						0.000000	4.000000	0.001464
YDR168W	YER088C	0.762740						0.000000	4.000000	0.001817
YNL157W	YKL020C	0.762737						0.000000	4.000000	0.001710
YPL160W	YPR104C	0.762736						0.000000	4.000000	0.001903
YDR226W	YLR176C	0.762717						0.000000	-4.000000	0.001693
YMR307W	YMR164C	0.762713						0.000000	-4.000000	0.001758
YNL117W	YML007W	0.762693						0.000000	4.000000	0.001608
YOR085W	YFL031W	0.762655						0.000000	4.000000	0.001440
YML030W	YJL056C	0.762614						0.000000	4.000000	0.001874
YER141W	YPL230W	0.762613						0.000000	4.000000	0.001665
YIL124W	YGL013C	0.762581						0.000000	4.000000	0.001359
YCL035C	YOL108C	0.762571						0.000000	4.000000	0.001690
YIR012W	YDR253C	0.762559						0.000000	-4.000000	0.001487
YDR236C	YDR207C	0.762515						0.000000	4.000000	0.001788
YNR002C	YGL237C	0.762514						0.000000	4.000000	0.001431
YPR158W	YPL230W	0.762509						0.000000	4.000000	0.001362
YHR209W	YMR021C	0.762476						0.000000	4.000000	0.001751
YBR058C-A	YDR174W	0.762432						0.000000	4.000000	0.001467
YER017C	YGL237C	0.762431						0.000000	4.000000	0.001622
YOR155C	YKL032C	0.762373						0.000000	4.000000	0.001453
YLR287C-A	YJR060W	0.762369	0.000000	0.118785	0.181180	0.131068	0.143493	0.000000	4.000000	0.001316
YGL120C	YPR104C	0.762364						0.000000	4.000000	0.001668
YHR196W	YNL027W	0.762354						0.000000	-4.000000	0.001419
YBR121C	YJL089W	0.762333						0.000000	4.000000	0.001580
YIL034C	YDR207C	0.762322						0.000000	4.000000	0.001719
YMR116C	YPL248C	0.762319						0.000000	-4.000000	0.001616
YDR079W	YOR028C	0.762316						0.000000	4.000000	0.001376
YDR483W	YDR174W	0.762305						0.000000	4.000000	0.001624
YLR454W	YJR127C	0.762300						0.000000	4.000000	0.001529
YER073W	YBR066C	0.762273						0.000000	4.000000	0.001717
YDR236C	YKL032C	0.762272						0.000000	4.000000	0.001055
YIL041W	YDR207C	0.762255						0.000000	4.000000	0.001152
YEL040W	YFR034C	0.762252	0.000000	0.118675	0.181180	0.130992	0.143413	0.000000	4.000000	0.001354
YAL044C	YNL103W	0.762235						0.000000	-4.000000	0.001209
YLR028C	YGL013C	0.762235	0.000000	0.118566	0.181180	0.130916	0.143333	0.000000	4.000000	0.001170
YMR237W	YJR127C	0.762221						0.000000	4.000000	0.001429
YER175C	YDL170W	0.762208						0.000000	-4.000000	0.001238
YIL051C	YLR451W	0.762205						0.000000	-4.000000	0.001749
YEL034W	YLR176C	0.762202						0.000000	-4.000000	0.001659
YMR189W	YDL170W	0.762189	0.000000	0.118457	0.181180	0.130841	0.143254	0.000000	-4.000000	0.001573
YDL115C	YPR008W	0.762184						0.000000	4.000000	0.001907
YJR073C	YPL177C	0.762178						0.000000	-4.000000	0.001567
YMR157C	YGL013C	0.762173						0.000000	4.000000	0.001579
YER073W	YIL119C	0.762165						0.000000	4.000000	0.001489
YLL008W	YEL009C	0.762146						1.000000	-4.000000	0.001337
YJL080C	YHR178W	0.762143						0.000000	4.000000	0.001652
YHR026W	YHR206W	0.762125						0.000000	4.000000	0.001478
YNR017W	YPL133C	0.762107						0.000000	4.000000	0.001366
YAL059W	YGR044C	0.762059						0.000000	-4.000000	0.001087
YAL014C	YDR207C	0.762050						0.000000	4.000000	0.001559
YDR500C	YBR239C	0.762047						0.000000	-4.000000	0.001569
YBL099W	YOL067C	0.762037						0.000000	4.000000	0.001525
YJL136C	YPR065W	0.762031	0.000000	0.118349	0.181180	0.130765	0.143174	0.000000	4.000000	0.001415
YKL099C	YPR104C	0.762020						0.000000	4.000000	0.001821
YCR036W	YNL103W	0.762007						0.000000	-4.000000	0.001304
YBR089C-A	YOR140W	0.761993						0.000000	-4.000000	0.001234
YDL067C	YOR140W	0.761983						0.000000	-4.000000	0.001659
YJL012C	YKL112W	0.761974						0.000000	4.000000	0.001449
YOR303W	YER088C	0.761963						0.000000	4.000000	0.001377
YER148W	YGL209W	0.761954						0.000000	4.000000	0.001482
YOL049W	YDR174W	0.761953						0.000000	4.000000	0.001779
YLR268W	YKR034W	0.761947						0.000000	4.000000	0.001524
YOR272W	YPL089C	0.761917	0.000000	0.118240	0.181180	0.130690	0.143095	0.000000	-4.000000	0.001487
YNL084C	YGL096W	0.761914						0.000000	4.000000	0.001853
YDL171C	YMR037C	0.761908						1.000000	4.000000	0.001933
YEL058W	YMR021C	0.761903						0.000000	4.000000	0.001073
YBR230C	YJL056C	0.761902						0.000000	4.000000	0.001339
YDR365C	YHR084W	0.761876						1.000000	4.000000	0.001331
YDL008W	YDR034C	0.761862						0.000000	4.000000	0.001567
YMR089C	YOR140W	0.761854						0.000000	-4.000000	0.001413
YLR375W	YKL020C	0.761838						0.000000	4.000000	0.001425
YLR390W	YGL013C	0.761835						0.000000	4.000000	0.001857
YFL016C	YDL048C	0.761833						0.000000	4.000000	0.001111
YPR103W	YEL009C	0.761826						0.000000	4.000000	0.001047
YLL040C	YDR207C	0.761822						0.000000	4.000000	0.000956
YGL019W	YNL103W	0.761810						0.000000	-4.000000	0.001647
YDR454C	YJL089W	0.761779						0.000000	4.000000	0.001668
YOR383C	YPR008W	0.761755						0.000000	4.000000	0.001670
YDR165W	YGR044C	0.761751						0.000000	-4.000000	0.001565
YOR335C	YFR034C	0.761730						0.000000	4.000000	0.001829
YLR099W-A	YKL043W	0.761720						0.000000	4.000000	0.001572
YHR143W-A	YBR066C	0.761689						0.000000	4.000000	0.001534
YBR294W	YDL048C	0.761686						0.000000	4.000000	0.001753
YML026C	YBR240C	0.761675	0.000000	0.118132	0.181180	0.130614	0.143016	0.000000	4.000000	0.001652
YER146W	YMR043W	0.761658						0.000000	-4.000000	0.001620
YOL012C	YIR017C	0.761657						0.000000	4.000000	0.001445
YNR037C	YBL021C	0.761654						0.000000	-4.000000	0.001516
YDL185W	YDR174W	0.761641						0.000000	4.000000	0.001569
YHR068W	YGR044C	0.761618						0.000000	-4.000000	0.001440
YHR108W	YCR065W	0.761592						0.000000	4.000000	0.001715
YNL045W	YGL073W	0.761592						0.000000	4.000000	0.001770
YLR109W	YDL020C	0.761580	0.000000	0.118024	0.181180	0.130539	0.142936	0.000000	4.000000	0.001328
YNR022C	YCR084C	0.761576						0.000000	-4.000000	0.000977
YER003C	YKL043W	0.761561						0.000000	4.000000	0.001488
YBL047C	YNL103W	0.761545						0.000000	-4.000000	0.001136
YIL142W	YPR009W	0.761542						0.000000	4.000000	0.001220
YBR080C	YKR034W	0.761511						0.000000	4.000000	0.001489
YER074W-A	YGL013C	0.761505						0.000000	4.000000	0.001426
YOR230W	YER088C	0.761466						0.000000	4.000000	0.001608
YDL134C	YPL230W	0.761463						0.000000	4.000000	0.001188
YOR332W	YDR207C	0.761454						0.000000	4.000000	0.001345
YDL130W-A	YGL073W	0.761415						0.000000	4.000000	0.001612
YMR011W	YDR043C	0.761391	0.000000	0.117916	0.181180	0.130464	0.142857	0.000000	4.000000	0.001629
YDR063W	YER088C	0.761386						0.000000	4.000000	0.001683
YPL249C-A	YNL314W	0.761381	0.000000	0.117808	0.181180	0.130389	0.142778	0.000000	4.000000	0.001458
YNL138W	YKL032C	0.761370						0.000000	4.000000	0.001432
YGR086C	YPL230W	0.761367						0.000000	4.000000	0.001110
YCL038C	YJR127C	0.761364						0.000000	4.000000	0.001382
YGL231C	YDL020C	0.761337						0.000000	4.000000	0.001094
YGR244C	YOR028C	0.761336						0.000000	4.000000	0.001387
YBR282W	YGL237C	0.761330						0.000000	4.000000	0.000963
YMR152W	YGL013C	0.761326						0.000000	4.000000	0.001421
YJR009C	YNL167C	0.761272						0.000000	4.000000	0.001654
YLR113W	YLR451W	0.761241						0.000000	-4.000000	0.001441
YBR089C-A	YBL021C	0.761241						0.000000	-4.000000	0.001670
YOR272W	YNL027W	0.761210	0.000000	0.117701	0.181180	0.130314	0.142699	0.000000	-4.000000	0.001086
YBR173C	YBL021C	0.761169						0.000000	-4.000000	0.001472
YOR133W	YER088C	0.761169						0.000000	4.000000	0.001416
YDR059C	YOR140W	0.761167						0.000000	-4.000000	0.001397
YGL077C	YPL202C	0.761160						0.000000	-4.000000	0.001324
YCL017C	YKR034W	0.761153						0.000000	4.000000	0.001241
YJL101C	YKL062W	0.761142						1.000000	4.000000	0.001402
YNL159C	YBR066C	0.761119						0.000000	4.000000	0.001157
YLR439W	YJL056C	0.761042	0.000000	0.117593	0.181180	0.130239	0.142620	0.000000	4.000000	0.000945
YGL026C	YHL027W	0.761022	0.000000	0.117486	0.181180	0.130164	0.142541	0.000000	-4.000000	0.001128
YOR317W	YPL230W	0.760999						0.000000	4.000000	0.001416
YJR044C	YDR207C	0.760994						0.000000	-4.000000	0.001436
YGL245W	YLR176C	0.760993						0.000000	-4.000000	0.001293
YIL034C	YKL032C	0.760986						0.000000	4.000000	0.001027
YHR183W	YMR037C	0.760981						1.000000	4.000000	0.001506
YML004C	YLR451W	0.760981						0.000000	-4.000000	0.001444
YGR155W	YLR176C	0.760969						0.000000	-4.000000	0.001220
YBR158W	YMR016C	0.760926						1.000000	4.000000	0.001383
YGR167W	YDR207C	0.760907						0.000000	4.000000	0.000764
YBR109C	YDR207C	0.760897						0.000000	4.000000	0.001520
YHR175W	YDR259C	0.760879						0.000000	4.000000	0.001165
YMR188C	YIL036W	0.760861						0.000000	4.000000	0.001477
YLR268W	YFL031W	0.760855	0.000000	0.117379	0.181180	0.130089	0.142463	0.000000	4.000000	0.001359
YLR003C	YPR104C	0.760853	0.000000	0.117273	0.181180	0.129940	0.142384	0.000000	4.000000	0.001786
YKL180W	YHR006W	0.760853	0.000000	0.117166	0.181180	0.129940	0.142306	0.000000	4.000000	0.001367
YIL157C	YIR023W	0.760849						0.000000	4.000000	0.001310
YFL030W	YGL073W	0.760814						0.000000	4.000000	0.001616
YPL019C	YMR042W	0.760800						0.000000	-4.000000	0.001451
YJL117W	YKL038W	0.760738						0.000000	4.000000	0.001377
YLR229C	YJR060W	0.760735						0.000000	4.000000	0.001061
YDR188W	YDL048C	0.760724						0.000000	4.000000	0.001381
YML030W	YML007W	0.760719						0.000000	4.000000	0.001200
YKL001C	YER169W	0.760713						0.000000	4.000000	0.001634
YNL131W	YIL119C	0.760701						0.000000	4.000000	0.001202
YDR525W-A	YOL108C	0.760698						0.000000	4.000000	0.001114
YIL121W	YKR034W	0.760691						0.000000	4.000000	0.001240
YPL196W	YJL056C	0.760689						0.000000	4.000000	0.001405
YPL010W	YML007W	0.760685						1.000000	4.000000	0.001253
YJR009C	YDR213W	0.760685						0.000000	4.000000	0.001308
YPL273W	YGL035C	0.760683	0.000000	0.117060	0.181180	0.129866	0.142227	0.000000	4.000000	0.001520
YDR530C	YOL108C	0.760632						0.000000	4.000000	0.001576
YNL149C	YNL314W	0.760607						0.000000	4.000000	0.001605
YDR497C	YIL036W	0.760607						0.000000	-4.000000	0.001177
YJL173C	YKL032C	0.760580						0.000000	4.000000	0.001398
YGR284C	YBL021C	0.760576						0.000000	-4.000000	0.000911
YOL121C	YHR124W	0.760547						0.000000	4.000000	0.001423
YBR279W	YDL048C	0.760539						0.000000	4.000000	0.001272
YDL232W	YDR421W	0.760527						0.000000	4.000000	0.001247
YJL002C	YHL027W	0.760506						0.000000	-4.000000	0.001396
YER165W	YLR176C	0.760505						0.000000	-4.000000	0.001385
YER150W	YLR256W	0.760491						0.000000	-4.000000	0.001321
YPR133C	YJR127C	0.760472						0.000000	4.000000	0.001436
YJL122W	YPL089C	0.760460						0.000000	-4.000000	0.001159
YGL234W	YOR358W	0.760451						0.000000	-4.000000	0.001374
YCR021C	YDL048C	0.760449						0.000000	4.000000	0.001310
YDR379C-A	YPL177C	0.760435						0.000000	-4.000000	0.001231
YDR379C-A	YIR023W	0.760406						0.000000	4.000000	0.001242
YGL012W	YHL027W	0.760398						0.000000	-4.000000	0.001528
YLR028C	YDR174W	0.760391						0.000000	4.000000	0.001302
YBR089C-A	YDR207C	0.760381						0.000000	4.000000	0.001557
YOR197W	YDR174W	0.760381						0.000000	4.000000	0.000753
YMR003W	YCR065W	0.760378						0.000000	4.000000	0.001255
YDL208W	YOR363C	0.760375						0.000000	4.000000	0.001383
YAL036C	YDL106C	0.760363						0.000000	4.000000	0.001517
YMR235C	YGR044C	0.760348						0.000000	-4.000000	0.001520
YMR174C	YDR216W	0.760340						0.000000	4.000000	0.001336
YER019C-A	YBL021C	0.760340						0.000000	-4.000000	0.001259
YDL204W	YKL015W	0.760300						0.000000	4.000000	0.001596
YDR296W	YGL237C	0.760289						0.000000	4.000000	0.001222
YLR284C	YGR249W	0.760284						0.000000	4.000000	0.001363
YHR009C	YER088C	0.760278						0.000000	4.000000	0.001533
YIR026C	YHR006W	0.760249						0.000000	-4.000000	0.001252
YOR084W	YKL062W	0.760196						1.000000	-4.000000	0.001282
YHR043C	YIL119C	0.760195						0.000000	4.000000	0.001045
YOR326W	YKL062W	0.760191						1.000000	-4.000000	0.001408
YOL048C	YKL020C	0.760164						0.000000	4.000000	0.001464
YML007W	YPL230W	0.760152						0.000000	4.000000	0.000972
YML092C	YDR174W	0.760141						0.000000	4.000000	0.001060
YER110C	YNL027W	0.760130						0.000000	-4.000000	0.001220
YDR462W	YML007W	0.760128						0.000000	4.000000	0.001003
YIL124W	YOR140W	0.760128						0.000000	-4.000000	0.001402
YDL004W	YOL067C	0.760069	0.000000	0.116954	0.181180	0.129791	0.142149	0.000000	4.000000	0.001294
YJR069C	YPL075W	0.760060						0.000000	4.000000	0.001265
YGL008C	YOR032C	0.760052						0.000000	4.000000	0.001221
YGR105W	YMR042W	0.760051						0.000000	-4.000000	0.001372
YPL206C	YNL103W	0.760045						0.000000	-4.000000	0.000815
YNL075W	YNL027W	0.760039						0.000000	-4.000000	0.001362
YLR330W	YER088C	0.760021						0.000000	4.000000	0.001293
YKL128C	YFR034C	0.760014						0.000000	4.000000	0.001417
YDR047W	YGL237C	0.759994						0.000000	4.000000	0.001424
YHR089C	YPR104C	0.759902						0.000000	4.000000	0.001292
YBL099W	YOR028C	0.759891						0.000000	-4.000000	0.001394
YJR063W	YOR363C	0.759875						0.000000	4.000000	0.001163
YOR288C	YGL013C	0.759873						0.000000	4.000000	0.001456
YBL039C	YPR104C	0.759858						0.000000	4.000000	0.001208
YHR136C	YDR310C	0.759841						0.000000	-4.000000	0.001214
YDR099W	YBR066C	0.759838						0.000000	4.000000	0.001435
YLR356W	YMR037C	0.759831						1.000000	4.000000	0.001440
YGR132C	YER088C	0.759824						0.000000	4.000000	0.001082
YML123C	YMR042W	0.759820						0.000000	-4.000000	0.001319
YDR339C	YGR044C	0.759816						0.000000	-4.000000	0.001058
YJR094W-A	YBR239C	0.759804						0.000000	-4.000000	0.001383
YMR255W	YGL013C	0.759792						0.000000	4.000000	0.001236
YPL234C	YDR207C	0.759778						0.000000	4.000000	0.001286
YGL225W	YMR164C	0.759777						0.000000	-4.000000	0.001379
YLR100W	YNL103W	0.759762						0.000000	-4.000000	0.001026
YMR276W	YDR207C	0.759729	0.000000	0.116848	0.181180	0.129717	0.142070	0.000000	4.000000	0.001402
YHR028C	YKR034W	0.759699						0.000000	4.000000	0.001371
YNL248C	YPR104C	0.759680						0.000000	4.000000	0.001012
YGL189C	YMR043W	0.759639	0.000000	0.116742	0.181180	0.129643	0.141992	0.000000	-4.000000	0.001281
YER050C	YPR008W	0.759623						0.000000	4.000000	0.001183
YML022W	YKR099W	0.759620						0.000000	-4.000000	0.001142
YDR084C	YDL020C	0.759618						0.000000	4.000000	0.001199
YPL243W	YML081W	0.759617						0.000000	4.000000	0.001259
YKL039W	YDL048C	0.759617						0.000000	4.000000	0.001312
YML069W	YMR070W	0.759595						0.000000	4.000000	0.001086
YOR298C-A	YDR123C	0.759529						0.000000	-4.000000	0.001461
YDR368W	YKL020C	0.759518						0.000000	4.000000	0.001299
YOR276W	YLR098C	0.759516						0.000000	-4.000000	0.001003
YNL104C	YER088C	0.759514						0.000000	4.000000	0.001193
YLR180W	YLR451W	0.759513						0.000000	4.000000	0.001246
YCR010C	YHR084W	0.759510						1.000000	4.000000	0.001504
YLR186W	YIL101C	0.759504						0.000000	-4.000000	0.001076
YGL006W	YGL013C	0.759497						0.000000	4.000000	0.001209
YGL135W	YBR239C	0.759474						0.000000	-4.000000	0.001029
YDL192W	YHR178W	0.759468						0.000000	4.000000	0.001250
YGL198W	YDR421W	0.759455						0.000000	4.000000	0.001261
YMR199W	YML027W	0.759444	0.000000	0.116637	0.181180	0.129569	0.141914	0.000000	4.000000	0.001171
YOR298W	YEL009C	0.759438						1.000000	4.000000	0.001227
YFR019W	YJR060W	0.759437						1.000000	4.000000	0.001226
YKR089C	YOR028C	0.759426						0.000000	4.000000	0.001113
YER146W	YFR034C	0.759413						0.000000	4.000000	0.001305
YBR147W	YPR008W	0.759378						0.000000	4.000000	0.001108
YDR322C-A	YGL073W	0.759346						0.000000	4.000000	0.001234
YPR167C	YHL027W	0.759340						0.000000	-4.000000	0.001237
YPL096C-A	YJR127C	0.759301						0.000000	4.000000	0.000925
YHR123W	YDR034C	0.759293						0.000000	4.000000	0.001305
YLR061W	YMR280C	0.759292						0.000000	-4.000000	0.001429
YBR199W	YDR034C	0.759275						0.000000	4.000000	0.000681
YMR088C	YDR259C	0.759263						0.000000	4.000000	0.001130
YOR091W	YOR363C	0.759240						0.000000	4.000000	0.000958
YAL030W	YDR207C	0.759237						0.000000	4.000000	0.001388
YKL035W	YHL027W	0.759237						0.000000	4.000000	0.001268
YBR106W	YFR034C	0.759236						0.000000	4.000000	0.001130
YPR110C	YGR044C	0.759233						0.000000	-4.000000	0.001227
YKL172W	YHR124W	0.759192						0.000000	4.000000	0.000947
YDL135C	YDR174W	0.759146						0.000000	4.000000	0.001373
YJR130C	YDR207C	0.759144						0.000000	4.000000	0.001057
YBR286W	YJR127C	0.759139						0.000000	4.000000	0.001266
YHR001W-A	YOL067C	0.759138						0.000000	-4.000000	0.001003
YIL062C	YDR174W	0.759138						0.000000	4.000000	0.000946
YLR099W-A	YMR021C	0.759137						0.000000	4.000000	0.001050
YBR066C	YOL108C	0.759132						1.000000	4.000000	0.001109
YIL007C	YML081W	0.759131						0.000000	4.000000	0.001384
YDL130W-A	YML007W	0.759120						0.000000	4.000000	0.001231
YLR248W	YOR140W	0.759109						0.000000	-4.000000	0.001220
YCR053W	YKR099W	0.759090	0.000000	0.116531	0.181180	0.129495	0.141836	0.000000	4.000000	0.001345
YNL005C	YOR140W	0.759090						0.000000	-4.000000	0.001123
YNL302C	YDR253C	0.759030	0.000000	0.116426	0.181180	0.129421	0.141758	0.000000	-4.000000	0.001205
YGR243W	YOR028C	0.759023						1.000000	4.000000	0.001263
YMR092C	YER088C	0.759018						0.000000	4.000000	0.001026
YIL109C	YIL119C	0.759004						0.000000	4.000000	0.001178
YDL191W	YBR239C	0.758985						0.000000	-4.000000	0.001054
YMR092C	YGL096W	0.758982						0.000000	4.000000	0.001136
YIL065C	YGL013C	0.758974						0.000000	4.000000	0.000994
YMR022W	YLR451W	0.758966						0.000000	-4.000000	0.001017
YDR342C	YLR256W	0.758955	0.000000	0.116321	0.181180	0.129347	0.141680	0.000000	-4.000000	0.001102
YGR094W	YKL043W	0.758937						0.000000	4.000000	0.001188
YPR166C	YGL073W	0.758933						0.000000	4.000000	0.001423
YKL080W	YDR451C	0.758913						0.000000	4.000000	0.001349
YEL039C	YPL230W	0.758912						0.000000	4.000000	0.001057
YDR234W	YGL209W	0.758905						0.000000	4.000000	0.000976
YFL044C	YDR034C	0.758904						0.000000	4.000000	0.001051
YMR183C	YGL209W	0.758895						0.000000	4.000000	0.001177
YDR516C	YPR008W	0.758886						0.000000	4.000000	0.000987
YDL125C	YPL202C	0.758884						0.000000	-4.000000	0.001367
YPR101W	YER111C	0.758877						1.000000	4.000000	0.001250
YLR058C	YIL119C	0.758864						0.000000	4.000000	0.001030
YJL034W	YER088C	0.758845						0.000000	4.000000	0.001086
YHL034C	YNL103W	0.758837						0.000000	-4.000000	0.001360
YHR028C	YDR463W	0.758816						0.000000	-4.000000	0.000998
YML022W	YOR363C	0.758800						0.000000	4.000000	0.001237
YMR123W	YIR018W	0.758798						0.000000	4.000000	0.001145
YAL036C	YNL027W	0.758773						0.000000	-4.000000	0.000979
YLR066W	YDR207C	0.758771						0.000000	4.000000	0.001178
YLR060W	YKL038W	0.758770						0.000000	4.000000	0.001238
YGL008C	YGR249W	0.758762						0.000000	-4.000000	0.001068
YGR037C	YIR017C	0.758761						0.000000	4.000000	0.001174
YKL081W	YPR104C	0.758759						0.000000	4.000000	0.001173
YBR294W	YGL209W	0.758747						0.000000	4.000000	0.001287
YOR016C	YJR127C	0.758746						0.000000	4.000000	0.001096
YML081C-A	YER184C	0.758732						0.000000	4.000000	0.001267
YHR063C	YBR182C	0.758709						0.000000	-4.000000	0.001183
YBR050C	YML007W	0.758703						0.000000	4.000000	0.001230
YGR146C	YIL036W	0.758696						0.000000	4.000000	0.001316
YNL202W	YHR084W	0.758668						0.000000	4.000000	0.000984
YMR062C	YDR259C	0.758648						0.000000	4.000000	0.000996
YBR066C	YHR084W	0.758646						1.000000	4.000000	0.000994
YGL219C	YGL013C	0.758634						0.000000	4.000000	0.001292
YOL052C	YNL216W	0.758627						1.000000	-4.000000	0.001175
YBR024W	YJL056C	0.758610						0.000000	4.000000	0.000931
YMR011W	YLR176C	0.758599	0.000000	0.116216	0.181180	0.129274	0.141603	0.000000	-4.000000	0.001175
YFR017C	YOR140W	0.758587						0.000000	-4.000000	0.001138
YBR145W	YDR034C	0.758584						0.000000	4.000000	0.000974
YOR298W	YMR016C	0.758579						0.000000	4.000000	0.001216
YFR050C	YPL202C	0.758574	0.000000	0.116112	0.181180	0.129200	0.141525	0.000000	-4.000000	0.001192
YER088C	YGL013C	0.758561						0.000000	4.000000	0.001158
YMR193W	YJL056C	0.758551						0.000000	-4.000000	0.000829
YOR074C	YIR017C	0.758547						0.000000	4.000000	0.001007
YBR252W	YDL056W	0.758541						0.000000	4.000000	0.001164
YLR244C	YDR146C	0.758533						0.000000	-4.000000	0.001054
YLR348C	YDR421W	0.758522						0.000000	4.000000	0.001359
YER048C	YGL096W	0.758517						0.000000	4.000000	0.001122
YKL150W	YCR084C	0.758509						0.000000	-4.000000	0.001114
YJR064W	YGR044C	0.758508						0.000000	-4.000000	0.001272
YNL157W	YPR008W	0.758505						0.000000	4.000000	0.001026
YPL093W	YEL009C	0.758500						1.000000	4.000000	0.001299
YOR027W	YPL230W	0.758496						0.000000	4.000000	0.001156
YFL034C-A	YHR006W	0.758470						0.000000	-4.000000	0.001004
YDR214W	YPL202C	0.758465	0.000000	0.116007	0.181180	0.129127	0.141447	0.000000	-4.000000	0.001134
YKL127W	YHR084W	0.758449						1.000000	4.000000	0.001061
YOR305W	YML081W	0.758441						0.000000	4.000000	0.001152
YIR037W	YPR008W	0.758440						0.000000	4.000000	0.001179
YOR222W	YER169W	0.758407						0.000000	-4.000000	0.000976
YJL020C	YOR140W	0.758397						0.000000	-4.000000	0.001191
YMR186W	YGL209W	0.758393	0.000000	0.115903	0.181180	0.129053	0.141370	0.000000	4.000000	0.001005
YMR225C	YDL048C	0.758386						0.000000	4.000000	0.001009
YDL210W	YBR083W	0.758350						0.000000	-4.000000	0.001244
YNL153C	YML081W	0.758342						0.000000	4.000000	0.001115
YDR525W-A	YGL013C	0.758325						0.000000	4.000000	0.000865
YLR172C	YKR099W	0.758318						0.000000	-4.000000	0.000987
YKL080W	YER088C	0.758317						0.000000	4.000000	0.001028
YOL026C	YNL103W	0.758311						0.000000	-4.000000	0.001165
YDL097C	YDR174W	0.758303						0.000000	4.000000	0.000639
YIL010W	YKL032C	0.758294						0.000000	4.000000	0.001036
YIR026C	YHR124W	0.758287						0.000000	4.000000	0.001210
YMR110C	YOR140W	0.758281						0.000000	-4.000000	0.001209
YJR070C	YOR363C	0.758248						0.000000	4.000000	0.001235
YDL126C	YBL021C	0.758240						0.000000	-4.000000	0.001151
YLR079W	YJR127C	0.758238						0.000000	4.000000	0.001374
YPL048W	YJR127C	0.758225						0.000000	4.000000	0.001007
YOR021C	YLR098C	0.758210						0.000000	-4.000000	0.001371
YBL099W	YCR084C	0.758208						0.000000	4.000000	0.001030
YCR082W	YBL021C	0.758196	0.000000	0.115799	0.181180	0.128980	0.141292	0.000000	-4.000000	0.001153
YKL099C	YNL027W	0.758189						0.000000	-4.000000	0.000665
YDL174C	YGL073W	0.758160						0.000000	4.000000	0.001102
YGL200C	YOL089C	0.758158						0.000000	-4.000000	0.000798
YPR010C	YBR240C	0.758150						0.000000	-4.000000	0.001253
YPR187W	YMR042W	0.758143						0.000000	-4.000000	0.001053
YOR036W	YBR066C	0.758142						0.000000	4.000000	0.001158
YGR124W	YFR034C	0.758140						0.000000	4.000000	0.001139
YJL122W	YOR363C	0.758127						0.000000	4.000000	0.001033
YJL096W	YGL073W	0.758099						0.000000	4.000000	0.000928
YKL126W	YMR070W	0.758098						0.000000	4.000000	0.001214
YJL117W	YLR098C	0.758042						0.000000	-4.000000	0.001155
YOR085W	YIR017C	0.758035						0.000000	4.000000	0.000909
YHR063C	YBR066C	0.758034						0.000000	4.000000	0.001257
YDL208W	YIL101C	0.758023						0.000000	-4.000000	0.001182
YCL059C	YOR363C	0.758023						0.000000	4.000000	0.001304
YML022W	YLR098C	0.758013						0.000000	-4.000000	0.001095
YBL039C	YDR423C	0.758011						0.000000	-4.000000	0.000947
YOL016C	YJR127C	0.758003						0.000000	4.000000	0.001003
YMR286W	YGL013C	0.757991						0.000000	4.000000	0.001029
YDR343C	YMR016C	0.757990						1.000000	4.000000	0.001107
YBR177C	YGL013C	0.757983						0.000000	4.000000	0.000933
YLR196W	YPR104C	0.757979						0.000000	4.000000	0.000822
YOR260W	YDL020C	0.757977						1.000000	-4.000000	0.001228
YJL020C	YIR023W	0.757973						0.000000	4.000000	0.001103
YER090W	YHR206W	0.757935						0.000000	4.000000	0.001165
YPR060C	YIR018W	0.757931						0.000000	4.000000	0.001061
YPL152W	YDL048C	0.757924						0.000000	4.000000	0.001113
YDR019C	YPR008W	0.757912						0.000000	4.000000	0.001201
YBR047W	YDR207C	0.757909						0.000000	4.000000	0.000962
YOR036W	YDR034C	0.757892						0.000000	4.000000	0.000864
YMR072W	YJR127C	0.757890						0.000000	4.000000	0.000903
YGR232W	YGL013C	0.757887						0.000000	4.000000	0.000966
YJR007W	YKL038W	0.757884						0.000000	4.000000	0.001051
YLR356W	YOL108C	0.757875						0.000000	4.000000	0.000858
YHR027C	YIL119C	0.757868						0.000000	4.000000	0.001074
YER182W	YGL013C	0.757858						0.000000	4.000000	0.001144
YOR273C	YDR310C	0.757839	0.000000	0.115695	0.181180	0.128907	0.141215	0.000000	4.000000	0.000950
YKL126W	YIR017C	0.757836						0.000000	4.000000	0.000745
YDR388W	YDR207C	0.757828						0.000000	4.000000	0.001198
YIR022W	YNL103W	0.757810						0.000000	-4.000000	0.001199
YNL079C	YBL021C	0.757806						0.000000	-4.000000	0.000957
YIL009C-A	YDR421W	0.757785						0.000000	4.000000	0.000849
YHR181W	YFL031W	0.757771						0.000000	4.000000	0.000716
YEL020W-A	YOL067C	0.757760						0.000000	4.000000	0.001140
YGR183C	YIR023W	0.757759						0.000000	4.000000	0.001132
YER175C	YDR259C	0.757739						0.000000	-4.000000	0.001014
YLR092W	YDL048C	0.757723						0.000000	4.000000	0.001082
YER048C	YGL013C	0.757718						0.000000	4.000000	0.001006
YPR167C	YDR123C	0.757709						0.000000	4.000000	0.000826
YER007C-A	YMR042W	0.757701						0.000000	-4.000000	0.000906
YPL232W	YDR174W	0.757692						0.000000	4.000000	0.001106
YNL052W	YPL133C	0.757685						0.000000	4.000000	0.001097
YLR375W	YCR065W	0.757677						0.000000	4.000000	0.001077
YER110C	YBR239C	0.757675						0.000000	-4.000000	0.000915
YDR452W	YDR034C	0.757674						0.000000	4.000000	0.001077
YML048W	YDR174W	0.757667						0.000000	4.000000	0.000979
YLR142W	YML099C	0.757651						0.000000	4.000000	0.001083
YHR208W	YDR423C	0.757645						0.000000	4.000000	0.000876
YPR036W-A	YOR162C	0.757636						1.000000	4.000000	0.001010
YBR037C	YGL237C	0.757602						0.000000	4.000000	0.001098
YOR348C	YBR066C	0.757600						0.000000	4.000000	0.000878
YDL181W	YOR140W	0.757594						0.000000	-4.000000	0.001071
YDR298C	YOR028C	0.757535						0.000000	-4.000000	0.000938
YBL045C	YGL073W	0.757530	0.000000	0.115591	0.181180	0.128834	0.141138	0.000000	4.000000	0.001061
YKL104C	YGR249W	0.757528						0.000000	-4.000000	0.000959
YKL002W	YPL202C	0.757518						0.000000	-4.000000	0.001120
YBL076C	YIR018W	0.757513						0.000000	4.000000	0.000875
YER070W	YER111C	0.757511	0.000000	0.115488	0.181180	0.128760	0.141061	0.000000	4.000000	0.001028
YDR441C	YHR178W	0.757505						1.000000	4.000000	0.000856
YLR150W	YKL038W	0.757502						0.000000	4.000000	0.001077
YPL156C	YJL056C	0.757491	0.000000	0.115385	0.181180	0.128688	0.140984	0.000000	4.000000	0.001143
YDR432W	YMR021C	0.757470						0.000000	4.000000	0.000970
YCR036W	YDR421W	0.757451						0.000000	4.000000	0.000753
YAL039C	YJL056C	0.757432						0.000000	4.000000	0.000820
YGL208W	YML007W	0.757414						0.000000	4.000000	0.001077
YPL134C	YJL056C	0.757400						0.000000	4.000000	0.000957
YML070W	YER088C	0.757391						0.000000	4.000000	0.000975
YLR227C	YHR084W	0.757365						1.000000	4.000000	0.000876
YOR222W	YCR065W	0.757349						0.000000	4.000000	0.000715
YGR279C	YML027W	0.757329						0.000000	4.000000	0.001097
YLR027C	YDR174W	0.757314						0.000000	4.000000	0.001041
YGL225W	YBR066C	0.757313						0.000000	4.000000	0.000900
YBR221C	YDL048C	0.757286						0.000000	4.000000	0.001192
YDR152W	YHR006W	0.757280						0.000000	-4.000000	0.001082
YPR033C	YKL038W	0.757263						0.000000	4.000000	0.000815
YLR449W	YOR363C	0.757245	0.000000	0.115282	0.181180	0.128615	0.140907	0.000000	4.000000	0.001162
YPL206C	YBL021C	0.757236						0.000000	-4.000000	0.000995
YPL156C	YGL073W	0.757220	0.000000	0.115179	0.181180	0.128542	0.140830	0.000000	4.000000	0.001123
YBR183W	YLR256W	0.757211	0.000000	0.115076	0.181180	0.128469	0.140753	0.000000	-4.000000	0.001172
YPL151C	YKL062W	0.757211						1.000000	-4.000000	0.000938
YOR298C-A	YLR256W	0.757206						0.000000	-4.000000	0.001171
YDR011W	YEL009C	0.757201						1.000000	4.000000	0.001098
YGL224C	YLR228C	0.757196						0.000000	4.000000	0.001188
YKR049C	YPL230W	0.757187						0.000000	4.000000	0.001039
YNL125C	YDR207C	0.757170						0.000000	4.000000	0.000864
YER073W	YDL048C	0.757164						0.000000	4.000000	0.000746
YGR132C	YPL202C	0.757157						0.000000	-4.000000	0.000952
YKR065C	YGL096W	0.757146						0.000000	4.000000	0.000893
YPL117C	YPR009W	0.757136						0.000000	4.000000	0.000912
YBR143C	YBR239C	0.757096						0.000000	-4.000000	0.001046
YCR010C	YKL043W	0.757082						0.000000	4.000000	0.000996
YCL035C	YGL237C	0.757066						0.000000	4.000000	0.001093
YBR166C	YJL110C	0.757063						0.000000	4.000000	0.000989
YDL064W	YGR044C	0.757043						0.000000	-4.000000	0.001001
YER003C	YML027W	0.757026						0.000000	-4.000000	0.000864
YMR131C	YIL101C	0.757018						0.000000	-4.000000	0.001138
YGL078C	YPL089C	0.757006						0.000000	-4.000000	0.000886
YFL024C	YJR060W	0.757001						1.000000	4.000000	0.001189
YMR243C	YPR104C	0.757001						0.000000	4.000000	0.001180
YJL104W	YGL096W	0.756997						0.000000	4.000000	0.000840
YMR311C	YCR084C	0.756934						0.000000	-4.000000	0.000923
YOL032W	YPL230W	0.756901						0.000000	4.000000	0.001098
YBR005W	YPL230W	0.756894						0.000000	4.000000	0.001102
YJR001W	YKL032C	0.756893						0.000000	4.000000	0.000829
YEL052W	YKL062W	0.756879						1.000000	4.000000	0.001080
YNR067C	YER088C	0.756869						0.000000	4.000000	0.000973
YFR004W	YDR174W	0.756858						0.000000	4.000000	0.000935
YBL040C	YIR017C	0.756839						0.000000	4.000000	0.000883
YDR531W	YDL020C	0.756832						0.000000	4.000000	0.000835
YGL191W	YPL177C	0.756814						0.000000	-4.000000	0.001031
YHR057C	YOR140W	0.756810						0.000000	-4.000000	0.000787
YDL064W	YMR042W	0.756809						0.000000	-4.000000	0.000940
YLR218C	YDR421W	0.756800						0.000000	4.000000	0.000911
YBR252W	YMR042W	0.756787						0.000000	-4.000000	0.000829
YGR183C	YOR140W	0.756762						0.000000	-4.000000	0.001010
YHR074W	YER088C	0.756753						0.000000	4.000000	0.000688
YAL060W	YER088C	0.756732						0.000000	4.000000	0.000923
YJL148W	YPR104C	0.756702						0.000000	4.000000	0.000972
YIL087C	YOL108C	0.756699						0.000000	4.000000	0.000923
YEL031W	YKR034W	0.756695						0.000000	4.000000	0.000976
YPL234C	YNL103W	0.756690						0.000000	-4.000000	0.000862
YCR036W	YDR207C	0.756672						0.000000	4.000000	0.001019
YDR238C	YIR017C	0.756624						0.000000	4.000000	0.000974
YOR103C	YDR207C	0.756616						0.000000	4.000000	0.000906
YBL041W	YBL021C	0.756616						0.000000	-4.000000	0.000815
YNL202W	YFL021W	0.756614						0.000000	-4.000000	0.000925
YBR169C	YLR256W	0.756604	0.000000	0.114973	0.181180	0.128397	0.140676	0.000000	-4.000000	0.000849
YBR130C	YHR084W	0.756594						1.000000	-4.000000	0.000827
YDR071C	YLR176C	0.756568						0.000000	-4.000000	0.000838
YML030W	YOL067C	0.756565						0.000000	4.000000	0.001029
YDL133C-A	YDL048C	0.756558						0.000000	4.000000	0.001159
YDR099W	YER088C	0.756555						0.000000	4.000000	0.000917
YDR127W	YGL073W	0.756555						1.000000	4.000000	0.001014
YIL009W	YMR016C	0.756549						1.000000	4.000000	0.000827
YER163C	YDR421W	0.756528						0.000000	4.000000	0.000717
YER009W	YPR009W	0.756527						0.000000	4.000000	0.001040
YIL125W	YGL073W	0.756499						0.000000	4.000000	0.000801
YBL015W	YCR084C	0.756496						0.000000	-4.000000	0.000983
YBR037C	YOR140W	0.756492						0.000000	-4.000000	0.000955
YGR267C	YDR207C	0.756446	0.000000	0.114871	0.181180	0.128324	0.140599	0.000000	4.000000	0.000994
YJL026W	YDL048C	0.756430						0.000000	4.000000	0.000877
YER178W	YER088C	0.756409						0.000000	4.000000	0.000787
YOR122C	YDR174W	0.756401						0.000000	4.000000	0.000908
YHL034C	YMR037C	0.756395						1.000000	4.000000	0.000750
YBR067C	YBR083W	0.756341	0.000000	0.114769	0.181180	0.128252	0.140523	0.000000	-4.000000	0.001023
YAR071W	YHR084W	0.756336						1.000000	-4.000000	0.000886
YPR110C	YDR423C	0.756327						0.000000	-4.000000	0.000925
YGR223C	YJR060W	0.756303						1.000000	4.000000	0.000827
YGL022W	YFL031W	0.756302						0.000000	4.000000	0.000809
YLR250W	YDR174W	0.756293						0.000000	4.000000	0.000895
YMR079W	YCR065W	0.756293						0.000000	4.000000	0.000868
YHR199C	YOR140W	0.756292						0.000000	-4.000000	0.000817
YBR122C	YMR019W	0.756275						0.000000	4.000000	0.000838
YEL044W	YHR084W	0.756273						1.000000	4.000000	0.001032
YOL126C	YAL051W	0.756263						1.000000	4.000000	0.000750
YOL058W	YBR083W	0.756230						1.000000	4.000000	0.000977
YBR077C	YML027W	0.756220						0.000000	4.000000	0.000703
YDL067C	YBL021C	0.756195						0.000000	4.000000	0.000952
YHR195W	YDL048C	0.756195						0.000000	4.000000	0.000905
YIR036C	YER088C	0.756194						0.000000	4.000000	0.000948
YER001W	YIR017C	0.756130						0.000000	4.000000	0.000952
YMR220W	YLR176C	0.756126						0.000000	-4.000000	0.000846
YPR074C	YKL112W	0.756124						0.000000	4.000000	0.001025
YLL014W	YMR021C	0.756105						0.000000	4.000000	0.000744
YOR348C	YOR230W	0.756079						0.000000	4.000000	0.000947
YBL045C	YOR028C	0.756063	0.000000	0.114667	0.181180	0.128179	0.140446	0.000000	4.000000	0.000752
YDR214W	YML081W	0.756057						0.000000	4.000000	0.000757
YDR258C	YDL048C	0.756024						0.000000	4.000000	0.000947
YNL006W	YDR310C	0.756014						0.000000	4.000000	0.000773
YLR438C-A	YIL036W	0.755996						0.000000	4.000000	0.000820
YOR294W	YPL089C	0.755980						0.000000	-4.000000	0.000932
YFR010W	YGL096W	0.755977						0.000000	4.000000	0.000766
YNR037C	YGL013C	0.755964						0.000000	4.000000	0.000800
YJR064W	YPR104C	0.755950						0.000000	4.000000	0.000969
YGL198W	YDR207C	0.755936						0.000000	4.000000	0.000877
YGR175C	YDL048C	0.755927						0.000000	4.000000	0.000837
YNL098C	YPL202C	0.755919						0.000000	-4.000000	0.000921
YDR294C	YMR043W	0.755911						1.000000	4.000000	0.001050
YIL123W	YCR065W	0.755899						0.000000	4.000000	0.000839
YPR036W	YGL209W	0.755874						0.000000	4.000000	0.000818
YML001W	YDR207C	0.755869						0.000000	4.000000	0.000866
YKL190W	YDR174W	0.755853						0.000000	4.000000	0.000939
YDR100W	YER088C	0.755819						0.000000	4.000000	0.000933
YMR314W	YDR174W	0.755800						0.000000	4.000000	0.000792
YGR282C	YDR034C	0.755794						0.000000	4.000000	0.000886
YNL168C	YNL103W	0.755780						0.000000	-4.000000	0.000787
YDR512C	YBL021C	0.755776						0.000000	-4.000000	0.000782
YDL128W	YJR127C	0.755767						0.000000	4.000000	0.000693
YDL131W	YGL209W	0.755765						0.000000	4.000000	0.000748
YBR082C	YGL209W	0.755754	0.000000	0.114565	0.181180	0.128107	0.140370	0.000000	4.000000	0.000776
YKL032C	YPL230W	0.755754						0.000000	4.000000	0.000869
YHR052W	YPR104C	0.755753						0.000000	4.000000	0.001020
YPR004C	YBR066C	0.755745						0.000000	4.000000	0.000745
YBL091C	YMR070W	0.755725						0.000000	4.000000	0.000721
YPL146C	YHR084W	0.755724						1.000000	-4.000000	0.000796
YOR021C	YIL036W	0.755685						0.000000	4.000000	0.000909
YPL118W	YPL202C	0.755665						0.000000	-4.000000	0.000784
YBR171W	YKL038W	0.755653						0.000000	4.000000	0.000808
YML009C	YOR140W	0.755628						0.000000	-4.000000	0.000717
YPL154C	YJR127C	0.755622						0.000000	4.000000	0.000884
YDL136W	YGL209W	0.755618	0.000000	0.114463	0.181180	0.128035	0.140294	0.000000	4.000000	0.000802
YLR196W	YOR363C	0.755597						0.000000	4.000000	0.000828
YIL009C-A	YJR127C	0.755594						0.000000	4.000000	0.000901
YDR032C	YJR127C	0.755592						0.000000	4.000000	0.000730
YNL301C	YMR042W	0.755579	0.000000	0.114362	0.181180	0.127963	0.140217	0.000000	-4.000000	0.000797
YDR429C	YLR098C	0.755550						0.000000	-4.000000	0.000793
YCL005W-A	YDR034C	0.755550						0.000000	4.000000	0.000905
YDR536W	YKL020C	0.755547						0.000000	4.000000	0.000852
YCR097W	YJL056C	0.755538						0.000000	4.000000	0.000841
YER126C	YDR423C	0.755532						0.000000	-4.000000	0.000807
YEL006W	YKR034W	0.755530						0.000000	4.000000	0.000936
YDR343C	YIL036W	0.755522						0.000000	4.000000	0.000942
YKR076W	YKL015W	0.755504						0.000000	4.000000	0.000912
YBR024W	YJR127C	0.755434						0.000000	4.000000	0.000685
YCR010C	YFL021W	0.755415						0.000000	-4.000000	0.000946
YDL084W	YJR060W	0.755398						0.000000	-4.000000	0.000888
YDL053C	YDL048C	0.755376						0.000000	4.000000	0.000902
YDL212W	YGL209W	0.755372						0.000000	4.000000	0.000903
YGR082W	YGL096W	0.755337						0.000000	4.000000	0.000664
YGL073W	YML081W	0.755336						0.000000	4.000000	0.000696
YGR189C	YIR017C	0.755319	0.000000	0.114260	0.181180	0.127891	0.140141	0.000000	4.000000	0.000856
YDL097C	YGL096W	0.755301						0.000000	4.000000	0.000741
YAL023C	YMR164C	0.755289						0.000000	-4.000000	0.000642
YGL248W	YDR463W	0.755275						0.000000	-4.000000	0.000753
YER063W	YPL202C	0.755270	0.000000	0.114159	0.181180	0.127819	0.140065	0.000000	-4.000000	0.000785
YPL098C	YBL021C	0.755269						0.000000	-4.000000	0.000845
YDR377W	YNL103W	0.755236						0.000000	4.000000	0.000873
YLR259C	YPL202C	0.755227	0.000000	0.114058	0.181180	0.127747	0.139989	0.000000	-4.000000	0.000837
YMR276W	YBL021C	0.755188	0.000000	0.113958	0.181180	0.127676	0.139913	0.000000	-4.000000	0.000830
YOR065W	YJL056C	0.755160						0.000000	4.000000	0.000775
YDL040C	YML081W	0.755155						0.000000	4.000000	0.000796
YDL134C	YKL020C	0.755152						0.000000	4.000000	0.000963
YMR291W	YLR256W	0.755147	0.000000	0.113857	0.181180	0.127604	0.139837	0.000000	-4.000000	0.000826
YJL003W	YPR008W	0.755144						0.000000	4.000000	0.000874
YOR347C	YDR421W	0.755136						0.000000	4.000000	0.000897
YMR302C	YPR008W	0.755125						0.000000	4.000000	0.000835
YDL088C	YHR084W	0.755123						1.000000	4.000000	0.000702
YOL092W	YDR520C	0.755121						0.000000	4.000000	0.000710
YIL076W	YIR017C	0.755103						0.000000	4.000000	0.000671
YPR065W	YKL032C	0.755096						1.000000	4.000000	0.000821
YHR072W-A	YML081W	0.755094						0.000000	4.000000	0.000751
YPR004C	YDR034C	0.755092						0.000000	4.000000	0.000735
YDR517W	YNL103W	0.755075						0.000000	-4.000000	0.000661
YEL017W	YCR065W	0.755069						0.000000	4.000000	0.000879
YER006W	YDR423C	0.755065						0.000000	-4.000000	0.000744
YDR516C	YJR127C	0.755049						0.000000	4.000000	0.000757
YEL066W	YKL032C	0.755035						0.000000	4.000000	0.000733
YJL062W-A	YJR127C	0.755023						0.000000	4.000000	0.000900
YMR031C	YGL073W	0.755002						0.000000	4.000000	0.000926
YLR351C	YKL032C	0.754986						0.000000	4.000000	0.000762
YMR123W	YGR044C	0.754983						0.000000	-4.000000	0.000769
YBR177C	YDR034C	0.754982						0.000000	4.000000	0.000825
YKR065C	YGL013C	0.754974						0.000000	4.000000	0.000861
YDR456W	YIL119C	0.754954						0.000000	4.000000	0.000711
YER003C	YDR174W	0.754935						0.000000	4.000000	0.000883
YDR452W	YDL048C	0.754930						0.000000	4.000000	0.000901
YLR328W	YPL230W	0.754928						0.000000	4.000000	0.000918
YHR049W	YGR044C	0.754882						0.000000	4.000000	0.000763
YIL033C	YPL202C	0.754879	0.000000	0.113757	0.181180	0.127533	0.139762	0.000000	-4.000000	0.000826
YGL198W	YER088C	0.754848						0.000000	4.000000	0.000809
YDR001C	YER088C	0.754841						0.000000	4.000000	0.000746
YOR085W	YDR174W	0.754839						0.000000	4.000000	0.000888
YPL087W	YDR034C	0.754831						0.000000	4.000000	0.000802
YKR043C	YJL089W	0.754820						0.000000	4.000000	0.000753
YLR192C	YER088C	0.754820						0.000000	4.000000	0.000893
YBR151W	YER088C	0.754807						0.000000	4.000000	0.000765
YIL074C	YGL209W	0.754806	0.000000	0.113656	0.181180	0.127461	0.139686	0.000000	4.000000	0.000900
YHR026W	YIL119C	0.754753						0.000000	4.000000	0.000736
YER126C	YIL101C	0.754744						0.000000	-4.000000	0.000891
YLL023C	YPL230W	0.754735						0.000000	4.000000	0.000760
YMR071C	YER088C	0.754700						0.000000	4.000000	0.000637
YGR086C	YER088C	0.754688						0.000000	4.000000	0.000889
YIL157C	YOL108C	0.754660						0.000000	4.000000	0.000742
YDR321W	YPR009W	0.754633						0.000000	4.000000	0.000874
YNL248C	YOR363C	0.754616						0.000000	4.000000	0.000747
YER163C	YMR021C	0.754565						0.000000	4.000000	0.000739
YMR002W	YPR008W	0.754549						0.000000	4.000000	0.000616
YLR197W	YIL101C	0.754546						0.000000	-4.000000	0.000836
YIL010W	YDR207C	0.754541						0.000000	4.000000	0.000808
YOR187W	YOL067C	0.754510						0.000000	4.000000	0.000833
YJL122W	YIL101C	0.754496						0.000000	-4.000000	0.000874
YIL064W	YBR083W	0.754467						0.000000	-4.000000	0.000726
YJL069C	YML081W	0.754431						0.000000	4.000000	0.000863
YBR164C	YKL038W	0.754410						0.000000	4.000000	0.000615
YJL173C	YDR174W	0.754385						0.000000	4.000000	0.000791
YNL173C	YOR140W	0.754375						0.000000	-4.000000	0.000763
YOR002W	YHR124W	0.754330						1.000000	4.000000	0.000730
YGR199W	YHR084W	0.754315						1.000000	4.000000	0.000743
YDL021W	YCR084C	0.754293						0.000000	-4.000000	0.000667
YJL005W	YOR162C	0.754265						1.000000	4.000000	0.000777
YNR043W	YLR176C	0.754265						0.000000	-4.000000	0.000679
YOL049W	YIL119C	0.754255						0.000000	4.000000	0.000804
YMR292W	YPR009W	0.754223						0.000000	4.000000	0.000825
YER087C-B	YFL031W	0.754212						0.000000	4.000000	0.000701
YGR032W	YMR037C	0.754198						1.000000	-2.000000	0.000747
YGL137W	YDR034C	0.754173						0.000000	4.000000	0.000655
YOL030W	YDL048C	0.754162						0.000000	4.000000	0.000699
YGL047W	YDR207C	0.754106						0.000000	4.000000	0.000667
YIR034C	YJR060W	0.754100						1.000000	-4.000000	0.000740
YJR059W	YGL013C	0.754089						0.000000	4.000000	0.000737
YOL083W	YOR140W	0.754088						0.000000	-4.000000	0.000778
YJR059W	YJR127C	0.754074						0.000000	4.000000	0.000685
YPR023C	YPR008W	0.754053						0.000000	4.000000	0.000689
YLR130C	YMR043W	0.754051						1.000000	4.000000	0.000710
YDR100W	YDR207C	0.753950						0.000000	4.000000	0.000731
YMR139W	YGL013C	0.753937						0.000000	4.000000	0.000769
YJR001W	YCR065W	0.753859						0.000000	4.000000	0.000794
YDR361C	YML007W	0.753807						1.000000	4.000000	0.000739
YDL127W	YBR083W	0.753782						1.000000	-4.000000	0.000633
YGL187C	YOL108C	0.753743						0.000000	4.000000	0.000696
YLR370C	YER088C	0.753693						0.000000	4.000000	0.000744
YPR160W	YER088C	0.753616						0.000000	4.000000	0.000713
YKL008C	YJR060W	0.753594						1.000000	0.000000	0.000685
YBR263W	YDL048C	0.753580						0.000000	4.000000	0.000745
YDL128W	YIL119C	0.753519						0.000000	4.000000	0.000708
YJR069C	YHR178W	0.753492						0.000000	4.000000	0.000693
YEL006W	YBR083W	0.753424						0.000000	4.000000	0.000648
YLR220W	YDL048C	0.753419						0.000000	4.000000	0.000604
YLR186W	YDR423C	0.753367						0.000000	-4.000000	0.000730
YEL031W	YDR207C	0.753361						0.000000	4.000000	0.000633
YNL189W	YBR066C	0.753351						0.000000	4.000000	0.000628
YJL104W	YIL036W	0.753266						0.000000	4.000000	0.000622
YNL131W	YBR066C	0.753263						0.000000	4.000000	0.000586
YMR215W	YML027W	0.753244						0.000000	4.000000	0.000684
YFR052W	YPL202C	0.753220						0.000000	-4.000000	0.000706
YPL118W	YML081W	0.753074						0.000000	4.000000	0.000631
YHR043C	YDR034C	0.752970						0.000000	4.000000	0.000720
YCR008W	YML081W	0.752801						0.000000	4.000000	0.000631
YKL185W	YDR034C	0.752786						0.000000	4.000000	0.000692
YLR250W	YDR034C	0.752773						0.000000	4.000000	0.000651
YHR013C	YGR044C	0.752681						0.000000	-4.000000	0.000630
YKR039W	YNL167C	0.599336						1.000000	3.000000	0.225133
YIR032C	YIR023W	0.599226						1.000000	3.000000	0.190416
YFR031C-A	YLR403W	0.599147	1.000000	0.114437	0.182584	0.128523	0.140693	0.000000	3.000000	0.170330
YBR009C	YNL068C	0.597923						1.000000	3.000000	0.085111
YER055C	YCR084C	0.597818						1.000000	3.000000	0.073085
YHR137W	YNL103W	0.597516						1.000000	3.000000	0.066114
YER154W	YOL089C	0.597498						0.000000	-3.000000	0.068363
YBR127C	YMR037C	0.596991						0.000000	3.000000	0.055847
YKR091W	YDL020C	0.596920						0.000000	3.000000	0.054801
YER091C	YMR037C	0.596860						1.000000	3.000000	0.050845
YLR420W	YBL103C	0.596825						0.000000	3.000000	0.053393
YGR192C	YOL116W	0.596568	0.000000	0.114336	0.182584	0.128452	0.140617	0.000000	-3.000000	0.045600
YLR109W	YHR206W	0.596376	1.000000	0.115114	0.183989	0.129512	0.141622	0.000000	3.000000	0.043525
YLR293C	YHR124W	0.596269						0.000000	3.000000	0.043764
YCL043C	YDR123C	0.596180						1.000000	3.000000	0.041892
YKL008C	YER111C	0.596169						1.000000	3.000000	0.040690
YDR084C	YML007W	0.595926						1.000000	3.000000	0.038300
YBR126C	YIL131C	0.595878						1.000000	3.000000	0.039337
YDR378C	YJR060W	0.595540						0.000000	3.000000	0.035244
YKR094C	YNL216W	0.595535	1.000000	0.115891	0.185393	0.130572	0.142626	0.000000	3.000000	0.022997
YLR284C	YMR037C	0.595249						1.000000	3.000000	0.030284
YDR101C	YHR006W	0.595158						0.000000	-3.000000	0.032231
YDL198C	YDL020C	0.594981	0.000000	0.115789	0.185393	0.130500	0.142549	0.000000	3.000000	0.023865
YBR111C	YDL020C	0.594957						0.000000	3.000000	0.029878
YML116W	YHL027W	0.594907						1.000000	3.000000	0.030665
YOR036W	YDL020C	0.594830						0.000000	3.000000	0.030153
YLR413W	YHR124W	0.594796						0.000000	3.000000	0.028213
YFL037W	YMR037C	0.594704						0.000000	3.000000	0.029551
YLR284C	YOR363C	0.594571						1.000000	3.000000	0.026838
YOR142W	YDL020C	0.594559						0.000000	3.000000	0.027446
YBR078W	YER111C	0.594460						0.000000	3.000000	0.025972
YNL300W	YJL056C	0.594395						0.000000	3.000000	0.020941
YML052W	YDR123C	0.594372						1.000000	3.000000	0.027132
YFR053C	YIL036W	0.594364						1.000000	3.000000	0.026923
YML110C	YDL020C	0.594298						0.000000	3.000000	0.027069
YNL209W	YHR006W	0.594244						0.000000	-3.000000	0.026854
YGR184C	YNL103W	0.594186						0.000000	-3.000000	0.027009
YPR100W	YKL109W	0.594182						0.000000	3.000000	0.026264
YLR089C	YDL020C	0.594100						0.000000	3.000000	0.025701
YOL052C-A	YIL101C	0.594064						1.000000	3.000000	0.022470
YBR267W	YDL106C	0.594019						0.000000	3.000000	0.025898
YJL115W	YKL185W	0.593996						0.000000	3.000000	0.026097
YFL045C	YBR049C	0.593896						0.000000	3.000000	0.023253
YLR355C	YMR037C	0.593772						1.000000	3.000000	0.025262
YER094C	YJR060W	0.593725	0.000000	0.115688	0.185393	0.130427	0.142472	0.000000	3.000000	0.024137
YER148W	YKL112W	0.593239						0.000000	3.000000	0.021454
YIL070C	YKL109W	0.593148						0.000000	3.000000	0.022602
YOR003W	YNL103W	0.593051						0.000000	-3.000000	0.016670
YCL025C	YDL020C	0.593012	0.000000	0.115587	0.185393	0.130355	0.142395	0.000000	3.000000	0.019136
YDR032C	YKL109W	0.592992						0.000000	3.000000	0.021198
YML042W	YDR207C	0.592851						1.000000	3.000000	0.018879
YCL005W-A	YMR037C	0.592818						0.000000	3.000000	0.016930
YER072W	YPL038W	0.592800						0.000000	-3.000000	0.015577
YLR348C	YMR037C	0.592784						0.000000	3.000000	0.020784
YDR309C	YIR017C	0.592737	0.000000	0.115486	0.185393	0.130283	0.142318	0.000000	3.000000	0.011805
YER043C	YKL112W	0.592646						0.000000	3.000000	0.019719
YER009W	YKL112W	0.592610						0.000000	3.000000	0.017977
YLR348C	YMR280C	0.592427						1.000000	3.000000	0.018751
YJL048C	YLR256W	0.592353						1.000000	3.000000	0.019152
YGL040C	YKL109W	0.592344						0.000000	3.000000	0.019151
YPL237W	YBR049C	0.592317						0.000000	3.000000	0.012841
YMR170C	YER040W	0.592276						0.000000	3.000000	0.016953
YBL087C	YIL131C	0.591709	0.000000	0.115385	0.185393	0.130211	0.142241	0.000000	3.000000	0.008548
YLR438C-A	YJR060W	0.591686						0.000000	3.000000	0.017456
YOL005C	YMR043W	0.591670						0.000000	-3.000000	0.012323
YOL005C	YIR017C	0.591651						0.000000	3.000000	0.013319
YPR184W	YKL109W	0.591599	0.000000	0.115284	0.185393	0.130139	0.142165	0.000000	3.000000	0.016258
YIL078W	YHR124W	0.591454						0.000000	3.000000	0.014273
YBR088C	YDR451C	0.591421						0.000000	3.000000	0.016815
YDR178W	YER184C	0.591269						0.000000	3.000000	0.014800
YMR175W	YMR172W	0.591245						0.000000	3.000000	0.011128
YOL077W-A	YER184C	0.591234						0.000000	3.000000	0.016444
YMR145C	YNL167C	0.591227						1.000000	3.000000	0.013621
YPL048W	YOL108C	0.591218						0.000000	3.000000	0.009932
YDR379C-A	YKL062W	0.591189						1.000000	3.000000	0.015278
YDR296W	YKL109W	0.591130						0.000000	3.000000	0.013741
YHR215W	YHR124W	0.591110						0.000000	3.000000	0.011100
YKL217W	YPL133C	0.591069						0.000000	3.000000	0.016355
YLL039C	YLR451W	0.591022	0.000000	0.115183	0.185393	0.130067	0.142088	0.000000	-3.000000	0.013290
YGL002W	YDL020C	0.590837						0.000000	3.000000	0.013524
YGL147C	YPR065W	0.590789						0.000000	3.000000	0.015424
YKL109W	YER184C	0.590766						0.000000	3.000000	0.015329
YPR082C	YOL089C	0.590755						0.000000	-3.000000	0.011060
YBL101C	YKR034W	0.590709						0.000000	3.000000	0.009129
YBR269C	YKL109W	0.590696						0.000000	3.000000	0.013990
YDL029W	YEL009C	0.590670						0.000000	3.000000	0.014260
YDL018C	YDL020C	0.590667						0.000000	3.000000	0.012779
YKL007W	YDR253C	0.590666						1.000000	3.000000	0.015374
YDR237W	YGL237C	0.590609						0.000000	3.000000	0.014936
YBL003C	YMR164C	0.590531						0.000000	-3.000000	0.013944
YHR215W	YFR034C	0.590524	0.000000	0.115083	0.185393	0.129995	0.142012	0.000000	3.000000	0.012420
YGR174C	YKL109W	0.590519						0.000000	3.000000	0.012037
YNL294C	YDL020C	0.590502						0.000000	3.000000	0.010397
YAL003W	YGR044C	0.590437						0.000000	-3.000000	0.014428
YBL041W	YDL020C	0.590326						0.000000	3.000000	0.013578
YIL065C	YKL109W	0.590261						0.000000	3.000000	0.014515
YGR121C	YNL027W	0.590259						1.000000	3.000000	0.014413
YGR032W	YER111C	0.590160						1.000000	3.000000	0.013710
YOL147C	YGL166W	0.590144	0.000000	0.114983	0.185393	0.129923	0.141935	0.000000	3.000000	0.012305
YNL121C	YGL237C	0.590141						0.000000	3.000000	0.011358
YDL198C	YDR207C	0.590113	0.000000	0.114883	0.185393	0.129852	0.141859	0.000000	3.000000	0.013047
YLR028C	YDL020C	0.590080	0.000000	0.114783	0.185393	0.129780	0.141783	0.000000	3.000000	0.011162
YHR104W	YML007W	0.590031	0.000000	0.114683	0.185393	0.129709	0.141707	0.000000	3.000000	0.012120
YDL008W	YNL103W	0.590026						0.000000	-3.000000	0.009350
YGR106C	YJR060W	0.590015						0.000000	3.000000	0.010732
YGR141W	YOR140W	0.589950						0.000000	-3.000000	0.013688
YER038C	YDL020C	0.589919						0.000000	3.000000	0.010905
YGR102C	YML007W	0.589906						0.000000	3.000000	0.009346
YCL005W-A	YDL020C	0.589859						0.000000	3.000000	0.008226
YAL059W	YHR006W	0.589718						0.000000	-3.000000	0.011119
YNL056W	YGR044C	0.589664						0.000000	-3.000000	0.013358
YBL001C	YML007W	0.589658						0.000000	3.000000	0.012943
YOL005C	YEL009C	0.589653						0.000000	3.000000	0.007760
YGR020C	YJR060W	0.589621						0.000000	3.000000	0.012392
YDR357C	YGL237C	0.589522						0.000000	3.000000	0.012394
YOR281C	YGR044C	0.589446						0.000000	-3.000000	0.011176
YHR174W	YPL038W	0.589437	0.000000	0.114583	0.185393	0.129637	0.141631	0.000000	-3.000000	0.012724
YJR072C	YPR104C	0.589433						0.000000	3.000000	0.009703
YHR026W	YMR037C	0.589425						0.000000	3.000000	0.012796
YEL065W	YFR034C	0.589321						0.000000	3.000000	0.010123
YGR248W	YKL015W	0.589273	0.000000	0.114484	0.185393	0.129566	0.141555	0.000000	3.000000	0.012334
YHR030C	YMR037C	0.589247						0.000000	3.000000	0.010189
YHR113W	YDL020C	0.589117						0.000000	3.000000	0.011118
YDR525W-A	YML007W	0.589087						0.000000	3.000000	0.011391
YNL284C	YGL073W	0.589079						0.000000	3.000000	0.010290
YLR089C	YDR259C	0.589046						0.000000	3.000000	0.011169
YOL109W	YOR028C	0.589023						1.000000	3.000000	0.011811
YOR222W	YKL043W	0.588992						0.000000	3.000000	0.011237
YER063W	YEL009C	0.588964	0.000000	0.114385	0.185393	0.129495	0.141479	0.000000	3.000000	0.007029
YGR239C	YGL237C	0.588941						0.000000	3.000000	0.011633
YDR232W	YGL073W	0.588940						0.000000	3.000000	0.011833
YLR246W	YDR259C	0.588927						0.000000	3.000000	0.008521
YMR107W	YJL056C	0.588895	0.000000	0.114286	0.185393	0.129424	0.141403	0.000000	3.000000	0.011890
YGL157W	YMR016C	0.588849						1.000000	3.000000	0.011553
YNL066W	YDR451C	0.588798	0.000000	0.114187	0.185393	0.129352	0.141328	0.000000	3.000000	0.011366
YNL135C	YMR021C	0.588788						0.000000	3.000000	0.011180
YMR174C	YGL237C	0.588717						0.000000	3.000000	0.010365
YNL104C	YOL067C	0.588696	0.000000	0.114088	0.185393	0.129282	0.141252	0.000000	3.000000	0.010842
YLR044C	YDR213W	0.588682						0.000000	3.000000	0.011582
YNL177C	YOR028C	0.588639						0.000000	3.000000	0.006113
YOL005C	YJR060W	0.588593						0.000000	3.000000	0.007394
YKL081W	YHR124W	0.588491						0.000000	3.000000	0.010862
YNL192W	YPL038W	0.588469						1.000000	3.000000	0.010783
YMR237W	YDR207C	0.588439						0.000000	3.000000	0.009289
YIL040W	YKL038W	0.588365						0.000000	3.000000	0.010699
YOR045W	YDL020C	0.588334						0.000000	3.000000	0.011100
YPL154C	YKL020C	0.588267						0.000000	3.000000	0.009642
YJR095W	YKL109W	0.588226						0.000000	3.000000	0.008587
YEL038W	YDL020C	0.588137						0.000000	3.000000	0.009800
YIL142W	YKL038W	0.588137						0.000000	3.000000	0.009699
YNL141W	YHR006W	0.588137						0.000000	-3.000000	0.010087
YNL289W	YNL068C	0.588127						1.000000	3.000000	0.010385
YNL151C	YDL106C	0.588103						0.000000	3.000000	0.010021
YPL237W	YDL106C	0.588088						0.000000	3.000000	0.008205
YBR014C	YGL013C	0.588081						0.000000	3.000000	0.009620
YOR224C	YDR253C	0.588043						0.000000	-3.000000	0.009775
YNL185C	YGL237C	0.587938						0.000000	3.000000	0.010025
YPR028W	YEL009C	0.587900						0.000000	3.000000	0.010129
YDR100W	YDR463W	0.587867						0.000000	-3.000000	0.010151
YDR085C	YGL013C	0.587852	0.000000	0.113990	0.185393	0.129211	0.141176	0.000000	3.000000	0.010419
YCL064C	YOR140W	0.587823						0.000000	-3.000000	0.009328
YDL072C	YGL166W	0.587804						0.000000	3.000000	0.009546
YOL052C-A	YFL021W	0.587796						0.000000	-3.000000	0.009418
YML116W	YER040W	0.587745						0.000000	3.000000	0.009298
YFR003C	YKL032C	0.587694	0.000000	0.113891	0.185393	0.129140	0.141101	0.000000	3.000000	0.008923
YGR123C	YNL027W	0.587671						0.000000	-3.000000	0.006551
YIR037W	YNL103W	0.587670						0.000000	-3.000000	0.004676
YBR121C	YLR131C	0.587669	0.000000	0.113793	0.185393	0.129069	0.141026	0.000000	-3.000000	0.007566
YDR035W	YER040W	0.587621						0.000000	3.000000	0.008663
YMR071C	YDL020C	0.587610						0.000000	3.000000	0.007258
YFR030W	YLR451W	0.587591	0.000000	0.113695	0.185393	0.128998	0.140950	0.000000	3.000000	0.008417
YHR139C	YJL089W	0.587587						0.000000	-3.000000	0.009079
YOR228C	YKL109W	0.587560						0.000000	3.000000	0.009260
YGL196W	YDL020C	0.587547						0.000000	3.000000	0.007528
YHR039C-A	YOL089C	0.587486						0.000000	-3.000000	0.008631
YBL002W	YMR164C	0.587464						0.000000	-3.000000	0.009813
YJL026W	YGL013C	0.587435	0.000000	0.113597	0.185393	0.128928	0.140875	0.000000	3.000000	0.005287
YDR070C	YGL073W	0.587425						0.000000	3.000000	0.007575
YMR056C	YMR037C	0.587413						1.000000	3.000000	0.009176
YDR502C	YIL036W	0.587411						0.000000	-3.000000	0.006572
YMR072W	YDR174W	0.587407						0.000000	3.000000	0.008881
YDR502C	YPL133C	0.587376						0.000000	3.000000	0.008582
YDR454C	YOR344C	0.587346						0.000000	3.000000	0.008500
YDR309C	YKL185W	0.587275	1.000000	0.114359	0.186798	0.129978	0.141867	0.000000	3.000000	0.007103
YOR085W	YPL075W	0.587271						0.000000	3.000000	0.008776
YLR017W	YPR104C	0.587245						0.000000	3.000000	0.003316
YDR033W	YHR206W	0.587193						0.000000	3.000000	0.009486
YBL043W	YGL073W	0.587119						0.000000	3.000000	0.007526
YJR034W	YOR028C	0.587097						0.000000	3.000000	0.008671
YMR241W	YLR451W	0.587035						0.000000	3.000000	0.008832
YGL021W	YCR065W	0.587034						0.000000	3.000000	0.008829
YBR089C-A	YPL177C	0.587024						0.000000	-3.000000	0.009232
YGL127C	YGL073W	0.587018						0.000000	3.000000	0.009138
YER025W	YJL089W	0.586997						0.000000	3.000000	0.008719
YBR149W	YNL103W	0.586982						0.000000	-3.000000	0.007200
YGL030W	YMR280C	0.586978						0.000000	-3.000000	0.009382
YHR215W	YNL027W	0.586929	0.000000	0.114261	0.186798	0.129907	0.141791	0.000000	-3.000000	0.006741
YLR259C	YOR028C	0.586903	0.000000	0.114163	0.186798	0.129836	0.141716	0.000000	3.000000	0.007486
YER119C	YER040W	0.586862						0.000000	3.000000	0.008775
YPL127C	YMR037C	0.586822						0.000000	3.000000	0.005800
YHR007C	YHR084W	0.586754						1.000000	3.000000	0.008696
YDL051W	YNL068C	0.586684						0.000000	3.000000	0.007098
YMR195W	YHR206W	0.586630						1.000000	3.000000	0.008512
YDL115C	YGL013C	0.586628						0.000000	3.000000	0.004732
YIL041W	YEL009C	0.586607						0.000000	3.000000	0.007227
YGL030W	YDL106C	0.586587						0.000000	-3.000000	0.007397
YGR187C	YPR104C	0.586579						0.000000	3.000000	0.003569
YAR035W	YNL216W	0.586545						1.000000	3.000000	0.007842
YEL039C	YLR256W	0.586536						1.000000	3.000000	0.008679
YBR249C	YDR253C	0.586534						0.000000	-3.000000	0.003280
YPL019C	YHR206W	0.586524						1.000000	3.000000	0.009009
YMR290C	YDR207C	0.586464						1.000000	3.000000	0.008282
YNL125C	YKL015W	0.586448						0.000000	3.000000	0.008115
YPR140W	YOR028C	0.586445						0.000000	3.000000	0.004890
YAL049C	YBL021C	0.586442						0.000000	-3.000000	0.008270
YDL125C	YDR123C	0.586378						0.000000	-3.000000	0.008380
YKR042W	YOL089C	0.586378						0.000000	-3.000000	0.007984
YLR044C	YNL167C	0.586358	0.000000	0.114065	0.186798	0.129766	0.141640	0.000000	3.000000	0.007507
YDR196C	YOR028C	0.586328						0.000000	3.000000	0.003849
YLR413W	YOL028C	0.586277						0.000000	3.000000	0.003883
YDR347W	YGL237C	0.586205						0.000000	3.000000	0.006636
YOR021C	YBR239C	0.586192						0.000000	-3.000000	0.007320
YLR209C	YIR017C	0.586177						0.000000	3.000000	0.007981
YNL159C	YKR034W	0.586168						0.000000	3.000000	0.006347
YPR118W	YBR049C	0.586062						0.000000	3.000000	0.008294
YPR041W	YHR124W	0.585942						0.000000	3.000000	0.007287
YMR314W	YDL020C	0.585902						0.000000	3.000000	0.008053
YDR508C	YPL038W	0.585899						0.000000	-3.000000	0.007436
YGR285C	YOR162C	0.585882						0.000000	3.000000	0.006402
YBR080C	YMR037C	0.585880						0.000000	3.000000	0.003993
YPL081W	YHR124W	0.585870						0.000000	3.000000	0.005500
YER025W	YHR124W	0.585847						0.000000	3.000000	0.004142
YIL094C	YKL043W	0.585838						0.000000	3.000000	0.007663
YOR051C	YDR423C	0.585820						0.000000	-3.000000	0.007508
YOR153W	YDR253C	0.585784						1.000000	3.000000	0.006242
YMR202W	YDR207C	0.585754						0.000000	3.000000	0.007595
YER080W	YOR028C	0.585668						0.000000	3.000000	0.005773
YOR150W	YBL021C	0.585586						0.000000	-3.000000	0.004322
YKL056C	YOR162C	0.585585						0.000000	3.000000	0.007818
YJL145W	YMR042W	0.585545						0.000000	-3.000000	0.007771
YAL060W	YGL073W	0.585536	0.000000	0.113967	0.186798	0.129695	0.141565	0.000000	3.000000	0.007771
YDR353W	YDR421W	0.585523	0.000000	0.113870	0.186798	0.129625	0.141489	0.000000	3.000000	0.006434
YPL273W	YBR049C	0.585521						0.000000	3.000000	0.006173
YOL147C	YKL032C	0.585455	0.000000	0.113772	0.186798	0.129554	0.141414	0.000000	3.000000	0.007004
YKL035W	YDR463W	0.585366						0.000000	-3.000000	0.006366
YOL041C	YNL068C	0.585332						0.000000	3.000000	0.006896
YGR204W	YKR034W	0.585323						0.000000	3.000000	0.007350
YML058W	YML027W	0.585322						0.000000	3.000000	0.007189
YDL133C-A	YLR451W	0.585239						0.000000	3.000000	0.004805
YBR111C	YBL021C	0.585237						0.000000	-3.000000	0.003898
YGR138C	YIL036W	0.585211						0.000000	-3.000000	0.006882
YLR287C-A	YDR421W	0.585160	0.000000	0.113675	0.186798	0.129484	0.141339	0.000000	3.000000	0.006861
YER086W	YBR049C	0.585159						0.000000	3.000000	0.005985
YIR032C	YDL170W	0.585124						0.000000	3.000000	0.006722
YOL133W	YKL032C	0.585113						0.000000	3.000000	0.003030
YCL050C	YPL075W	0.585111						0.000000	3.000000	0.005622
YML008C	YHR178W	0.585100						0.000000	3.000000	0.006981
YOL039W	YPR104C	0.585097						0.000000	3.000000	0.007056
YPL118W	YOR140W	0.585081						0.000000	-3.000000	0.005637
YFL017C	YCR065W	0.585071						0.000000	3.000000	0.006919
YHR193C	YBR049C	0.585042						0.000000	3.000000	0.006217
YCR053W	YEL009C	0.585010	1.000000	0.114432	0.188202	0.130530	0.142326	0.000000	3.000000	0.004753
YKR006C	YGL013C	0.584936						0.000000	3.000000	0.006371
YJR014W	YJL089W	0.584930						0.000000	3.000000	0.002873
YNL159C	YBR083W	0.584878						0.000000	3.000000	0.004030
YGR084C	YGL237C	0.584851						0.000000	3.000000	0.006942
YKL182W	YIR033W	0.584808						0.000000	3.000000	0.006718
YJR095W	YGL035C	0.584777						0.000000	-3.000000	0.006085
YDR450W	YPL038W	0.584744						0.000000	-3.000000	0.006517
YHR193C	YKL112W	0.584735						0.000000	3.000000	0.005190
YGL021W	YGR249W	0.584712						0.000000	-3.000000	0.006621
YGL103W	YNL199C	0.584603	0.000000	0.114334	0.188202	0.130460	0.142251	0.000000	3.000000	0.006500
YAL061W	YKL015W	0.584582	0.000000	0.114237	0.188202	0.130389	0.142175	0.000000	3.000000	0.006402
YNL104C	YKL032C	0.584538	0.000000	0.114140	0.188202	0.130319	0.142100	0.000000	3.000000	0.006406
YPL010W	YFR034C	0.584467						0.000000	3.000000	0.006508
YDR055W	YDL020C	0.584465	0.000000	0.114043	0.188202	0.130248	0.142024	0.000000	3.000000	0.006927
YMR146C	YHR124W	0.584417						0.000000	3.000000	0.005725
YNL305C	YOR028C	0.584383	0.000000	0.113946	0.188202	0.130178	0.141949	0.000000	3.000000	0.006380
YCR028C-A	YEL009C	0.584342						0.000000	3.000000	0.003972
YGL062W	YMR037C	0.584332						1.000000	3.000000	0.006788
YPL092W	YOR028C	0.584319	0.000000	0.113849	0.188202	0.130108	0.141874	0.000000	3.000000	0.005638
YLR153C	YDR174W	0.584311						0.000000	3.000000	0.005434
YMR146C	YML099C	0.584259						0.000000	-3.000000	0.003934
YKL093W	YHR084W	0.584208						0.000000	3.000000	0.005884
YOL061W	YKL038W	0.584182						0.000000	3.000000	0.005012
YCR003W	YGL237C	0.584170						0.000000	3.000000	0.004851
YAR015W	YKL112W	0.584161						0.000000	3.000000	0.006017
YIL016W	YIL131C	0.584149						0.000000	3.000000	0.006221
YNL131W	YDR421W	0.584139						0.000000	3.000000	0.006528
YMR072W	YGL013C	0.584037						0.000000	3.000000	0.005365
YPL239W	YNL027W	0.584032						0.000000	-3.000000	0.006019
YOR150W	YNL103W	0.584028						0.000000	-3.000000	0.004289
YGR132C	YDR174W	0.583993						0.000000	3.000000	0.004782
YGR285C	YGL035C	0.583983						0.000000	3.000000	0.004084
YMR121C	YDL020C	0.583945	0.000000	0.113752	0.188202	0.130038	0.141799	0.000000	3.000000	0.004740
YEL002C	YEL009C	0.583936						0.000000	3.000000	0.004036
YGL221C	YEL009C	0.583920						0.000000	3.000000	0.003719
YDL005C	YPL230W	0.583899						0.000000	3.000000	0.004931
YIR032C	YKL032C	0.583886						0.000000	3.000000	0.006429
YER043C	YBR239C	0.583864						0.000000	-3.000000	0.005283
YKR025W	YHR124W	0.583792						0.000000	3.000000	0.003556
YBR248C	YER040W	0.583744						0.000000	3.000000	0.005710
YMR202W	YPL075W	0.583743						0.000000	-3.000000	0.004393
YDR236C	YJR147W	0.583728						0.000000	3.000000	0.005307
YJL063C	YOR028C	0.583723	0.000000	0.113656	0.188202	0.129967	0.141724	0.000000	3.000000	0.003060
YHR029C	YDR463W	0.583721						0.000000	-3.000000	0.005574
YBR034C	YHR124W	0.583682						0.000000	3.000000	0.005422
YDL078C	YOL108C	0.583654						0.000000	3.000000	0.005471
YLR172C	YHR006W	0.583518						0.000000	-3.000000	0.005462
YER145C	YNL314W	0.583516	0.000000	0.113559	0.188202	0.129897	0.141649	0.000000	3.000000	0.004114
YML056C	YBR083W	0.583440						0.000000	-3.000000	0.004806
YKL087C	YGL237C	0.583420						0.000000	3.000000	0.004727
YLR029C	YMR280C	0.583382						0.000000	-3.000000	0.004369
YER001W	YMR016C	0.583361						1.000000	3.000000	0.005752
YDL143W	YBR049C	0.583361						0.000000	3.000000	0.004941
YDR343C	YER184C	0.583315						0.000000	3.000000	0.004308
YDR405W	YGL073W	0.583308						0.000000	3.000000	0.005003
YFR044C	YOL108C	0.583296						0.000000	3.000000	0.005292
YHR215W	YDR081C	0.583295						0.000000	3.000000	0.003741
YPL220W	YLR451W	0.583277	0.000000	0.113463	0.188202	0.129828	0.141574	0.000000	3.000000	0.004128
YAL035W	YBR049C	0.583262						0.000000	3.000000	0.003537
YNL141W	YBR083W	0.583242						0.000000	-3.000000	0.005711
YGL073W	YDR207C	0.583232						0.000000	3.000000	0.005797
YML022W	YDR253C	0.583221						0.000000	-3.000000	0.004071
YML022W	YHR006W	0.583213						0.000000	-3.000000	0.005549
YML128C	YOR140W	0.583205						0.000000	-3.000000	0.004817
YGR123C	YDR216W	0.583126						1.000000	3.000000	0.003752
Q0050	YIR018W	0.583097						1.000000	3.000000	0.005810
YIL117C	YKR034W	0.583039						0.000000	3.000000	0.003929
YGR128C	YNL027W	0.583026						0.000000	-3.000000	0.002782
YPL203W	YCR084C	0.583019						0.000000	-3.000000	0.005182
YER091C	YDR207C	0.583012						0.000000	-3.000000	0.004617
YER038C	YKR034W	0.583011						0.000000	3.000000	0.003418
YDL055C	YDR216W	0.582945						0.000000	-3.000000	0.005449
YLR060W	YIR018W	0.582919						0.000000	3.000000	0.003155
YAR027W	YNL103W	0.582897						0.000000	-3.000000	0.005512
YPR128C	YLR013W	0.582843						0.000000	3.000000	0.005474
YPL098C	YOL108C	0.582773						0.000000	3.000000	0.004198
YJR070C	YPR104C	0.582769						0.000000	3.000000	0.005661
YPL004C	YIR023W	0.582595						0.000000	3.000000	0.004344
YIL074C	YDR174W	0.582510						0.000000	3.000000	0.003881
YKL009W	YDR463W	0.582428						0.000000	3.000000	0.005428
YIR037W	YDR207C	0.582421						0.000000	3.000000	0.003750
YLR216C	YIL036W	0.582399						0.000000	3.000000	0.004639
YPL081W	YNL068C	0.582397	0.000000	0.113367	0.188202	0.129758	0.141499	0.000000	3.000000	0.004612
YGR203W	YNL216W	0.582379						1.000000	3.000000	0.003926
YGR192C	YJR060W	0.582354	0.000000	0.113271	0.188202	0.129688	0.141425	0.000000	3.000000	0.004820
YJR063W	YPL089C	0.582322						0.000000	-3.000000	0.005057
YML007W	YDR253C	0.582280						1.000000	3.000000	0.004904
YLR292C	YHR178W	0.582184						0.000000	3.000000	0.003983
YER142C	YGL166W	0.582181	0.000000	0.113176	0.188202	0.129618	0.141350	0.000000	3.000000	0.001492
YMR194C-B	YOR028C	0.582133						0.000000	3.000000	0.004545
YOR091W	YHR124W	0.582123						0.000000	3.000000	0.004183
YDR368W	YOL108C	0.582108						0.000000	3.000000	0.002912
YGR032W	YDR123C	0.582107						1.000000	3.000000	0.004403
YDR202C	YGL013C	0.582004						0.000000	3.000000	0.004108
YLR025W	YOR140W	0.581985						0.000000	-3.000000	0.002125
YLR328W	YGL073W	0.581983						0.000000	3.000000	0.003881
YGR284C	YDL020C	0.581914						0.000000	3.000000	0.003588
YBR151W	YNL103W	0.581911						0.000000	-3.000000	0.004191
YBR101C	YCR065W	0.581907						0.000000	-3.000000	0.003066
YLR175W	YIR023W	0.581901						0.000000	-3.000000	0.003725
YLL040C	YMR021C	0.581893						0.000000	3.000000	0.003165
YIL117C	YKL032C	0.581882	0.000000	0.113080	0.188202	0.129549	0.141276	0.000000	3.000000	0.003769
YHR110W	YMR037C	0.581861						0.000000	3.000000	0.004068
YKL080W	YBL021C	0.581843						0.000000	-3.000000	0.004822
YMR121C	YDR451C	0.581831	0.000000	0.112985	0.188202	0.129479	0.141201	0.000000	3.000000	0.003632
YMR246W	YOL028C	0.581793						0.000000	3.000000	0.003107
YIL045W	YOL067C	0.581792						0.000000	3.000000	0.004645
YKL058W	YBL021C	0.581788						0.000000	-3.000000	0.002279
YKR094C	YOR344C	0.581785	0.000000	0.112890	0.188202	0.129410	0.141127	0.000000	3.000000	0.001419
YMR158W	YIL036W	0.581784						0.000000	3.000000	0.004838
YGL008C	YGL073W	0.581735						1.000000	3.000000	0.004252
YIL160C	YJL089W	0.581713						0.000000	-3.000000	0.004848
YNL248C	YHR124W	0.581687						0.000000	3.000000	0.004694
YDR063W	YDR207C	0.581673						0.000000	3.000000	0.004875
YPL273W	YIR018W	0.581663	0.000000	0.112795	0.188202	0.129341	0.141053	0.000000	3.000000	0.003842
YJL111W	YKL112W	0.581658						0.000000	3.000000	0.003646
YAL030W	YIR023W	0.581652						0.000000	3.000000	0.004641
YCR030C	YPL230W	0.581633						0.000000	3.000000	0.003909
YJL189W	YKL043W	0.581557						0.000000	3.000000	0.004557
YOL061W	YDR520C	0.581495						0.000000	3.000000	0.002820
YOR285W	YDR463W	0.581490						0.000000	-3.000000	0.004512
YKL046C	YER088C	0.581404						0.000000	3.000000	0.003972
YFR052W	YOL089C	0.581383						0.000000	-3.000000	0.004159
YDL133W	YPL230W	0.581343						0.000000	3.000000	0.004250
YIR022W	YDL020C	0.581280						0.000000	3.000000	0.003647
YGR108W	YKL043W	0.581168						0.000000	3.000000	0.003907
YKR065C	YOL089C	0.581155						0.000000	-3.000000	0.004619
YMR121C	YGL166W	0.581139	0.000000	0.112700	0.188202	0.129271	0.140978	0.000000	3.000000	0.002871
YPR010C	YNL068C	0.581132						0.000000	3.000000	0.004191
YER142C	YOR028C	0.581098	0.000000	0.112605	0.188202	0.129202	0.140904	0.000000	3.000000	0.003178
YDR394W	YNL103W	0.581081	0.000000	0.112510	0.188202	0.129133	0.140830	0.000000	-3.000000	0.000726
YHR190W	YDR451C	0.581054						0.000000	3.000000	0.003481
YMR110C	YJL056C	0.581049						0.000000	3.000000	0.004354
YFR033C	YER184C	0.581031						0.000000	3.000000	0.004320
YEL033W	YMR042W	0.581013						0.000000	-3.000000	0.003487
YHR047C	YMR070W	0.580990						0.000000	3.000000	0.003660
YER141W	YOR028C	0.580967						0.000000	3.000000	0.004163
YOL053W	YPL230W	0.580947						0.000000	3.000000	0.004142
YEL058W	YBL103C	0.580935						0.000000	3.000000	0.003829
YGR236C	YLR256W	0.580864	0.000000	0.112416	0.188202	0.129064	0.140756	0.000000	-3.000000	0.004213
YBL092W	YMR280C	0.580807						0.000000	-3.000000	0.003707
YNR053C	YIR023W	0.580767						0.000000	-3.000000	0.003200
YKL086W	YBL103C	0.580711	0.000000	0.112322	0.188202	0.128995	0.140682	0.000000	3.000000	0.003823
YOR036W	YKL020C	0.580670						0.000000	3.000000	0.003981
YML098W	YDR421W	0.580649						0.000000	3.000000	0.003529
YPR060C	YKL112W	0.580635						0.000000	3.000000	0.003589
YBR171W	YBR049C	0.580632						0.000000	3.000000	0.002791
YLR150W	YLR131C	0.580626						0.000000	-3.000000	0.004373
YGL186C	YER088C	0.580620						0.000000	3.000000	0.003693
YGL009C	YER169W	0.580615						0.000000	-3.000000	0.003183
YJR139C	YBL021C	0.580602						0.000000	-3.000000	0.003797
YMR260C	YKL112W	0.580593						0.000000	3.000000	0.003530
YOL096C	YOR140W	0.580560						0.000000	-3.000000	0.003491
YBR146W	YGL073W	0.580549						0.000000	3.000000	0.003170
YPR106W	YER088C	0.580540						0.000000	3.000000	0.003772
YFR004W	YGL073W	0.580537	0.000000	0.112228	0.188202	0.128926	0.140609	0.000000	3.000000	0.003868
YNL327W	YNL103W	0.580514						0.000000	3.000000	0.004203
YLR048W	YHR006W	0.580488	0.000000	0.112134	0.188202	0.128858	0.140535	0.000000	-3.000000	0.001424
YJR109C	YMR021C	0.580460	0.000000	0.112040	0.188202	0.128789	0.140461	0.000000	3.000000	0.003078
YBL089W	YDR207C	0.580448						0.000000	3.000000	0.001839
YIL112W	YBR083W	0.580438						0.000000	3.000000	0.002585
YOL111C	YGL166W	0.580418						0.000000	3.000000	0.002813
YHR010W	YDR253C	0.580394	0.000000	0.111947	0.188202	0.128720	0.140388	0.000000	-3.000000	0.003844
YMR297W	YIL131C	0.580394						1.000000	-3.000000	0.004254
YBR001C	YOR028C	0.580391						0.000000	3.000000	0.004015
YDR226W	YJL089W	0.580362						0.000000	3.000000	0.002672
YHR012W	YDR034C	0.580348						0.000000	3.000000	0.003977
YIL044C	YDR034C	0.580316						0.000000	3.000000	0.003963
YNL077W	YLR176C	0.580313						0.000000	3.000000	0.003442
YDL018C	YOL108C	0.580307						0.000000	3.000000	0.003099
YDR394W	YDR451C	0.580303	0.000000	0.111853	0.188202	0.128652	0.140314	0.000000	3.000000	0.002345
YGR118W	YIR018W	0.580272						0.000000	3.000000	0.004322
YHR162W	YMR021C	0.580244	0.000000	0.111760	0.188202	0.128583	0.140241	0.000000	3.000000	0.003868
YHR121W	YJR060W	0.580181						0.000000	3.000000	0.003470
YBR151W	YDR207C	0.580137						0.000000	3.000000	0.002830
YML001W	YMR021C	0.580107						0.000000	3.000000	0.003474
YKL058W	YLR451W	0.580098						0.000000	-3.000000	0.002825
YFL039C	YNL103W	0.580093						0.000000	-3.000000	0.003796
YGR038W	YGL096W	0.580061						0.000000	3.000000	0.001704
YER073W	YER088C	0.580043						0.000000	3.000000	0.003341
YMR203W	YOL108C	0.580035						0.000000	3.000000	0.003288
YMR237W	YHL009C	0.580029						0.000000	3.000000	0.002571
YNL024C-A	YDL170W	0.580022						0.000000	-3.000000	0.002967
YKR094C	YDR253C	0.580010	0.000000	0.111667	0.188202	0.128515	0.140167	0.000000	-3.000000	0.001751
YHR089C	YPL089C	0.579976						0.000000	-3.000000	0.003848
YIL157C	YOR028C	0.579969						0.000000	3.000000	0.003959
YKR092C	YHR124W	0.579950						0.000000	3.000000	0.002856
YOR311C	YDR034C	0.579950						0.000000	3.000000	0.003907
YPL091W	YNL103W	0.579948						0.000000	-3.000000	0.001300
YLR203C	YOR028C	0.579928						0.000000	3.000000	0.003056
YMR303C	YJL089W	0.579927						0.000000	-3.000000	0.003931
YGL020C	YLR013W	0.579899						0.000000	3.000000	0.003545
YER056C	YMR172W	0.579869						0.000000	-3.000000	0.003509
YML126C	YEL009C	0.579857	0.000000	0.111574	0.188202	0.128447	0.140094	0.000000	3.000000	0.003207
YDR513W	YPL230W	0.579845						0.000000	3.000000	0.003564
YER004W	YOR028C	0.579835						0.000000	3.000000	0.003266
YGL225W	YNL167C	0.579808	0.000000	0.111481	0.188202	0.128378	0.140021	0.000000	3.000000	0.003405
YKL006W	YIL131C	0.579690	0.000000	0.111388	0.188202	0.128310	0.139948	0.000000	3.000000	0.003752
YMR105C	YOR140W	0.579687						0.000000	-3.000000	0.002086
YLR172C	YIL036W	0.579679						0.000000	3.000000	0.002475
YPL156C	YHR084W	0.579672	0.000000	0.111296	0.188202	0.128242	0.139875	0.000000	3.000000	0.003106
YER110C	YHR124W	0.579657						0.000000	3.000000	0.002945
YHR025W	YNL314W	0.579646	0.000000	0.111203	0.188202	0.128174	0.139802	0.000000	3.000000	0.002929
YCL005W-A	YDR421W	0.579610						0.000000	3.000000	0.003381
YLR180W	YMR037C	0.579604						1.000000	3.000000	0.003769
YML055W	YLR013W	0.579601						0.000000	3.000000	0.003648
YPL092W	YKL015W	0.579577	0.000000	0.111111	0.188202	0.128106	0.139729	0.000000	3.000000	0.002676
YGL245W	YDR451C	0.579570						0.000000	3.000000	0.003397
YGR267C	YDR451C	0.579548	0.000000	0.111019	0.188202	0.128039	0.139656	0.000000	3.000000	0.003218
YGL031C	YNL314W	0.579526	0.000000	0.110927	0.188202	0.127971	0.139583	0.000000	3.000000	0.003447
YOR132W	YDR034C	0.579520						0.000000	3.000000	0.003298
YER038C	YDR463W	0.579467						0.000000	-3.000000	0.002337
YOL111C	YDR253C	0.579448						1.000000	3.000000	0.002815
YPR082C	YBL021C	0.579430						0.000000	-3.000000	0.002039
YLR056W	YJL089W	0.579429						0.000000	3.000000	0.002938
YBL091C	YIR017C	0.579396						0.000000	3.000000	0.003388
YOR247W	YDR216W	0.579382	0.000000	0.110835	0.188202	0.127903	0.139511	0.000000	-3.000000	0.003474
YHR066W	YPR104C	0.579343						0.000000	3.000000	0.001753
YPL006W	YPL177C	0.579296						0.000000	-3.000000	0.002577
YLR249W	YHR084W	0.579289						1.000000	3.000000	0.003104
YDR256C	YDR423C	0.579282						0.000000	3.000000	0.003668
YOR128C	YGL209W	0.579280	0.000000	0.110744	0.188202	0.127836	0.139438	0.000000	3.000000	0.003633
YCR053W	YJR060W	0.579269	0.000000	0.110652	0.188202	0.127768	0.139366	0.000000	3.000000	0.002504
YDR435C	YDR034C	0.579269						0.000000	3.000000	0.003254
YEL071W	YIL131C	0.579231						1.000000	3.000000	0.002945
YLL014W	YHR178W	0.579229						0.000000	3.000000	0.003607
YJL062W-A	YGL237C	0.579220						0.000000	3.000000	0.003231
YKR076W	YOR028C	0.579217						0.000000	3.000000	0.003619
YIR039C	YOR028C	0.579192						0.000000	3.000000	0.002517
YNR053C	YHR124W	0.579185						0.000000	3.000000	0.003217
YBR078W	YLR228C	0.579126						0.000000	3.000000	0.003605
YOR221C	YER040W	0.579114						0.000000	3.000000	0.002896
YNL024C-A	YDR174W	0.579077						0.000000	3.000000	0.001447
YOL103W	YGL209W	0.578987						0.000000	3.000000	0.003324
YPL213W	YER088C	0.578962						0.000000	3.000000	0.002688
YLR378C	YIR017C	0.578941						0.000000	3.000000	0.003643
YAL059W	YPR104C	0.578939						0.000000	3.000000	0.002595
YBL087C	YHR124W	0.578932						0.000000	3.000000	0.002828
YJL184W	YMR070W	0.578891						0.000000	3.000000	0.002631
YIL016W	YKL112W	0.578889						0.000000	3.000000	0.002306
YOL040C	YMR280C	0.578888	0.000000	0.110561	0.188202	0.127701	0.139293	0.000000	-3.000000	0.002508
YOL143C	YOL089C	0.578884						0.000000	-3.000000	0.002685
YGL202W	YML007W	0.578878						1.000000	3.000000	0.003260
YIR029W	YBR083W	0.578849						0.000000	-3.000000	0.003293
YKR080W	YGL209W	0.578837	0.000000	0.110470	0.188202	0.127633	0.139221	0.000000	3.000000	0.003151
YJL088W	YDR034C	0.578830						0.000000	3.000000	0.003662
YPL222W	YDR216W	0.578788						0.000000	3.000000	0.003088
YDR287W	YOR028C	0.578766						0.000000	3.000000	0.002913
YMR170C	YKL032C	0.578754						0.000000	3.000000	0.002443
YDL053C	YGL237C	0.578745						0.000000	3.000000	0.002878
YMR242C	YDR253C	0.578741	0.000000	0.110379	0.188202	0.127566	0.139148	0.000000	-3.000000	0.002554
YOR210W	YGL209W	0.578736						0.000000	3.000000	0.003098
YBR154C	YML099C	0.578716						0.000000	-3.000000	0.003074
YDR092W	YBL021C	0.578697						0.000000	-3.000000	0.003460
YJR145C	YMR280C	0.578688	0.000000	0.110288	0.188202	0.127499	0.139076	0.000000	-3.000000	0.002989
YBL001C	YIR023W	0.578685						0.000000	3.000000	0.003453
YBR026C	YKL015W	0.578679						0.000000	3.000000	0.003289
YDR245W	YDL056W	0.578622						0.000000	3.000000	0.003111
YAL003W	YBL005W	0.578616						0.000000	3.000000	0.003357
YOR340C	YPL089C	0.578586						0.000000	-3.000000	0.003003
YPL241C	YIR017C	0.578574						0.000000	3.000000	0.003169
YOL059W	YPL230W	0.578531						0.000000	3.000000	0.003223
YGL200C	YJR147W	0.578525						0.000000	3.000000	0.002555
YIL016W	YHR084W	0.578521						1.000000	3.000000	0.001940
YER017C	YDR123C	0.578515						1.000000	3.000000	0.003037
YBR120C	YOL067C	0.578485						0.000000	3.000000	0.003342
YGL245W	YIR017C	0.578484						0.000000	3.000000	0.003534
YJR001W	YMR037C	0.578483						0.000000	3.000000	0.002387
YPR033C	YOR162C	0.578449						0.000000	3.000000	0.002503
YBL089W	YKL032C	0.578424						0.000000	3.000000	0.002054
YEL060C	YBR083W	0.578391	0.000000	0.110197	0.188202	0.127432	0.139004	0.000000	3.000000	0.002603
YPL237W	YOR363C	0.578386						0.000000	3.000000	0.002191
YER090W	YMR037C	0.578368						0.000000	3.000000	0.003253
YGR175C	YER088C	0.578358						0.000000	3.000000	0.003375
YLR079W	YLR176C	0.578336	0.000000	0.110107	0.188202	0.127365	0.138932	0.000000	-3.000000	0.002886
YNL281W	YDR451C	0.578333	0.000000	0.110016	0.188202	0.127298	0.138860	0.000000	3.000000	0.002707
YLR449W	YBR240C	0.578327	0.000000	0.109926	0.188202	0.127231	0.138788	0.000000	-3.000000	0.002867
YHR057C	YGL166W	0.578317						0.000000	3.000000	0.002723
YLR025W	YGL073W	0.578284						0.000000	3.000000	0.002538
YBR050C	YOR028C	0.578270						0.000000	3.000000	0.003389
YPL265W	YPL177C	0.578268	0.000000	0.109836	0.188202	0.127164	0.138716	0.000000	-3.000000	0.002412
YER026C	YBL021C	0.578222						0.000000	-3.000000	0.002186
YDL067C	YPL177C	0.578218						0.000000	-3.000000	0.002863
YGR194C	YOL108C	0.578214						0.000000	3.000000	0.001968
YLR359W	YBR239C	0.578213						0.000000	-3.000000	0.002677
YJR064W	YBR049C	0.578156						0.000000	3.000000	0.001895
YLR192C	YMR164C	0.578069						0.000000	-3.000000	0.003380
YKL148C	YIL036W	0.578049						0.000000	3.000000	0.003155
YOR209C	YLR013W	0.577999						0.000000	3.000000	0.002973
YBL007C	YDR034C	0.577954						0.000000	3.000000	0.002856
YHL033C	YMR280C	0.577922	0.000000	0.109746	0.188202	0.127097	0.138645	0.000000	-3.000000	0.002804
YBR115C	YKR034W	0.577916						0.000000	3.000000	0.002015
YJL060W	YBR083W	0.577914	0.000000	0.109656	0.188202	0.127031	0.138573	0.000000	3.000000	0.002161
YOL133W	YBR083W	0.577906						0.000000	3.000000	0.001244
YPR069C	YDR520C	0.577891						0.000000	3.000000	0.002763
YPL092W	YKL032C	0.577866	0.000000	0.109567	0.188202	0.126964	0.138501	0.000000	3.000000	0.001358
YKR009C	YML007W	0.577829						0.000000	3.000000	0.002347
YOR303W	YGL013C	0.577829	0.000000	0.109477	0.188202	0.126897	0.138430	0.000000	3.000000	0.001916
YAR035W	YMR016C	0.577818						1.000000	3.000000	0.002542
YBR052C	YLR451W	0.577812						0.000000	-3.000000	0.002706
YLR163C	YGL073W	0.577793						0.000000	3.000000	0.002384
YIL109C	YDR034C	0.577788						0.000000	3.000000	0.003066
YLR104W	YMR021C	0.577780	0.000000	0.109388	0.188202	0.126831	0.138358	0.000000	3.000000	0.001504
YOL097C	YDR253C	0.577739						0.000000	-3.000000	0.002260
YGR155W	YDR123C	0.577706						0.000000	-3.000000	0.003108
YPL006W	YIR023W	0.577685						0.000000	3.000000	0.001910
YDR085C	YPL230W	0.577681						0.000000	3.000000	0.002957
YPL237W	YMR042W	0.577681						0.000000	-3.000000	0.000745
YOR161C	YDR123C	0.577672						0.000000	-3.000000	0.003202
YGR194C	YOL067C	0.577665						0.000000	3.000000	0.002987
YER011W	YDR207C	0.577660	0.000000	0.109299	0.188202	0.126765	0.138287	0.000000	3.000000	0.001917
YKL146W	YGL237C	0.577639						0.000000	3.000000	0.001360
YBR164C	YFR034C	0.577615						0.000000	3.000000	0.002934
YOR064C	YJL056C	0.577584						0.000000	3.000000	0.002572
YDR177W	YGL096W	0.577572						0.000000	3.000000	0.002706
YBL058W	YDR174W	0.577569						0.000000	3.000000	0.001237
YPR100W	YOR028C	0.577566						0.000000	3.000000	0.001059
YBR109C	YDR174W	0.577548						0.000000	3.000000	0.002589
YJR074W	YDR259C	0.577547						0.000000	3.000000	0.002988
YDR394W	YGL096W	0.577514						0.000000	3.000000	0.002352
YMR250W	YOL108C	0.577513	0.000000	0.109209	0.188202	0.126698	0.138216	0.000000	3.000000	0.002720
YER073W	YKR099W	0.577457	0.000000	0.109121	0.188202	0.126632	0.138144	0.000000	3.000000	0.003016
YDR212W	YIR018W	0.577444						0.000000	3.000000	0.002986
YBR130C	YGL209W	0.577432						0.000000	3.000000	0.003147
YMR072W	YGL096W	0.577408						0.000000	3.000000	0.002284
YNR002C	YOR140W	0.577388						0.000000	-3.000000	0.002618
YNL209W	YPL248C	0.577364						0.000000	-3.000000	0.002632
YLR044C	YGL071W	0.577301	0.000000	0.109032	0.188202	0.126566	0.138073	0.000000	-3.000000	0.002796
YHR179W	YPL133C	0.577270						0.000000	-3.000000	0.002824
YDL067C	YIR023W	0.577270						0.000000	3.000000	0.002577
YBR146W	YOL067C	0.577269						0.000000	3.000000	0.002827
YDR347W	YER088C	0.577226						0.000000	3.000000	0.002383
YIL074C	YKL038W	0.577222	0.000000	0.108943	0.188202	0.126500	0.138002	0.000000	3.000000	0.000983
YLR167W	YHR124W	0.577207						0.000000	-3.000000	0.002889
YPL079W	YPR104C	0.577189	0.000000	0.108855	0.188202	0.126434	0.137931	0.000000	3.000000	0.002425
YOL097C	YNL027W	0.577186						0.000000	-3.000000	0.002481
YDR171W	YGL209W	0.577158	0.000000	0.108766	0.188202	0.126368	0.137860	0.000000	3.000000	0.002783
YER019W	YER088C	0.577139						0.000000	3.000000	0.002049
YMR292W	YDR520C	0.577100						0.000000	3.000000	0.002779
YHR037W	YGL013C	0.577092						0.000000	3.000000	0.002605
YLR325C	YGL209W	0.577052	0.000000	0.108678	0.188202	0.126302	0.137789	0.000000	3.000000	0.002764
YER165W	YBR239C	0.577046						0.000000	-3.000000	0.002606
YGL231C	YIR017C	0.577039						0.000000	3.000000	0.002375
YPR020W	YIL036W	0.577026						0.000000	3.000000	0.002719
YHL016C	YDR421W	0.577024						0.000000	3.000000	0.002495
YOL092W	YBR049C	0.577010						0.000000	3.000000	0.002240
YMR092C	YDR174W	0.577007						0.000000	3.000000	0.001893
YPR052C	YDR034C	0.576994						0.000000	3.000000	0.002607
YPR140W	YGL237C	0.576927						0.000000	3.000000	0.001163
YJR065C	YGL013C	0.576861						0.000000	3.000000	0.002712
YNR002C	YGL073W	0.576851						0.000000	3.000000	0.002207
YNL056W	YBR066C	0.576837						0.000000	3.000000	0.002396
YOR323C	YPL075W	0.576811						0.000000	3.000000	0.002056
YPR165W	YML027W	0.576797						0.000000	3.000000	0.002321
YHR170W	YPR104C	0.576780						0.000000	3.000000	0.001862
YPL154C	YER088C	0.576756						0.000000	3.000000	0.002526
YGR061C	YGL209W	0.576754	0.000000	0.108590	0.188202	0.126236	0.137718	0.000000	3.000000	0.002463
YMR271C	YKL015W	0.576739						0.000000	3.000000	0.002769
YKL034W	YPR008W	0.576738						0.000000	3.000000	0.002865
YGR203W	YKL062W	0.576728						1.000000	3.000000	0.002554
YJR130C	YDL020C	0.576709						0.000000	3.000000	0.002248
YNL101W	YBR083W	0.576672						0.000000	3.000000	0.002662
YKL180W	YBR240C	0.576657	0.000000	0.108502	0.188202	0.126171	0.137648	0.000000	3.000000	0.002466
YIL087C	YDR207C	0.576597						0.000000	3.000000	0.002530
YLR093C	YGL073W	0.576538						0.000000	3.000000	0.002497
YGR254W	YDR034C	0.576536						0.000000	3.000000	0.001970
YDR453C	YKL185W	0.576520	0.000000	0.108414	0.188202	0.126105	0.137577	0.000000	3.000000	0.002706
YAL034C	YAL051W	0.576519						0.000000	3.000000	0.001647
YMR261C	YDL020C	0.576508						0.000000	3.000000	0.001650
YGR211W	YDR123C	0.576506	0.000000	0.108327	0.188202	0.126040	0.137506	0.000000	-3.000000	0.001928
YMR089C	YOR028C	0.576488						0.000000	3.000000	0.001686
YLR258W	YDR207C	0.576485	0.000000	0.108239	0.188202	0.125974	0.137436	0.000000	3.000000	0.001595
YDL192W	YFL021W	0.576472						0.000000	3.000000	0.002511
YDR365C	YNL027W	0.576447						0.000000	-3.000000	0.000667
YBR171W	YKL112W	0.576445						0.000000	3.000000	0.001215
YMR135C	YML007W	0.576439	0.000000	0.108152	0.188202	0.125909	0.137365	0.000000	3.000000	0.001188
YHR074W	YDR207C	0.576433						0.000000	3.000000	0.001372
YNL178W	YHR124W	0.576392						0.000000	3.000000	0.002623
YML022W	YGR044C	0.576360						0.000000	-3.000000	0.002444
YJR063W	YHR124W	0.576356						0.000000	3.000000	0.002591
YDR083W	YPR104C	0.576339						0.000000	3.000000	0.002211
YJL052W	YOR140W	0.576330						0.000000	-3.000000	0.001905
YPL265W	YBR083W	0.576293	0.000000	0.108065	0.188202	0.125843	0.137295	0.000000	3.000000	0.001260
YNL168C	YDR174W	0.576283						0.000000	3.000000	0.002740
YGR094W	YBR239C	0.576280						0.000000	-3.000000	0.002368
YJL136C	YHR006W	0.576278	0.000000	0.107977	0.188202	0.125778	0.137225	0.000000	3.000000	0.002634
YGR167W	YOL108C	0.576273						0.000000	3.000000	0.002403
YJL121C	YHR178W	0.576257						0.000000	3.000000	0.002309
YPL028W	YMR070W	0.576241						0.000000	3.000000	0.002149
YGR128C	YDR423C	0.576231						0.000000	-3.000000	0.001264
YPL232W	YOL108C	0.576231						0.000000	3.000000	0.002321
YIL036W	YKL020C	0.576221						0.000000	3.000000	0.002692
YGL047W	YJR147W	0.576203						0.000000	3.000000	0.001987
YDR177W	YGL237C	0.576203						0.000000	3.000000	0.002645
YPL123C	YKL062W	0.576190						1.000000	3.000000	0.002393
YPR181C	YIL119C	0.576185						0.000000	3.000000	0.002390
YDR063W	YDR174W	0.576180						0.000000	3.000000	0.000899
YOL096C	YGL237C	0.576150						0.000000	3.000000	0.001731
YHR094C	YCR065W	0.576131						0.000000	-3.000000	0.002258
YFL022C	YNL314W	0.576110	0.000000	0.107890	0.188202	0.125713	0.137155	0.000000	3.000000	0.002160
YKL016C	YJL056C	0.576084						0.000000	3.000000	0.002535
YMR242C	YBR240C	0.576060	0.000000	0.107804	0.188202	0.125648	0.137084	0.000000	3.000000	0.001994
YKL192C	YOL108C	0.576048						0.000000	3.000000	0.002288
YHR143W-A	YLR013W	0.576039						0.000000	3.000000	0.002737
YDR533C	YKL020C	0.576032						0.000000	3.000000	0.002325
YPL048W	YER088C	0.576020						0.000000	3.000000	0.001432
YGR159C	YPL089C	0.575997	0.000000	0.107717	0.188202	0.125583	0.137014	0.000000	-3.000000	0.002483
YMR038C	YFR034C	0.575925	0.000000	0.107631	0.188202	0.125518	0.136944	0.000000	3.000000	0.002560
YDR100W	YBL021C	0.575884						0.000000	-3.000000	0.001799
YLR066W	YDR421W	0.575882						0.000000	3.000000	0.001878
YGR063C	YBR066C	0.575870						0.000000	3.000000	0.002532
YIL009C-A	YJR147W	0.575867						0.000000	3.000000	0.002267
YOR086C	YOR140W	0.575838						0.000000	-3.000000	0.002410
YDR171W	YDR123C	0.575811	0.000000	0.107544	0.188202	0.125453	0.136874	0.000000	-3.000000	0.001988
YGL189C	YKL062W	0.575774	0.000000	0.107458	0.188202	0.125388	0.136804	0.000000	-3.000000	0.001790
YBR146W	YOR028C	0.575771						0.000000	3.000000	0.002527
YGL208W	YOR162C	0.575729						1.000000	3.000000	0.002303
YGR167W	YGL096W	0.575728						0.000000	3.000000	0.001978
YML057W	YPR008W	0.575714						0.000000	3.000000	0.002394
YLR104W	YMR070W	0.575681	0.000000	0.107372	0.188202	0.125323	0.136735	0.000000	3.000000	0.002023
YIL078W	YOR363C	0.575667						0.000000	3.000000	0.001676
YHR123W	YKR034W	0.575665						0.000000	3.000000	0.000867
YOR382W	YMR070W	0.575645						0.000000	3.000000	0.002301
YDR178W	YGL073W	0.575636						0.000000	3.000000	0.001858
YML081C-A	YPL177C	0.575629						0.000000	-3.000000	0.002167
YBR282W	YBL021C	0.575610						0.000000	-3.000000	0.001418
YDL051W	YHR124W	0.575588						0.000000	3.000000	0.001635
YDL021W	YGL073W	0.575566						0.000000	3.000000	0.002251
YBR230C	YKL062W	0.575512						1.000000	-1.000000	0.001166
YLR029C	YNL027W	0.575496						0.000000	3.000000	0.002086
YIL065C	YGL237C	0.575467						0.000000	3.000000	0.001089
YLR299W	YKL185W	0.575454						0.000000	-3.000000	0.002411
YNR037C	YDR421W	0.575411						0.000000	3.000000	0.002103
YNL294C	YDR463W	0.575409						0.000000	-3.000000	0.001569
YDR002W	YMR070W	0.575392						0.000000	3.000000	0.001246
YGR203W	YHR084W	0.575390						1.000000	3.000000	0.002228
YIL145C	YDR451C	0.575347						0.000000	3.000000	0.001704
YKR076W	YGR249W	0.575344						0.000000	3.000000	0.001739
YNL081C	YOR140W	0.575343						0.000000	-3.000000	0.001388
YML012W	YMR070W	0.575333						0.000000	3.000000	0.002096
YOR327C	YKL062W	0.575330						1.000000	3.000000	0.002283
YMR005W	YBR066C	0.575313						0.000000	3.000000	0.002072
YKL008C	YIR017C	0.575295						0.000000	-3.000000	0.001075
YER007C-A	YDR520C	0.575259						0.000000	3.000000	0.001742
YNL007C	YDR123C	0.575251	0.000000	0.107286	0.188202	0.125259	0.136665	0.000000	-3.000000	0.001930
YBR046C	YLR451W	0.575245	0.000000	0.107200	0.188202	0.125194	0.136595	0.000000	-3.000000	0.002440
YPL220W	YKL043W	0.575225						0.000000	3.000000	0.001964
YHL011C	YKL038W	0.575209						0.000000	3.000000	0.002218
YHR068W	YLR131C	0.575195						0.000000	-3.000000	0.001828
YMR145C	YHR178W	0.575188						1.000000	3.000000	0.001201
YKL119C	YBR066C	0.575186						0.000000	3.000000	0.002386
YLR332W	YGL209W	0.575185						0.000000	3.000000	0.002054
YOR335C	YIR018W	0.575162						0.000000	3.000000	0.002023
YBL050W	YOL108C	0.575137						0.000000	3.000000	0.002223
YHR203C	YBR240C	0.575126	0.000000	0.107114	0.188202	0.125129	0.136526	0.000000	3.000000	0.001187
YKL186C	YBR066C	0.575110						0.000000	3.000000	0.002280
YGL030W	YHR006W	0.575108						0.000000	3.000000	0.002139
YHR025W	YFR034C	0.575095	0.000000	0.107029	0.188202	0.125065	0.136456	0.000000	3.000000	0.001594
YNL081C	YOR028C	0.575062						0.000000	3.000000	0.001662
YDL137W	YPL177C	0.575048						0.000000	-3.000000	0.002294
YEL065W	YMR070W	0.575019						0.000000	3.000000	0.002073
YJR069C	YKL112W	0.574958						0.000000	3.000000	0.002165
YOR335C	YOR162C	0.574941						0.000000	3.000000	0.001710
YLR332W	YPL230W	0.574934						0.000000	3.000000	0.001609
YLR438W	YER040W	0.574931						0.000000	3.000000	0.001492
YBR047W	YDR421W	0.574927						0.000000	3.000000	0.002076
YIL070C	YOL067C	0.574907						0.000000	3.000000	0.000633
YCL030C	YHL027W	0.574891	0.000000	0.106943	0.188202	0.125001	0.136387	0.000000	-3.000000	0.001412
YHR019C	YPL075W	0.574883	0.000000	0.106858	0.188202	0.124936	0.136317	0.000000	3.000000	0.001943
YLR058C	YDR034C	0.574878						0.000000	3.000000	0.001882
YLR254C	YPL230W	0.574867						0.000000	3.000000	0.001795
YDR427W	YDR174W	0.574854						0.000000	3.000000	0.000914
YHR147C	YGL096W	0.574830						0.000000	3.000000	0.002177
YOR286W	YOL089C	0.574819						0.000000	-3.000000	0.002126
YLR256W	YMR021C	0.574800						0.000000	3.000000	0.001788
YGL019W	YDR451C	0.574796						0.000000	3.000000	0.001875
YNL074C	YBR066C	0.574790						0.000000	3.000000	0.000774
YEL040W	YPL075W	0.574781	0.000000	0.106773	0.188202	0.124872	0.136248	0.000000	3.000000	0.001760
YPR060C	YKL109W	0.574779						1.000000	3.000000	0.001188
YOR293W	YHR124W	0.574777						0.000000	-3.000000	0.002134
YBL087C	YDR253C	0.574768	0.000000	0.106688	0.188202	0.124808	0.136179	0.000000	-3.000000	0.001466
YPR183W	YOL089C	0.574765						0.000000	-3.000000	0.002329
YER043C	YDL048C	0.574733						0.000000	3.000000	0.002106
YPL079W	YHR124W	0.574728						0.000000	3.000000	0.002089
YDR347W	YCR084C	0.574689						0.000000	-3.000000	0.002343
YHR063C	YGL209W	0.574680						0.000000	3.000000	0.001681
YDR050C	YJR060W	0.574674						0.000000	3.000000	0.001386
YPL048W	YLR451W	0.574672						0.000000	-3.000000	0.001760
YPL134C	YPL133C	0.574667						0.000000	3.000000	0.002184
YBR181C	YDR253C	0.574615	0.000000	0.106603	0.188202	0.124744	0.136110	0.000000	-3.000000	0.001830
YOR091W	YPL089C	0.574610						0.000000	-3.000000	0.001458
YBR101C	YDR123C	0.574606						0.000000	-3.000000	0.001846
YER031C	YDR421W	0.574605						0.000000	3.000000	0.002160
YGL121C	YNL216W	0.574577						1.000000	-3.000000	0.001935
YDR447C	YDL106C	0.574563						0.000000	3.000000	0.002254
YHR051W	YBL021C	0.574561	1.000000	0.107313	0.189607	0.125758	0.137056	0.000000	-3.000000	0.001822
YNR022C	YJL056C	0.574549						0.000000	3.000000	0.001403
YOL097C	YKL038W	0.574524						0.000000	3.000000	0.001759
YJR125C	YMR021C	0.574509						0.000000	3.000000	0.002084
YJR025C	YNL103W	0.574501	0.000000	0.107228	0.189607	0.125694	0.136986	0.000000	-3.000000	0.001192
YGR118W	YIL131C	0.574493						0.000000	3.000000	0.001906
YIR032C	YJL110C	0.574458						0.000000	3.000000	0.001761
YCR046C	YOR140W	0.574456						0.000000	-3.000000	0.001327
YLR025W	YGL237C	0.574448						0.000000	3.000000	0.001721
YCL057W	YOL089C	0.574424						0.000000	-3.000000	0.001966
YGR167W	YGL013C	0.574408						0.000000	3.000000	0.000936
YMR194C-B	YOR140W	0.574380						0.000000	-3.000000	0.001880
YDL083C	YJR060W	0.574379						1.000000	-3.000000	0.001934
YER074W	YHR124W	0.574366						0.000000	-3.000000	0.002132
YAL022C	YGR249W	0.574360						0.000000	-3.000000	0.001955
YAR002C-A	YKL043W	0.574344						0.000000	3.000000	0.002086
YOL122C	YJR127C	0.574328						0.000000	3.000000	0.001931
YIL158W	YLR098C	0.574327						0.000000	3.000000	0.001657
YPL006W	YOR140W	0.574312						0.000000	-3.000000	0.000587
YLR219W	YPL230W	0.574305						0.000000	3.000000	0.001583
YLR309C	YPR008W	0.574298						0.000000	3.000000	0.001981
YIL112W	YKL032C	0.574282						0.000000	3.000000	0.001302
YLR028C	YDR207C	0.574276	0.000000	0.107143	0.189607	0.125629	0.136917	0.000000	3.000000	0.000613
YDL128W	YDR034C	0.574266						0.000000	3.000000	0.002019
YOR128C	YPR009W	0.574241						0.000000	3.000000	0.001791
YPR028W	YNL103W	0.574231						0.000000	-3.000000	0.001308
YPL240C	YGL013C	0.574211						0.000000	3.000000	0.001768
YBR218C	YDR421W	0.574199	0.000000	0.107058	0.189607	0.125565	0.136847	0.000000	3.000000	0.001698
YMR184W	YHL027W	0.574197						0.000000	-3.000000	0.001771
YIL016W	YPR065W	0.574191						0.000000	3.000000	0.001595
YER007C-A	YKL112W	0.574155						0.000000	3.000000	0.001925
YBR234C	YBL021C	0.574153						0.000000	-3.000000	0.001214
YNR001C	YOL108C	0.574125						0.000000	3.000000	0.001735
YLR249W	YJR060W	0.574123						1.000000	-3.000000	0.001886
YMR058W	YHR206W	0.574113	0.000000	0.106973	0.189607	0.125501	0.136778	0.000000	3.000000	0.001966
YGL022W	YIR017C	0.574113						0.000000	3.000000	0.001243
YJL210W	YOR140W	0.574093						0.000000	-3.000000	0.001196
YPR010C	YPL089C	0.574092						0.000000	-3.000000	0.002121
YAL038W	YJR060W	0.574088						1.000000	3.000000	0.001841
YBR078W	YML027W	0.574087						0.000000	3.000000	0.000763
YLR218C	YIR023W	0.574084						0.000000	3.000000	0.001684
YLR421C	YOL089C	0.574079						0.000000	-3.000000	0.001986
YGL106W	YMR021C	0.574068						0.000000	3.000000	0.001099
YGL105W	YJL089W	0.574060						0.000000	3.000000	0.001581
YOR261C	YLR176C	0.573995	0.000000	0.106888	0.189607	0.125437	0.136709	0.000000	-3.000000	0.001857
YDR497C	YPL133C	0.573957						0.000000	3.000000	0.001898
YBR164C	YHR178W	0.573947						0.000000	3.000000	0.001650
YOR099W	YKL032C	0.573925						0.000000	3.000000	0.001286
YOR362C	YNL103W	0.573907						0.000000	-3.000000	0.001577
YML085C	YGL209W	0.573906						0.000000	3.000000	0.002097
YOR224C	YLR098C	0.573881						0.000000	-3.000000	0.001662
YGR194C	YIR023W	0.573879						0.000000	3.000000	0.001571
YJL097W	YGL166W	0.573841						0.000000	3.000000	0.001480
YKL039W	YPL230W	0.573836						0.000000	3.000000	0.002036
YJL121C	YDR520C	0.573824						0.000000	3.000000	0.001730
YBR146W	YJL056C	0.573823						0.000000	3.000000	0.002182
YNL327W	YIL131C	0.573818						1.000000	3.000000	0.001029
YOR027W	YIL036W	0.573805						0.000000	3.000000	0.001974
YBR249C	YKL112W	0.573772						0.000000	3.000000	0.001405
YMR142C	YDR253C	0.573763	0.000000	0.106804	0.189607	0.125373	0.136640	0.000000	-3.000000	0.002115
YLR172C	YNL027W	0.573743						0.000000	-3.000000	0.000843
YEL066W	YMR021C	0.573736						0.000000	3.000000	0.001750
YKR001C	YLR228C	0.573723						0.000000	3.000000	0.001699
YOR167C	YDR310C	0.573712	0.000000	0.106719	0.189607	0.125309	0.136571	0.000000	-3.000000	0.001969
YHR071W	YKR034W	0.573691						0.000000	3.000000	0.001716
YBR181C	YBR240C	0.573690	0.000000	0.106635	0.189607	0.125245	0.136502	0.000000	3.000000	0.001073
YEL012W	YPL230W	0.573682						0.000000	3.000000	0.002080
YJL166W	YCR084C	0.573652						0.000000	-3.000000	0.002056
YGL022W	YKL043W	0.573649						0.000000	3.000000	0.001417
YPL273W	YBL005W	0.573646	0.000000	0.106551	0.189607	0.125181	0.136433	0.000000	3.000000	0.001542
YJR010W	YDR123C	0.573642						0.000000	3.000000	0.001764
YPR023C	YJL056C	0.573631						0.000000	3.000000	0.001740
YBL043W	YML007W	0.573629						0.000000	3.000000	0.001935
YBR077C	YKL032C	0.573609						0.000000	3.000000	0.001018
YKL143W	YBR083W	0.573602						0.000000	-3.000000	0.001974
YOR303W	YIL119C	0.573586						0.000000	3.000000	0.001990
YGR175C	YDR034C	0.573570						0.000000	3.000000	0.001803
YPL266W	YGR044C	0.573561						0.000000	-3.000000	0.001876
YGR254W	YIL119C	0.573559						0.000000	3.000000	0.001872
YFR051C	YDR451C	0.573557						0.000000	3.000000	0.001349
YDR486C	YOR140W	0.573528						0.000000	-3.000000	0.001369
YDL053C	YGL013C	0.573527						0.000000	3.000000	0.001831
YJL174W	YDR174W	0.573497						0.000000	3.000000	0.001474
YNL077W	YMR037C	0.573473						1.000000	-3.000000	0.001846
YDL064W	YIR018W	0.573443						0.000000	3.000000	0.001716
YOR369C	YKL062W	0.573435						1.000000	-3.000000	0.001954
YBR265W	YPR009W	0.573430						0.000000	3.000000	0.001967
YDR092W	YNL103W	0.573396						0.000000	-3.000000	0.001739
YKL117W	YGL013C	0.573380						0.000000	3.000000	0.001426
YAR035W	YGL237C	0.573366						0.000000	3.000000	0.001102
YBR059C	YJR127C	0.573365						0.000000	3.000000	0.001937
YLR060W	YLR131C	0.573355						0.000000	-3.000000	0.000790
YOL096C	YJL056C	0.573343						0.000000	3.000000	0.001263
YLR330W	YKL020C	0.573342						0.000000	3.000000	0.001409
YPR033C	YHR178W	0.573342						0.000000	3.000000	0.000796
YLR218C	YKR034W	0.573335						0.000000	3.000000	0.001979
YOR027W	YDR123C	0.573323	0.000000	0.106467	0.189607	0.125117	0.136364	0.000000	-3.000000	0.001149
YGL135W	YPR009W	0.573318						0.000000	3.000000	0.001722
YJR010W	YPL133C	0.573300						0.000000	3.000000	0.001253
YDR025W	YPR104C	0.573287						0.000000	3.000000	0.001789
YPR160W	YOR140W	0.573259						0.000000	-3.000000	0.001649
YER036C	YNL027W	0.573241						0.000000	-3.000000	0.001628
YBR252W	YBL005W	0.573217						0.000000	3.000000	0.001560
YNL301C	YBL005W	0.573215	0.000000	0.106383	0.189607	0.125054	0.136295	0.000000	3.000000	0.001907
YLR109W	YBR182C	0.573202						0.000000	-3.000000	0.001462
YPR082C	YGL237C	0.573201						0.000000	3.000000	0.000620
YKR001C	YMR021C	0.573165						0.000000	3.000000	0.001705
YBL076C	YBR049C	0.573135						0.000000	3.000000	0.001630
YLR048W	YBR239C	0.573113						0.000000	-3.000000	0.000974
YLR286C	YDR123C	0.573093	0.000000	0.106299	0.189607	0.124990	0.136226	0.000000	3.000000	0.001965
YPR065W	YDR310C	0.573092						0.000000	3.000000	0.001747
YJL014W	YOL028C	0.573077						0.000000	3.000000	0.001395
YOR046C	YDR520C	0.573072						0.000000	3.000000	0.001012
YDR027C	YJR127C	0.573071						0.000000	3.000000	0.001951
YER063W	YBL021C	0.573048	0.000000	0.106216	0.189607	0.124927	0.136157	0.000000	-3.000000	0.000882
YLR208W	YBL021C	0.573028						0.000000	-3.000000	0.000594
YDR452W	YDR174W	0.573017						0.000000	3.000000	0.001592
YBR122C	YGL096W	0.573015						0.000000	3.000000	0.001692
YHR216W	YJR127C	0.572999						0.000000	3.000000	0.001870
YMR302C	YPL230W	0.572951						0.000000	3.000000	0.000747
YLR220W	YOR140W	0.572945						0.000000	-3.000000	0.001550
YPR058W	YDR451C	0.572937	0.000000	0.106132	0.189607	0.124863	0.136089	0.000000	3.000000	0.001421
YOR312C	YDR146C	0.572927						0.000000	-3.000000	0.001762
YMR062C	YKR034W	0.572923						0.000000	3.000000	0.001426
YDR226W	YOL089C	0.572918						0.000000	-3.000000	0.001755
YCL033C	YML007W	0.572912						0.000000	3.000000	0.001595
YOR332W	YDR174W	0.572884						0.000000	3.000000	0.001356
YDR234W	YKR099W	0.572879						0.000000	3.000000	0.001540
YGL068W	YBL021C	0.572877						0.000000	-3.000000	0.000891
YJL052W	YMR037C	0.572871						1.000000	3.000000	0.001133
YPR082C	YIL036W	0.572859						0.000000	3.000000	0.001332
YPR133W-A	YGL096W	0.572852						0.000000	3.000000	0.001794
YBR046C	YDR421W	0.572845	0.000000	0.106049	0.189607	0.124800	0.136020	0.000000	3.000000	0.001232
YBR009C	YDR043C	0.572844						0.000000	-3.000000	0.001614
YOL133W	YDR034C	0.572836						0.000000	3.000000	0.000830
YOR095C	YBR239C	0.572829						0.000000	-3.000000	0.001785
YOR232W	YMR042W	0.572789						0.000000	-3.000000	0.001381
YNL075W	YPR104C	0.572778						0.000000	3.000000	0.001434
YNL075W	YBR240C	0.572734						0.000000	-3.000000	0.001409
YOR079C	YIL119C	0.572731						0.000000	3.000000	0.001768
YLR256W	YDR207C	0.572723						0.000000	3.000000	0.001920
YMR135C	YGL013C	0.572712	0.000000	0.105965	0.189607	0.124736	0.135952	0.000000	3.000000	0.001196
YIL121W	YBR083W	0.572700						0.000000	3.000000	0.001102
YJR045C	YOL108C	0.572699						0.000000	3.000000	0.001562
YKL001C	YIL119C	0.572698						0.000000	3.000000	0.001723
YHR139C	YHR084W	0.572675	0.000000	0.105882	0.189607	0.124673	0.135883	0.000000	3.000000	0.001547
YPR110C	YEL009C	0.572674						1.000000	3.000000	0.000800
YIL075C	YOL108C	0.572668						0.000000	3.000000	0.001353
YKL058W	YGL013C	0.572659						0.000000	3.000000	0.001634
YCL034W	YDR207C	0.572653						0.000000	3.000000	0.000633
YDL238C	YKL032C	0.572600						0.000000	3.000000	0.001492
YDR050C	YKL112W	0.572587						0.000000	3.000000	0.001362
YHR016C	YDR463W	0.572578						0.000000	-3.000000	0.001672
YHR068W	YIR018W	0.572559						0.000000	3.000000	0.001749
YGR270W	YJR127C	0.572559						0.000000	3.000000	0.001611
YJR008W	YEL009C	0.572559						1.000000	3.000000	0.001408
YPL213W	YIL119C	0.572551						0.000000	3.000000	0.001187
YMR238W	YDR207C	0.572507						0.000000	3.000000	0.001128
YOR182C	YKL043W	0.572474						0.000000	3.000000	0.001516
YER122C	YFL031W	0.572464						0.000000	3.000000	0.001491
YCR005C	YIR023W	0.572463						0.000000	-3.000000	0.001703
YDR465C	YBR240C	0.572451						0.000000	-3.000000	0.001827
YKL019W	YIL119C	0.572437						0.000000	3.000000	0.001556
YBR208C	YJL110C	0.572410						0.000000	-3.000000	0.001722
YMR116C	YHR124W	0.572401						0.000000	3.000000	0.001652
YPL078C	YOL108C	0.572393						0.000000	3.000000	0.001623
YNL287W	YBR066C	0.572391						0.000000	3.000000	0.001556
YOL061W	YLR013W	0.572384						0.000000	3.000000	0.001797
YNL284C	YPL230W	0.572380						0.000000	3.000000	0.000647
YPR163C	YMR042W	0.572377						0.000000	-3.000000	0.001817
YFR031C-A	YDR423C	0.572357	0.000000	0.105799	0.189607	0.124610	0.135815	0.000000	-3.000000	0.001069
YKR057W	YBR240C	0.572333	0.000000	0.105717	0.189607	0.124547	0.135747	0.000000	3.000000	0.001604
YLR163C	YOR140W	0.572332						0.000000	-3.000000	0.001624
YIL010W	YBL021C	0.572313						0.000000	-3.000000	0.001039
YPL143W	YOL028C	0.572312						0.000000	3.000000	0.001174
YNL007C	YCR065W	0.572290						0.000000	-3.000000	0.001570
YBR079C	YDL106C	0.572279						0.000000	3.000000	0.001615
YEL058W	YKL032C	0.572252						0.000000	3.000000	0.001648
YHR037W	YDR034C	0.572251						0.000000	3.000000	0.001380
YML130C	YPL230W	0.572249						0.000000	3.000000	0.000945
YIR038C	YLR256W	0.572244	0.000000	0.105634	0.189607	0.124484	0.135678	0.000000	-3.000000	0.001007
YHR203C	YDR253C	0.572240	0.000000	0.105551	0.189607	0.124421	0.135610	0.000000	-3.000000	0.001150
YDR141C	YJR127C	0.572213						0.000000	3.000000	0.001738
YMR189W	YDR421W	0.572209	0.000000	0.105469	0.189607	0.124358	0.135542	0.000000	3.000000	0.001760
YGL068W	YGL096W	0.572178						0.000000	3.000000	0.001753
YFR050C	YDR174W	0.572142						0.000000	3.000000	0.000762
YMR230W	YHR006W	0.572142	0.000000	0.105386	0.189607	0.124295	0.135474	0.000000	3.000000	0.001592
YJL159W	YDR034C	0.572131						0.000000	3.000000	0.001298
YHL021C	YDR207C	0.572112						0.000000	3.000000	0.001420
YLR058C	YPR009W	0.572102						0.000000	3.000000	0.001219
YPR188C	YER088C	0.572092						0.000000	3.000000	0.001640
YMR054W	YJR127C	0.572087						0.000000	3.000000	0.001556
YPR074C	YHL027W	0.572084						0.000000	-3.000000	0.001597
YLL039C	YIR023W	0.572074	0.000000	0.105304	0.189607	0.124232	0.135406	0.000000	3.000000	0.001560
YHR113W	YIR023W	0.572062						0.000000	3.000000	0.001293
YJL177W	YDR146C	0.572046						0.000000	-3.000000	0.001653
YOR261C	YER088C	0.572027						0.000000	3.000000	0.001650
YBR171W	YFR034C	0.572017						0.000000	3.000000	0.001428
YMR188C	YGL071W	0.572002						0.000000	3.000000	0.001368
YER083C	YDR207C	0.571982						0.000000	3.000000	0.001626
YDR202C	YKL020C	0.571979						0.000000	3.000000	0.001209
YMR238W	YCR065W	0.571976						0.000000	3.000000	0.001604
YPL213W	YJR127C	0.571975						0.000000	3.000000	0.001118
YOL119C	YDR034C	0.571929						0.000000	3.000000	0.001588
YDR465C	YNL068C	0.571928						0.000000	3.000000	0.001615
YBR111C	YGL013C	0.571896						0.000000	3.000000	0.001339
YDR322W	YJL056C	0.571894						0.000000	3.000000	0.001364
YDL053C	YCR084C	0.571879						0.000000	-3.000000	0.001077
YER048C	YHL009C	0.571878						0.000000	3.000000	0.001265
YFL018C	YER088C	0.571867						0.000000	3.000000	0.001110
YOR198C	YOR162C	0.571859						0.000000	3.000000	0.001275
YER057C	YNL103W	0.571850						0.000000	-3.000000	0.001014
YDL082W	YDR423C	0.571818						0.000000	-3.000000	0.001533
YOR027W	YGL013C	0.571782	0.000000	0.105222	0.189607	0.124169	0.135338	0.000000	3.000000	0.001459
YMR189W	YLR228C	0.571772	0.000000	0.105140	0.189607	0.124107	0.135271	0.000000	3.000000	0.000709
YJL012C	YMR042W	0.571758						0.000000	-3.000000	0.001215
YJL117W	YPR104C	0.571757						0.000000	3.000000	0.001615
YLR109W	YMR021C	0.571757	0.000000	0.105058	0.189607	0.124044	0.135203	0.000000	3.000000	0.001261
YMR136W	YBR066C	0.571752						0.000000	3.000000	0.001496
YLR065C	YDR451C	0.571722						0.000000	3.000000	0.001531
YOL048C	YKL032C	0.571711						0.000000	3.000000	0.001399
YDL131W	YHL027W	0.571708						0.000000	-3.000000	0.001060
YIL009C-A	YKR034W	0.571702						0.000000	3.000000	0.000673
YNL084C	YDR174W	0.571699						0.000000	3.000000	0.001549
YGR118W	YNL314W	0.571694						0.000000	3.000000	0.001391
YML055W	YPR009W	0.571674						0.000000	3.000000	0.001606
YML042W	YML007W	0.571673						0.000000	3.000000	0.001275
YOL016C	YBR066C	0.571623						0.000000	3.000000	0.001568
YKL137W	YPR008W	0.571610						0.000000	3.000000	0.001270
YPL010W	YEL009C	0.571601						0.000000	3.000000	0.001025
YEL011W	YPL230W	0.571599						0.000000	3.000000	0.000808
YNL322C	YGL013C	0.571572						0.000000	3.000000	0.001303
YEL038W	YDR174W	0.571547						0.000000	3.000000	0.000671
YOR382W	YNL103W	0.571537						0.000000	-3.000000	0.000599
YGR282C	YIL119C	0.571537						0.000000	3.000000	0.001511
YDL236W	YDL048C	0.571500						0.000000	3.000000	0.001575
YIL035C	YIL119C	0.571496						0.000000	3.000000	0.001217
YJR118C	YKL043W	0.571475						0.000000	3.000000	0.001218
YNL071W	YDR174W	0.571463						0.000000	3.000000	0.001576
YHR056C	YDR123C	0.571457						0.000000	-3.000000	0.001347
YJL122W	YBR083W	0.571434						0.000000	-3.000000	0.001121
YOR210W	YDL048C	0.571428						0.000000	3.000000	0.001561
YJL117W	YIR018W	0.571391						0.000000	3.000000	0.001214
YDR429C	YMR042W	0.571314						0.000000	-3.000000	0.001276
YDR322W	YGL073W	0.571310						0.000000	3.000000	0.001227
YHR135C	YCR065W	0.571308						0.000000	3.000000	0.001563
YLR208W	YDR174W	0.571302						0.000000	3.000000	0.001014
YER083C	YDR421W	0.571296						0.000000	3.000000	0.000948
YLR150W	YKL112W	0.571296						0.000000	3.000000	0.001561
YKL146W	YPL230W	0.571293						0.000000	3.000000	0.001022
YGL008C	YKL043W	0.571286						0.000000	3.000000	0.001241
YML069W	YDR451C	0.571258						0.000000	3.000000	0.000968
YBR025C	YMR037C	0.571253						1.000000	3.000000	0.001339
YDR055W	YBL103C	0.571240	0.000000	0.104977	0.189607	0.123982	0.135135	0.000000	3.000000	0.000984
YNL156C	YKL032C	0.571233						0.000000	3.000000	0.001227
YIR030C	YDR034C	0.571225						0.000000	3.000000	0.001284
YNL175C	YPL089C	0.571217						0.000000	-3.000000	0.001237
YOR272W	YBR083W	0.571197	0.000000	0.104895	0.189607	0.123919	0.135068	0.000000	-3.000000	0.001521
YGL106W	YDR421W	0.571187						0.000000	3.000000	0.000862
YHL001W	YDL106C	0.571182						0.000000	3.000000	0.000946
YDR016C	YDR259C	0.571170						0.000000	3.000000	0.001176
YDR016C	YDR207C	0.571160						0.000000	3.000000	0.001527
YHR147C	YOL067C	0.571151						0.000000	3.000000	0.001231
YGL219C	YJL056C	0.571147						0.000000	3.000000	0.001142
YGR124W	YPL075W	0.571127						0.000000	3.000000	0.001278
YBR218C	YHL009C	0.571123						0.000000	3.000000	0.001012
YDR016C	YMR021C	0.571122						0.000000	3.000000	0.001103
YDL198C	YDL170W	0.571114	0.000000	0.104814	0.189607	0.123857	0.135000	0.000000	-3.000000	0.000943
YER148W	YPL230W	0.571101						0.000000	3.000000	0.001407
YDL100C	YMR070W	0.571099						0.000000	3.000000	0.000996
YAR002C-A	YCR065W	0.571098						0.000000	3.000000	0.001353
YDR411C	YPR008W	0.571077						0.000000	3.000000	0.001314
YNR035C	YDR207C	0.571062						0.000000	3.000000	0.001544
YOL005C	YLR176C	0.571056						0.000000	-3.000000	0.001466
YLR104W	YPR009W	0.571029						0.000000	3.000000	0.000840
YOL026C	YDR207C	0.571005						0.000000	3.000000	0.001031
YDR079W	YOL108C	0.571000						0.000000	3.000000	0.001138
YJL014W	YMR043W	0.570998						0.000000	-3.000000	0.001167
YPL048W	YPL202C	0.570983						0.000000	-3.000000	0.001294
YDL147W	YLR176C	0.570977						0.000000	-3.000000	0.001375
YGR174C	YGL237C	0.570976						0.000000	3.000000	0.000820
YPL053C	YDL048C	0.570963						0.000000	3.000000	0.001136
YHR200W	YOL089C	0.570944						0.000000	-3.000000	0.001336
YGR231C	YGL237C	0.570913						0.000000	3.000000	0.001023
YFR044C	YGL013C	0.570910						0.000000	3.000000	0.001234
YFR032C-A	YHR006W	0.570909						0.000000	-3.000000	0.001362
YOR276W	YNL314W	0.570901						0.000000	3.000000	0.001181
YJR152W	YLR228C	0.570894	0.000000	0.104732	0.189607	0.123794	0.134933	0.000000	3.000000	0.001313
YMR183C	YDR034C	0.570892						0.000000	3.000000	0.001313
YKR096W	YJR127C	0.570889						0.000000	3.000000	0.001368
YLR065C	YFR034C	0.570879						0.000000	3.000000	0.001533
YKR088C	YIL119C	0.570872						0.000000	3.000000	0.000801
YPR006C	YGL237C	0.570848	0.000000	0.104651	0.189607	0.123732	0.134865	0.000000	3.000000	0.001113
YER133W	YDR174W	0.570828						0.000000	3.000000	0.001434
YDR079W	YOR140W	0.570825						0.000000	-3.000000	0.001400
YJL014W	YDR451C	0.570816						0.000000	3.000000	0.001155
YJL080C	YOL028C	0.570810						0.000000	3.000000	0.000976
YMR292W	YKL185W	0.570805						0.000000	3.000000	0.001008
YML129C	YGL073W	0.570805						0.000000	3.000000	0.000794
YDR007W	YNL103W	0.570785						0.000000	-3.000000	0.001093
YOR089C	YGL096W	0.570759						0.000000	3.000000	0.001227
YGL001C	YML007W	0.570748						1.000000	-3.000000	0.001163
YJR094W-A	YNL027W	0.570741	0.000000	0.104570	0.189607	0.123670	0.134798	0.000000	3.000000	0.001360
YKL104C	YIL119C	0.570737						0.000000	3.000000	0.001465
YDR511W	YML007W	0.570729						0.000000	3.000000	0.001070
YLR074C	YBR083W	0.570725	0.000000	0.104489	0.189607	0.123608	0.134731	0.000000	-3.000000	0.001108
YIL121W	YGR249W	0.570724						0.000000	-3.000000	0.001194
YDR208W	YIL119C	0.570687						0.000000	3.000000	0.001375
YLR438C-A	YGL096W	0.570670						0.000000	3.000000	0.001189
YIL010W	YMR021C	0.570662						0.000000	3.000000	0.001274
YDR085C	YPR008W	0.570660						0.000000	3.000000	0.001228
YLR435W	YPR104C	0.570658						0.000000	3.000000	0.001058
YNL056W	YIL119C	0.570657						0.000000	3.000000	0.001230
YGR240C	YGR249W	0.570657						0.000000	-3.000000	0.001469
YGL121C	YOR140W	0.570649						0.000000	-3.000000	0.000749
YER056C-A	YBR239C	0.570645						0.000000	-3.000000	0.001362
YIL088C	YMR021C	0.570641						0.000000	3.000000	0.001321
YJL138C	YBR066C	0.570634						0.000000	3.000000	0.001303
YDL081C	YNL314W	0.570619						0.000000	3.000000	0.001379
YER019C-A	YDR253C	0.570618						1.000000	-3.000000	0.000674
YIL057C	YKL062W	0.570616						1.000000	3.000000	0.001213
YDR177W	YCR084C	0.570594						0.000000	-3.000000	0.000700
YDR388W	YBL021C	0.570582						0.000000	-3.000000	0.001242
YMR071C	YGL013C	0.570568						0.000000	3.000000	0.000760
YIL041W	YDR174W	0.570539						0.000000	3.000000	0.001025
YLR060W	YKL112W	0.570534						0.000000	3.000000	0.001006
YHR042W	YDL056W	0.570526						0.000000	3.000000	0.000921
YEL002C	YDR174W	0.570518						0.000000	3.000000	0.000877
YLR153C	YJR127C	0.570499						0.000000	3.000000	0.000661
YOL092W	YIR018W	0.570428						0.000000	3.000000	0.000753
YOR025W	YBR066C	0.570422						0.000000	3.000000	0.001315
YKL086W	YMR021C	0.570416	0.000000	0.104408	0.189607	0.123546	0.134663	0.000000	3.000000	0.000992
YGL231C	YOL089C	0.570414						0.000000	-3.000000	0.001124
YDR098C	YMR043W	0.570402						0.000000	-3.000000	0.000808
YNL044W	YDL170W	0.570401						0.000000	-3.000000	0.000651
YJL097W	YDR421W	0.570381						0.000000	3.000000	0.001259
YGR248W	YLR256W	0.570370	0.000000	0.104328	0.189607	0.123484	0.134596	0.000000	-3.000000	0.000977
YHR051W	YGL237C	0.570369	1.000000	0.105019	0.191011	0.124485	0.135526	0.000000	3.000000	0.000942
YPR060C	YBL005W	0.570362						0.000000	3.000000	0.001324
YLR250W	YKL032C	0.570362						0.000000	3.000000	0.001167
YEL002C	YFL031W	0.570345						0.000000	3.000000	0.000880
YNL141W	YDR423C	0.570342						0.000000	-3.000000	0.000897
YBR092C	YDR146C	0.570317						0.000000	-3.000000	0.001220
YEL051W	YMR070W	0.570309						0.000000	3.000000	0.000926
YDL198C	YKL032C	0.570285	0.000000	0.104938	0.191011	0.124423	0.135458	0.000000	3.000000	0.000792
YDR486C	YGL166W	0.570281						0.000000	3.000000	0.000824
YBR120C	YGL073W	0.570280						0.000000	3.000000	0.001249
YKL003C	YGL013C	0.570272						0.000000	3.000000	0.001198
YOR036W	YER088C	0.570258						0.000000	3.000000	0.000637
YPL249C-A	YHR124W	0.570251						0.000000	-3.000000	0.001334
YJL014W	YFR034C	0.570240						0.000000	3.000000	0.000968
YEL058W	YDR421W	0.570206						0.000000	3.000000	0.001046
YLR043C	YDR207C	0.570183						0.000000	3.000000	0.000954
YIL065C	YJL056C	0.570160						0.000000	3.000000	0.001219
YNR053C	YOR363C	0.570153						0.000000	3.000000	0.000832
YLR332W	YBR066C	0.570148						0.000000	3.000000	0.000959
YER018C	YDR421W	0.570133						0.000000	3.000000	0.001396
YBL022C	YMR019W	0.570106						0.000000	3.000000	0.001031
YHR064C	YPR065W	0.570100						0.000000	3.000000	0.000805
YPL198W	YOR363C	0.570099	0.000000	0.104857	0.191011	0.124361	0.135391	0.000000	3.000000	0.001145
YOR042W	YGL237C	0.570097						0.000000	3.000000	0.000933
YBR011C	YGL209W	0.570097						0.000000	3.000000	0.001015
YLR284C	YDR423C	0.570094						0.000000	3.000000	0.000885
YBR172C	YDL048C	0.570090						0.000000	3.000000	0.001109
YJL140W	YGL013C	0.570085						0.000000	3.000000	0.001241
YPL196W	YGL237C	0.570072						0.000000	3.000000	0.001368
YNL268W	YPR008W	0.570067						0.000000	3.000000	0.001216
YGR121C	YKR034W	0.570061						0.000000	3.000000	0.000681
YOR206W	YOL108C	0.570059						1.000000	3.000000	0.001269
YOL097C	YOR363C	0.570054						0.000000	3.000000	0.000898
YLR261C	YML081W	0.570048						0.000000	3.000000	0.001367
YGL027C	YHR084W	0.570034						1.000000	3.000000	0.000680
YIL074C	YLR176C	0.570030	0.000000	0.104777	0.191011	0.124299	0.135323	0.000000	-3.000000	0.001064
YER094C	YDR207C	0.570027	0.000000	0.104696	0.191011	0.124236	0.135256	0.000000	3.000000	0.000821
YBR047W	YNL103W	0.569966						0.000000	-3.000000	0.000874
YCR028C-A	YDR174W	0.569961						0.000000	3.000000	0.000843
YKL180W	YDR146C	0.569947	0.000000	0.104615	0.191011	0.124174	0.135189	0.000000	3.000000	0.001227
YJL130C	YGL209W	0.569943						0.000000	3.000000	0.001407
YMR121C	YDR174W	0.569939						0.000000	3.000000	0.000666
YHR029C	YLR228C	0.569933						0.000000	3.000000	0.000953
YLR300W	YNL216W	0.569932						1.000000	3.000000	0.000989
YNL016W	YFR034C	0.569921						0.000000	3.000000	0.001183
YLR097C	YIL119C	0.569903						0.000000	3.000000	0.001209
YBR145W	YKR034W	0.569888						0.000000	3.000000	0.000999
YBR221C	YDR034C	0.569888						0.000000	3.000000	0.001264
YJL117W	YBL005W	0.569887						0.000000	3.000000	0.000612
YBL090W	YML081W	0.569881						0.000000	3.000000	0.001070
YDL091C	YPL230W	0.569879						0.000000	3.000000	0.001181
YML116W	YOR028C	0.569855						1.000000	3.000000	0.001028
YOR323C	YMR070W	0.569847						0.000000	3.000000	0.000837
YLL014W	YDR207C	0.569845						0.000000	3.000000	0.001037
YER142C	YDR207C	0.569828	0.000000	0.104535	0.191011	0.124113	0.135122	0.000000	3.000000	0.000715
YER056C	YFL021W	0.569826						0.000000	3.000000	0.000859
YBR249C	YKL038W	0.569811						0.000000	3.000000	0.000818
YDR023W	YBR239C	0.569806						0.000000	-3.000000	0.001108
YPR187W	YLR098C	0.569797						0.000000	-3.000000	0.000732
YLR437C	YDL170W	0.569796						0.000000	-3.000000	0.000736
YHR203C	YHR006W	0.569788	0.000000	0.104455	0.191011	0.124051	0.135055	0.000000	-3.000000	0.001117
YDR379C-A	YDR207C	0.569774						0.000000	3.000000	0.000825
YHR121W	YGR044C	0.569772						0.000000	-3.000000	0.001052
YOR155C	YNL103W	0.569748						0.000000	-3.000000	0.000779
YBR252W	YJL089W	0.569746						0.000000	3.000000	0.000747
YMR121C	YLR013W	0.569742						0.000000	3.000000	0.000910
YMR217W	YNL027W	0.569733						0.000000	-3.000000	0.001262
YCR069W	YML027W	0.569702						0.000000	3.000000	0.001037
YLR390W-A	YDL048C	0.569700						0.000000	3.000000	0.000892
YDL078C	YGL073W	0.569697						0.000000	3.000000	0.000726
YBR036C	YDR034C	0.569684						0.000000	3.000000	0.001120
YDL052C	YCR065W	0.569682						0.000000	3.000000	0.001023
YJL104W	YBL021C	0.569640						0.000000	-3.000000	0.001206
YOL082W	YPL177C	0.569623						0.000000	-3.000000	0.001095
YKR057W	YDR146C	0.569615	0.000000	0.104375	0.191011	0.123989	0.134988	0.000000	3.000000	0.001216
YKL195W	YPL230W	0.569600						0.000000	3.000000	0.001314
YNL084C	YGL013C	0.569590						0.000000	3.000000	0.000927
YHR049W	YPR065W	0.569587						0.000000	3.000000	0.001032
Q0130	YML007W	0.569578						0.000000	3.000000	0.000960
YKL127W	YIR017C	0.569574						0.000000	3.000000	0.000588
YLR447C	YLR228C	0.569570	0.000000	0.104294	0.191011	0.123927	0.134921	0.000000	3.000000	0.000788
YKL120W	YIL119C	0.569569						0.000000	3.000000	0.001261
YEL040W	YOL116W	0.569552	0.000000	0.104215	0.191011	0.123865	0.134854	0.000000	-3.000000	0.000881
YLR342W	YDL170W	0.569548						0.000000	-3.000000	0.000821
YLR388W	YAL051W	0.569546	0.000000	0.104135	0.191011	0.123804	0.134787	0.000000	-3.000000	0.001013
YHR056C	YBR066C	0.569544						0.000000	3.000000	0.001155
YOR298C-A	YDR310C	0.569532						0.000000	3.000000	0.000840
YGL157W	YGL209W	0.569531						0.000000	3.000000	0.001136
YOR276W	YOR344C	0.569531						0.000000	3.000000	0.000822
YLR099W-A	YDR421W	0.569514						0.000000	3.000000	0.000750
YER095W	YKL020C	0.569504						0.000000	3.000000	0.001077
YLR256W	YKL032C	0.569489						0.000000	3.000000	0.000982
YOR355W	YML081W	0.569485						0.000000	3.000000	0.001044
YDR168W	YPR008W	0.569470						0.000000	3.000000	0.000805
YBR126C	YKL020C	0.569469						0.000000	3.000000	0.000791
YNL281W	YHR178W	0.569466	0.000000	0.104055	0.191011	0.123742	0.134720	0.000000	3.000000	0.001068
YMR131C	YOR363C	0.569459						0.000000	3.000000	0.001020
YHR209W	YKR034W	0.569450						0.000000	3.000000	0.001041
YHL002W	YPR008W	0.569446						0.000000	3.000000	0.000800
YBL076C	YBL005W	0.569442						0.000000	3.000000	0.001173
YNL084C	YNL103W	0.569428						0.000000	-3.000000	0.001137
YBR058C-A	YNL103W	0.569415						0.000000	-3.000000	0.001232
YMR056C	YJL056C	0.569411						0.000000	3.000000	0.000971
YER148W	YKL020C	0.569408						0.000000	3.000000	0.000591
YDR432W	YMR070W	0.569382						0.000000	3.000000	0.001053
YDR339C	YLR176C	0.569382						0.000000	-3.000000	0.000901
YER026C	YGL013C	0.569374						0.000000	3.000000	0.000972
YKL087C	YPL230W	0.569362						0.000000	3.000000	0.001007
YGL106W	YDR207C	0.569346						0.000000	3.000000	0.000672
YLR048W	YDR423C	0.569344	0.000000	0.103976	0.191011	0.123681	0.134653	0.000000	-3.000000	0.001092
YLR241W	YIL119C	0.569335						0.000000	3.000000	0.000920
YML110C	YOR140W	0.569329						0.000000	-3.000000	0.000623
YFR015C	YER088C	0.569327						0.000000	3.000000	0.000862
YBR177C	YDR174W	0.569311						0.000000	3.000000	0.000773
YNL154C	YGL209W	0.569309						0.000000	3.000000	0.001012
YOR198C	YOL089C	0.569302						0.000000	-3.000000	0.000965
YFR004W	YGL013C	0.569292	0.000000	0.103896	0.191011	0.123619	0.134587	0.000000	3.000000	0.000644
YBL001C	YDR207C	0.569287						0.000000	3.000000	0.000734
YKR092C	YNL027W	0.569287						0.000000	-3.000000	0.000932
YBR003W	YPR008W	0.569281						0.000000	3.000000	0.001075
YDR234W	YDL048C	0.569280						0.000000	3.000000	0.000990
YBR185C	YPR008W	0.569269						0.000000	3.000000	0.001060
YOR046C	YPR104C	0.569260						0.000000	3.000000	0.000761
YBL047C	YDR421W	0.569254						0.000000	3.000000	0.000950
YPR110C	YOR363C	0.569250						0.000000	3.000000	0.001139
YBL076C	YDR253C	0.569247						0.000000	-3.000000	0.000995
YDL237W	YDR463W	0.569233						0.000000	-3.000000	0.000972
YDR177W	YDR043C	0.569227						0.000000	3.000000	0.000843
YMR174C	YCR084C	0.569214						0.000000	-3.000000	0.000755
YLR061W	YNL216W	0.569199						1.000000	3.000000	0.000867
YCR046C	YGL096W	0.569189						0.000000	3.000000	0.001044
YPL198W	YIL101C	0.569187	0.000000	0.103817	0.191011	0.123558	0.134520	0.000000	-3.000000	0.000830
YGL181W	YDR207C	0.569187						0.000000	3.000000	0.001008
YBL064C	YOR140W	0.569170						0.000000	-3.000000	0.001164
YPR188C	YBR066C	0.569167						0.000000	3.000000	0.000706
YPR149W	YLR256W	0.569164						0.000000	-3.000000	0.001113
YDL171C	YJR060W	0.569155						1.000000	3.000000	0.000700
YPL013C	YGL013C	0.569149						0.000000	3.000000	0.000970
YMR123W	YBR239C	0.569134						0.000000	-3.000000	0.000976
YLR089C	YDL170W	0.569114						0.000000	-3.000000	0.000939
YHL016C	YKL032C	0.569091						0.000000	3.000000	0.001174
YER141W	YCR084C	0.569085						0.000000	-3.000000	0.001088
YDR033W	YHR084W	0.569061						1.000000	3.000000	0.000573
YAL053W	YKL032C	0.569056						0.000000	3.000000	0.000987
YER048W-A	YDR207C	0.569030						0.000000	3.000000	0.001007
YNL138W	YDR174W	0.569023						0.000000	3.000000	0.000667
YBL102W	YBL021C	0.569022	0.000000	0.103738	0.191011	0.123497	0.134454	0.000000	-3.000000	0.000896
YLL018C	YBL021C	0.568996						0.000000	-3.000000	0.000995
YAL025C	YNL027W	0.568985						0.000000	-3.000000	0.001048
YAL039C	YOR028C	0.568965						0.000000	3.000000	0.000920
YLR432W	YMR042W	0.568962						0.000000	-3.000000	0.000906
YGR284C	YNL103W	0.568953						0.000000	-3.000000	0.000657
YCR046C	YGL013C	0.568950						0.000000	3.000000	0.000922
YJL140W	YGL073W	0.568940						0.000000	3.000000	0.001010
YBR006W	YGL013C	0.568930						0.000000	3.000000	0.001143
YKL142W	YJR127C	0.568900						0.000000	3.000000	0.001029
YKL181W	YLR098C	0.568877						0.000000	-3.000000	0.000946
YBR282W	YHL009C	0.568855						0.000000	3.000000	0.000570
YPR058W	YMR021C	0.568840	0.000000	0.103659	0.191011	0.123436	0.134387	0.000000	3.000000	0.000785
YNL162W	YHR124W	0.568831						0.000000	-3.000000	0.001158
YJR025C	YDR034C	0.568824						0.000000	3.000000	0.000832
YML077W	YML081W	0.568824						0.000000	3.000000	0.000813
YDR530C	YOR140W	0.568810						0.000000	-3.000000	0.000739
YFR050C	YGL096W	0.568808						0.000000	3.000000	0.000750
YDR019C	YJR127C	0.568800						0.000000	3.000000	0.000875
YJL192C	YBR066C	0.568791						0.000000	3.000000	0.000674
YBR244W	YPL133C	0.568785						0.000000	-3.000000	0.000633
YML081C-A	YCR084C	0.568780						0.000000	-3.000000	0.001154
YOR007C	YDR174W	0.568777						0.000000	3.000000	0.001003
YLR259C	YER088C	0.568754						0.000000	3.000000	0.000892
YHR072W-A	YLR098C	0.568746						0.000000	-3.000000	0.000932
YMR297W	YIR023W	0.568741						0.000000	3.000000	0.000749
YBR109C	YNL103W	0.568712						0.000000	-3.000000	0.000897
YNL241C	YIR023W	0.568681						0.000000	3.000000	0.001111
YPL273W	YOL028C	0.568674						0.000000	3.000000	0.000870
YEL027W	YGL209W	0.568662						0.000000	3.000000	0.000822
YCL035C	YOR162C	0.568661						1.000000	3.000000	0.000857
YDR204W	YPL202C	0.568641						0.000000	-3.000000	0.001114
YNL137C	YDL048C	0.568636						0.000000	3.000000	0.000793
YGR082W	YIL036W	0.568631						0.000000	3.000000	0.001005
YPL078C	YOL067C	0.568578						0.000000	3.000000	0.000851
YDR119W-A	YOR140W	0.568566						0.000000	-3.000000	0.001123
YNL248C	YNL027W	0.568544						0.000000	-3.000000	0.000841
YHR190W	YKL032C	0.568543						0.000000	3.000000	0.000958
YFR017C	YGL013C	0.568533	0.000000	0.103580	0.191011	0.123374	0.134321	0.000000	3.000000	0.000736
YPL189C-A	YMR016C	0.568531						0.000000	3.000000	0.000837
YDL226C	YIL119C	0.568527						0.000000	3.000000	0.001165
YBL089W	YKR034W	0.568526						0.000000	3.000000	0.000652
YEL027W	YDL048C	0.568520						0.000000	3.000000	0.000728
YGR185C	YKL038W	0.568509	0.000000	0.103501	0.191011	0.123313	0.134255	0.000000	3.000000	0.000989
YEL001C	YEL009C	0.568506						0.000000	3.000000	0.000718
YJR064W	YIR018W	0.568499						0.000000	3.000000	0.000742
YOR202W	YDL020C	0.568494						0.000000	3.000000	0.000971
YER065C	YOL067C	0.568493						0.000000	-3.000000	0.000849
YBR147W	YBR066C	0.568484						0.000000	3.000000	0.000634
YML069W	YLR013W	0.568474						0.000000	3.000000	0.000623
YMR040W	YPL230W	0.568469						0.000000	3.000000	0.000701
YNR049C	YDL048C	0.568468						0.000000	3.000000	0.000885
YPR041W	YGL209W	0.568467						0.000000	3.000000	0.000955
YJL026W	YPL202C	0.568463	0.000000	0.103422	0.191011	0.123252	0.134188	0.000000	-3.000000	0.000933
YER094C	YNL103W	0.568461	0.000000	0.103343	0.191011	0.123191	0.134122	0.000000	-3.000000	0.000694
YLR244C	YPR104C	0.568448						0.000000	3.000000	0.000724
YHR181W	YIR033W	0.568438						0.000000	3.000000	0.000921
YMR146C	YKL038W	0.568401						0.000000	3.000000	0.000832
YDR168W	YDR034C	0.568375						0.000000	3.000000	0.001083
YNL189W	YLR013W	0.568369						0.000000	3.000000	0.000676
YNL045W	YKL020C	0.568366						0.000000	3.000000	0.000597
YOR161C	YML007W	0.568366						1.000000	3.000000	0.000765
YPL078C	YGL013C	0.568359						0.000000	3.000000	0.000898
YMR110C	YEL009C	0.568338						1.000000	3.000000	0.001016
YOR157C	YLR176C	0.568324						0.000000	-3.000000	0.000688
YNL202W	YAL051W	0.568304						0.000000	3.000000	0.000687
YBL076C	YNL314W	0.568276						0.000000	3.000000	0.000709
YCL034W	YDR034C	0.568275						0.000000	3.000000	0.000693
YMR241W	YBR182C	0.568261						0.000000	-3.000000	0.000727
YDR377W	YOL108C	0.568253						0.000000	3.000000	0.000738
YGR248W	YOR140W	0.568237						0.000000	-3.000000	0.000882
YOL108C	YDL048C	0.568224						0.000000	3.000000	0.000896
YOR120W	YGL013C	0.568215						0.000000	3.000000	0.000870
YDR487C	YMR021C	0.568214						0.000000	3.000000	0.000941
YHR013C	YOL028C	0.568207						0.000000	3.000000	0.001066
YAL060W	YPL230W	0.568181						0.000000	3.000000	0.000803
YKL099C	YLR098C	0.568177						0.000000	-3.000000	0.000994
YDR236C	YNL103W	0.568173						0.000000	-3.000000	0.001000
YDL100C	YDR207C	0.568147						0.000000	3.000000	0.000865
YJR074W	YGL166W	0.568143						0.000000	3.000000	0.000933
YJR009C	YPL075W	0.568116						0.000000	-3.000000	0.000986
YJL184W	YER088C	0.568105						0.000000	3.000000	0.000754
YOR232W	YGL237C	0.568102						0.000000	3.000000	0.000805
YBR169C	YOR140W	0.568101						0.000000	-3.000000	0.000883
YDR379C-A	YLR451W	0.568066						0.000000	-3.000000	0.000851
YPL183W-A	YDR207C	0.568041						0.000000	3.000000	0.000872
YOR133W	YCR065W	0.568009						0.000000	3.000000	0.001018
YJL189W	YDL048C	0.568009						0.000000	3.000000	0.000569
YIL145C	YMR021C	0.567997						0.000000	3.000000	0.000929
YFR025C	YDR259C	0.567987						0.000000	3.000000	0.000749
YDL185W	YIR017C	0.567986						0.000000	3.000000	0.000863
YHR209W	YBR083W	0.567985						0.000000	3.000000	0.000914
YLR154W-C	YBL021C	0.567979						0.000000	3.000000	0.001073
YFR052W	YDR174W	0.567964						0.000000	3.000000	0.000806
YKL196C	YDR174W	0.567956						0.000000	3.000000	0.000987
YDR034C	YER088C	0.567954						0.000000	3.000000	0.000805
YDL195W	YIR017C	0.567935						0.000000	3.000000	0.001007
YLR244C	YOR363C	0.567929						0.000000	3.000000	0.000905
YGL008C	YGL209W	0.567929						0.000000	3.000000	0.000765
YOR286W	YBL021C	0.567926						0.000000	-3.000000	0.000692
YNL244C	YPR009W	0.567920						0.000000	3.000000	0.000971
YLR301W	YHR206W	0.567917						0.000000	3.000000	0.000823
YGL006W	YPL230W	0.567907						0.000000	3.000000	0.000999
YGR185C	YGR044C	0.567896						0.000000	-3.000000	0.000659
YAL030W	YER088C	0.567887						0.000000	3.000000	0.000971
YGL208W	YJL056C	0.567882						0.000000	3.000000	0.000691
YBL076C	YOL028C	0.567872						0.000000	3.000000	0.000758
YJR105W	YGL209W	0.567861						0.000000	3.000000	0.000826
YGL157W	YGR249W	0.567860						0.000000	-3.000000	0.000765
YGR267C	YNL103W	0.567854	0.000000	0.103265	0.191011	0.123130	0.134056	0.000000	-3.000000	0.000970
YAL025C	YBR239C	0.567848						0.000000	-3.000000	0.000890
YPR023C	YPL202C	0.567846						0.000000	-3.000000	0.000964
YDR427W	YDR034C	0.567831						0.000000	3.000000	0.000601
YJR080C	YGL013C	0.567824						0.000000	3.000000	0.001017
YMR300C	YDL048C	0.567824						0.000000	3.000000	0.000626
YLR268W	YMR070W	0.567819	0.000000	0.103187	0.191011	0.123070	0.133990	0.000000	3.000000	0.000980
YNL239W	YKL032C	0.567799						0.000000	3.000000	0.000754
YNL063W	YKL062W	0.567795						1.000000	3.000000	0.000995
YBR080C	YNL103W	0.567778						0.000000	-3.000000	0.000939
YEL060C	YIL119C	0.567772						0.000000	3.000000	0.000602
YCL057W	YNL103W	0.567767						0.000000	-3.000000	0.000801
YOR006C	YML081W	0.567761						0.000000	3.000000	0.000963
YDR092W	YDR207C	0.567759						0.000000	3.000000	0.000893
YHL001W	YIL101C	0.567758						0.000000	-3.000000	0.000838
YGR161C	YBR066C	0.567753						0.000000	3.000000	0.000898
YER012W	YDR174W	0.567749						0.000000	3.000000	0.000775
YBR162C	YIR017C	0.567732						0.000000	-3.000000	0.000811
YPR194C	YDL170W	0.567729						0.000000	-3.000000	0.000841
YBR248C	YJR060W	0.567723						1.000000	3.000000	0.000656
YNL149C	YOL116W	0.567720						0.000000	-3.000000	0.000826
YPR036W	YKL020C	0.567717						0.000000	3.000000	0.000913
YHR196W	YPR104C	0.567715						0.000000	3.000000	0.000825
YDR508C	YDR123C	0.567714						0.000000	-3.000000	0.000764
YDR483W	YPR008W	0.567708						0.000000	3.000000	0.000706
YML074C	YOL089C	0.567704						0.000000	-3.000000	0.000807
YML057W	YKL062W	0.567701						1.000000	-3.000000	0.000659
YER145C	YKL038W	0.567693	0.000000	0.103108	0.191011	0.123009	0.133924	0.000000	3.000000	0.000962
YHR025W	YDR174W	0.567692						0.000000	3.000000	0.000733
YPR140W	YJR127C	0.567674						0.000000	3.000000	0.000644
YMR318C	YMR070W	0.567657						0.000000	3.000000	0.000836
YPL015C	YDR034C	0.567656						0.000000	3.000000	0.000882
YOR230W	YJR127C	0.567654						0.000000	3.000000	0.000686
YPL135W	YGL013C	0.567645						0.000000	3.000000	0.000708
YLR250W	YGL096W	0.567631						0.000000	3.000000	0.000709
YJL155C	YDR207C	0.567631						0.000000	3.000000	0.000597
YDL131W	YDR123C	0.567621						0.000000	3.000000	0.000913
YLR356W	YCR084C	0.567615						0.000000	-3.000000	0.000787
YER048C	YGL073W	0.567600						0.000000	3.000000	0.000587
YGL198W	YIL119C	0.567599						0.000000	3.000000	0.000744
YEL020W-A	YGL013C	0.567599						0.000000	3.000000	0.000906
YMR193W	YGL073W	0.567578						0.000000	3.000000	0.000856
YDL066W	YDR463W	0.567576						0.000000	-3.000000	0.000777
YJR152W	YDL170W	0.567573	0.000000	0.103030	0.191011	0.122948	0.133858	0.000000	-3.000000	0.000811
YJL111W	YDR520C	0.567566						0.000000	3.000000	0.000974
YLR038C	YOR140W	0.567565						0.000000	-3.000000	0.000786
YLL001W	YPL177C	0.567550						0.000000	-3.000000	0.000629
YNR018W	YOL089C	0.567546						0.000000	-3.000000	0.000763
YPL266W	YHR006W	0.567531						0.000000	-3.000000	0.000834
YJR058C	YNL103W	0.567514						0.000000	-3.000000	0.000851
YLR220W	YGL237C	0.567507						0.000000	3.000000	0.000729
YLR342W	YIR017C	0.567505						0.000000	-3.000000	0.000806
YER023W	YDR174W	0.567504						0.000000	3.000000	0.000708
YER067W	YER088C	0.567498						0.000000	3.000000	0.000708
YNR035C	YGL096W	0.567494						0.000000	3.000000	0.000828
YOR310C	YDR423C	0.567488						0.000000	-3.000000	0.000862
YLR196W	YNL027W	0.567475						0.000000	-3.000000	0.000655
YER087C-B	YPR009W	0.567468						0.000000	3.000000	0.000902
YHL032C	YML007W	0.567467						0.000000	3.000000	0.000713
YFR015C	YPL230W	0.567466						0.000000	3.000000	0.000636
YGL022W	YER088C	0.567460						0.000000	3.000000	0.000612
YMR120C	YFL021W	0.567458						0.000000	3.000000	0.000733
YLR061W	YIL131C	0.567444						1.000000	3.000000	0.000833
YOR340C	YIL101C	0.567443						0.000000	-3.000000	0.000808
YDL125C	YDR207C	0.567427						0.000000	3.000000	0.000719
YNL044W	YPL133C	0.567426						0.000000	-3.000000	0.000867
Q0050	YCR084C	0.567424						0.000000	-3.000000	0.000845
YOR197W	YLR176C	0.567420						0.000000	-3.000000	0.000769
YGL009C	YGL209W	0.567397						0.000000	3.000000	0.000831
YNL098C	YDR174W	0.567394						0.000000	3.000000	0.000618
YER063W	YER088C	0.567393						0.000000	3.000000	0.000775
YPR163C	YLR098C	0.567392						0.000000	-3.000000	0.000703
YKR074W	YPL230W	0.567387						0.000000	3.000000	0.000714
YLR172C	YLR098C	0.567378						0.000000	-3.000000	0.000664
YJL159W	YIL119C	0.567378						0.000000	3.000000	0.000967
YBL089W	YBR066C	0.567378						0.000000	3.000000	0.000926
YOR046C	YPR009W	0.567364						0.000000	3.000000	0.000591
YGR080W	YGL013C	0.567359						0.000000	3.000000	0.000845
YML100W	YER088C	0.567358						0.000000	3.000000	0.000905
YJR045C	YMR037C	0.567354						1.000000	3.000000	0.000671
YJL020C	YGL013C	0.567344						0.000000	3.000000	0.000669
YML110C	YDR034C	0.567342						0.000000	3.000000	0.000855
YDR168W	YBR066C	0.567336						0.000000	3.000000	0.000764
YGR167W	YOR140W	0.567334						0.000000	-3.000000	0.000924
YLR093C	YKL020C	0.567324						0.000000	3.000000	0.000584
YER024W	YCR084C	0.567321						0.000000	-3.000000	0.000901
YLR113W	YDL170W	0.567307						0.000000	3.000000	0.000657
YMR072W	YPR008W	0.567306						0.000000	3.000000	0.000682
YER146W	YOL089C	0.567306						0.000000	-3.000000	0.000734
YNL252C	YML081W	0.567294						0.000000	3.000000	0.000692
YDR098C	YFR034C	0.567289						0.000000	3.000000	0.000864
YGR183C	YOR028C	0.567270						0.000000	3.000000	0.000891
YOR117W	YGL096W	0.567262						0.000000	3.000000	0.000816
YDR001C	YGL013C	0.567251						0.000000	3.000000	0.000763
YBR199W	YPR009W	0.567240						0.000000	3.000000	0.000597
YKL002W	YER088C	0.567239						0.000000	3.000000	0.000884
YJR109C	YDR259C	0.567233						0.000000	3.000000	0.000709
YER122C	YGL209W	0.567224						0.000000	3.000000	0.000956
YJL151C	YOR140W	0.567217						0.000000	-3.000000	0.000704
YJR070C	YDR423C	0.567216						0.000000	-3.000000	0.000824
YDR357C	YML081W	0.567212						0.000000	3.000000	0.000876
YJL110C	YIL119C	0.567204						0.000000	3.000000	0.000888
YCL017C	YKL032C	0.567203						0.000000	3.000000	0.000650
YNL168C	YDR034C	0.567197						0.000000	3.000000	0.000873
YHR013C	YKL038W	0.567190						0.000000	3.000000	0.000648
YBL038W	YGL013C	0.567189						0.000000	3.000000	0.000679
YPL211W	YDR423C	0.567187						0.000000	-3.000000	0.000979
YOR155C	YDR207C	0.567185						0.000000	3.000000	0.000907
YMR184W	YDR207C	0.567167						0.000000	3.000000	0.000607
YLR359W	YGL209W	0.567163						0.000000	3.000000	0.000774
YOR126C	YBR066C	0.567157						0.000000	3.000000	0.000841
YJR063W	YIL101C	0.567153						0.000000	-3.000000	0.000782
YMR148W	YPL202C	0.567138						0.000000	-3.000000	0.000779
YOR317W	YER088C	0.567133						0.000000	3.000000	0.000850
YBR111C	YGL096W	0.567124						0.000000	3.000000	0.000690
YLR193C	YCR084C	0.567122						0.000000	-3.000000	0.000909
YDR245W	YMR164C	0.567114						0.000000	-3.000000	0.000905
YMR236W	YNL103W	0.567113						0.000000	-3.000000	0.000957
YHR008C	YGL073W	0.567108	0.000000	0.102952	0.191011	0.122888	0.133792	0.000000	3.000000	0.000762
YDR519W	YNL103W	0.567106						0.000000	-3.000000	0.000821
YPL173W	YJL056C	0.567105						0.000000	3.000000	0.000701
YLR034C	YML081W	0.567092						0.000000	3.000000	0.000746
YER080W	YPR008W	0.567090						0.000000	3.000000	0.000685
YBR199W	YPR008W	0.567090						0.000000	3.000000	0.000782
YPL123C	YIR023W	0.567079						0.000000	3.000000	0.000578
YJR058C	YDR174W	0.567069						0.000000	3.000000	0.000816
YBR167C	YMR043W	0.567068						1.000000	3.000000	0.000805
YDR073W	YGL209W	0.567064						0.000000	3.000000	0.000788
YBR036C	YGL096W	0.567060						0.000000	3.000000	0.000784
YGR280C	YNL027W	0.567052	0.000000	0.102874	0.191011	0.122827	0.133727	0.000000	-3.000000	0.000890
YMR145C	YCR084C	0.567046						0.000000	-3.000000	0.000760
YKR009C	YOR140W	0.567045						0.000000	-3.000000	0.000745
YIR012W	YPR065W	0.567039						0.000000	3.000000	0.000651
YNL138W	YDR207C	0.567035						0.000000	3.000000	0.000874
YDR377W	YBL021C	0.567027						0.000000	-3.000000	0.000768
YPL106C	YML081W	0.567025						0.000000	3.000000	0.000609
YBR286W	YPR008W	0.567024						0.000000	3.000000	0.000738
YIL078W	YGR044C	0.567020						0.000000	-3.000000	0.000671
YLR061W	YOR344C	0.567012						0.000000	3.000000	0.000803
YJR080C	YOR028C	0.567000						0.000000	3.000000	0.000621
YBR101C	YLR256W	0.566989						0.000000	-3.000000	0.000779
YHR030C	YLR451W	0.566987						0.000000	-3.000000	0.000851
YOR317W	YJR127C	0.566984						0.000000	3.000000	0.000825
YJL060W	YER088C	0.566949						0.000000	3.000000	0.000843
YPL106C	YPL202C	0.566945	0.000000	0.102797	0.191011	0.122766	0.133661	0.000000	-3.000000	0.000627
YBR036C	YPL230W	0.566936						0.000000	3.000000	0.000864
YGR161C	YJR127C	0.566934						0.000000	3.000000	0.000847
YDR496C	YHR124W	0.566934						0.000000	3.000000	0.000768
YEL059C-A	YJR127C	0.566915						0.000000	3.000000	0.000873
YFR044C	YBL021C	0.566911						0.000000	-3.000000	0.000778
YIL016W	YKL038W	0.566902						0.000000	3.000000	0.000811
YMR056C	YCR084C	0.566902						0.000000	-3.000000	0.000814
YPL198W	YDR146C	0.566880	0.000000	0.102719	0.191011	0.122706	0.133595	0.000000	-3.000000	0.000670
YNL063W	YMR037C	0.566879						1.000000	3.000000	0.000787
YBL058W	YPL202C	0.566872						0.000000	-3.000000	0.000672
YPL222W	YMR016C	0.566868						0.000000	3.000000	0.000696
YDR354W	YDR207C	0.566866						0.000000	3.000000	0.000692
YPR023C	YER088C	0.566865						0.000000	3.000000	0.000785
YFR014C	YPL230W	0.566855						0.000000	3.000000	0.000808
YAL030W	YPR008W	0.566845						0.000000	3.000000	0.000691
YPR020W	YGL073W	0.566837						0.000000	-3.000000	0.000811
YDL046W	YER088C	0.566829						0.000000	3.000000	0.000681
YIR028W	YDR463W	0.566825						0.000000	3.000000	0.000716
YOR103C	YMR021C	0.566821						0.000000	3.000000	0.000597
YKR065C	YDR174W	0.566810						0.000000	3.000000	0.000899
YNL110C	YIL101C	0.566800						0.000000	-3.000000	0.000740
YMR244C-A	YGL013C	0.566791						0.000000	3.000000	0.000745
YKL086W	YBR066C	0.566781						0.000000	3.000000	0.000585
YNL310C	YGL166W	0.566780						0.000000	3.000000	0.000738
YOR064C	YGL237C	0.566771						0.000000	3.000000	0.000876
YIL125W	YJL056C	0.566770						0.000000	3.000000	0.000729
YNL310C	YHL009C	0.566766						0.000000	3.000000	0.000688
YOL077W-A	YJL056C	0.566764						0.000000	3.000000	0.000872
YHR094C	YKL020C	0.566759						0.000000	3.000000	0.000899
YDR256C	YML027W	0.566758						0.000000	-3.000000	0.000807
YKL043W	YPL230W	0.566748						0.000000	3.000000	0.000740
YDR033W	YGL209W	0.566748						0.000000	3.000000	0.000588
YPR165W	YDR421W	0.566734						0.000000	3.000000	0.000813
YER165W	YMR042W	0.566731						0.000000	-3.000000	0.000665
YJL191W	YBL005W	0.566721						0.000000	3.000000	0.000858
YDR084C	YBL021C	0.566713						0.000000	-3.000000	0.000787
YMR173W	YKL020C	0.566703						0.000000	3.000000	0.000888
YBR047W	YKL032C	0.566703						0.000000	3.000000	0.000795
YNL059C	YIL119C	0.566702						0.000000	3.000000	0.000763
YPR067W	YGL013C	0.566700						0.000000	3.000000	0.000649
YDR394W	YBR066C	0.566692						0.000000	3.000000	0.000818
YGL224C	YDR421W	0.566680						0.000000	3.000000	0.000843
YOR198C	YDR174W	0.566679						0.000000	3.000000	0.000620
YKL160W	YPL202C	0.566678						0.000000	-3.000000	0.000716
YDL179W	YBR066C	0.566669						0.000000	3.000000	0.000850
YNL015W	YML007W	0.566622						0.000000	3.000000	0.000845
YGR232W	YBL021C	0.566619						0.000000	-3.000000	0.000805
YLR025W	YJR127C	0.566613						0.000000	3.000000	0.000599
YCR088W	YOL108C	0.566612						0.000000	3.000000	0.000769
YGR180C	YLR176C	0.566601	1.000000	0.103396	0.192416	0.123697	0.134512	0.000000	-3.000000	0.000686
YDR381W	YDR174W	0.566593						0.000000	3.000000	0.000913
YGL219C	YOR140W	0.566585						0.000000	-3.000000	0.000760
YGL047W	YLR176C	0.566581						0.000000	-3.000000	0.000679
YJL143W	YDR207C	0.566578						0.000000	3.000000	0.000747
YOR002W	YIL119C	0.566576						0.000000	3.000000	0.000849
YKL187C	YFL021W	0.566569						0.000000	-3.000000	0.000886
YHR110W	YDR207C	0.566568						0.000000	3.000000	0.000682
YML126C	YIR017C	0.566557	0.000000	0.103318	0.192416	0.123636	0.134446	0.000000	3.000000	0.000760
YFR044C	YDR207C	0.566549						0.000000	3.000000	0.000678
YNL191W	YDR253C	0.566543						1.000000	3.000000	0.000738
YJR135W-A	YDR207C	0.566516						0.000000	3.000000	0.000741
YBR269C	YGL013C	0.566508						0.000000	3.000000	0.000705
YOR086C	YPR008W	0.566508						0.000000	3.000000	0.000585
YJL002C	YPR009W	0.566506						0.000000	3.000000	0.000718
YLR192C	YGL071W	0.566504						0.000000	3.000000	0.000689
YBR269C	YCR084C	0.566501						0.000000	-3.000000	0.000690
YGL228W	YDL048C	0.566499						0.000000	3.000000	0.000811
YHR064C	YLR098C	0.566493						0.000000	-3.000000	0.000765
YKL067W	YER088C	0.566491						0.000000	3.000000	0.000704
YGL038C	YKL185W	0.566490						0.000000	3.000000	0.000601
YKR081C	YPL089C	0.566486						0.000000	-3.000000	0.000721
YLR348C	YBR083W	0.566485						0.000000	3.000000	0.000785
YDL188C	YML081W	0.566479						0.000000	3.000000	0.000575
YDL232W	YKL032C	0.566479						0.000000	3.000000	0.000620
YFR003C	YDR034C	0.566466						0.000000	3.000000	0.000584
YBR093C	YER169W	0.566452						0.000000	3.000000	0.000871
YEL059C-A	YHR084W	0.566440						1.000000	3.000000	0.000771
YJR065C	YDR207C	0.566427						0.000000	3.000000	0.000746
YGL104C	YIL119C	0.566416						0.000000	3.000000	0.000804
YPL154C	YPR008W	0.566415						0.000000	3.000000	0.000745
YOR270C	YDR421W	0.566414						0.000000	3.000000	0.000777
YCR021C	YGL013C	0.566412	0.000000	0.103240	0.192416	0.123576	0.134380	0.000000	3.000000	0.000865
YJL012C	YMR043W	0.566411						0.000000	-3.000000	0.000642
YGL208W	YGL237C	0.566409						0.000000	3.000000	0.000590
YDR023W	YKL038W	0.566400						0.000000	3.000000	0.000838
YIL040W	YML081W	0.566395						0.000000	3.000000	0.000684
YHL033C	YLR098C	0.566391	0.000000	0.103163	0.192416	0.123515	0.134314	0.000000	-3.000000	0.000735
YMR243C	YKL038W	0.566389						0.000000	3.000000	0.000641
YKR089C	YGL013C	0.566388						0.000000	3.000000	0.000702
YLR218C	YKL032C	0.566386						0.000000	3.000000	0.000696
YGL196W	YLR228C	0.566384						0.000000	3.000000	0.000676
YGR267C	YDR174W	0.566365						0.000000	3.000000	0.000821
YNL175C	YPR104C	0.566360						0.000000	3.000000	0.000835
YOR004W	YDR423C	0.566357						0.000000	-3.000000	0.000713
YHR196W	YIL101C	0.566356						0.000000	-3.000000	0.000844
YDR087C	YNL027W	0.566303						0.000000	-3.000000	0.000605
YML087C	YIL036W	0.566302						0.000000	3.000000	0.000795
YGL056C	YML081W	0.566298						0.000000	3.000000	0.000682
YML058W	YDR034C	0.566286						0.000000	3.000000	0.000730
YNL202W	YKL015W	0.566279						0.000000	3.000000	0.000776
YPL061W	YDR043C	0.566262						0.000000	3.000000	0.000807
YOR150W	YPL202C	0.566256						0.000000	-3.000000	0.000836
YFR033C	YPR008W	0.566230						0.000000	3.000000	0.000773
YPR163C	YOR363C	0.566193						0.000000	3.000000	0.000668
YGR280C	YOR363C	0.566193	0.000000	0.103085	0.192416	0.123455	0.134248	0.000000	3.000000	0.000730
YDL232W	YKL043W	0.566192						0.000000	3.000000	0.000622
YOR145C	YMR042W	0.566184						0.000000	-3.000000	0.000717
YNL141W	YOR363C	0.566179						0.000000	3.000000	0.000614
YMR290C	YDR423C	0.566175						0.000000	-3.000000	0.000761
YCL011C	YBR066C	0.566173						0.000000	3.000000	0.000840
YOR158W	YGL013C	0.566172						0.000000	3.000000	0.000645
YLR301W	YDR174W	0.566169						0.000000	3.000000	0.000687
YNR043W	YHL027W	0.566166						0.000000	-3.000000	0.000651
YIL105C	YGL209W	0.566159						0.000000	3.000000	0.000699
YDR074W	YLR256W	0.566150	0.000000	0.103008	0.192416	0.123394	0.134182	0.000000	-3.000000	0.000599
YJL191W	YDR146C	0.566145						0.000000	-3.000000	0.000744
YCL059C	YIL101C	0.566135						0.000000	-3.000000	0.000748
YDR496C	YNL027W	0.566133						0.000000	-3.000000	0.000604
YGR185C	YPR009W	0.566117						0.000000	3.000000	0.000740
YOL030W	YIL119C	0.566113						0.000000	3.000000	0.000786
YKR067W	YCR084C	0.566105						0.000000	-3.000000	0.000649
YDL045W-A	YCR084C	0.566103						0.000000	-3.000000	0.000782
YHR162W	YDR174W	0.566099						0.000000	3.000000	0.000798
YMR291W	YGL013C	0.566097	0.000000	0.102930	0.192416	0.123334	0.134116	0.000000	3.000000	0.000772
YGR241C	YHR084W	0.566071						1.000000	3.000000	0.000787
YGR084C	YNL216W	0.566070						1.000000	-3.000000	0.000692
YNL006W	YLR256W	0.566060						0.000000	-3.000000	0.000718
YPR030W	YKL020C	0.566059						0.000000	3.000000	0.000667
YDR365C	YBR083W	0.566040						1.000000	3.000000	0.000613
YML009C	YOR028C	0.566040						0.000000	3.000000	0.000628
YMR186W	YLR176C	0.566013	0.000000	0.102853	0.192416	0.123273	0.134051	0.000000	-3.000000	0.000823
YHR056C	YLR256W	0.566010						0.000000	-3.000000	0.000629
YER155C	YOR230W	0.566010						0.000000	3.000000	0.000677
YJR069C	YPR009W	0.566003						0.000000	3.000000	0.000620
YBR036C	YJR127C	0.565986						0.000000	3.000000	0.000695
YNL315C	YJL056C	0.565981						0.000000	3.000000	0.000695
YDL084W	YBR066C	0.565979						0.000000	3.000000	0.000751
YHR104W	YJR127C	0.565977						0.000000	3.000000	0.000731
YDR127W	YBL103C	0.565965						0.000000	3.000000	0.000621
YCR036W	YLR228C	0.565951						0.000000	3.000000	0.000735
YHR052W	YOR363C	0.565948						0.000000	3.000000	0.000613
YAL044C	YIL119C	0.565931						0.000000	3.000000	0.000774
YMR002W	YKL020C	0.565921						0.000000	3.000000	0.000739
YNL044W	YDR216W	0.565920						0.000000	-3.000000	0.000670
YIL033C	YPR008W	0.565916						0.000000	3.000000	0.000608
YNL185C	YML081W	0.565914						0.000000	3.000000	0.000574
YLR193C	YGL013C	0.565909						0.000000	3.000000	0.000642
YIL123W	YKL185W	0.565905						0.000000	3.000000	0.000588
YGL161C	YOR230W	0.565902						0.000000	3.000000	0.000630
YDL147W	YPL202C	0.565901						0.000000	-3.000000	0.000812
YML126C	YFL031W	0.565901	0.000000	0.102776	0.192416	0.123213	0.133985	0.000000	3.000000	0.000656
YHR068W	YJL089W	0.565896						0.000000	3.000000	0.000791
YFR010W	YBL021C	0.565892						0.000000	-3.000000	0.000695
YBR162C	YKL043W	0.565882						0.000000	3.000000	0.000689
YEL055C	YMR037C	0.565877						1.000000	-3.000000	0.000566
YDL021W	YNL216W	0.565863						1.000000	-3.000000	0.000702
YDR002W	YGL209W	0.565849						0.000000	3.000000	0.000772
YOR163W	YOR162C	0.565845						1.000000	3.000000	0.000713
Q0130	YOR028C	0.565842						0.000000	3.000000	0.000685
YJL060W	YDR123C	0.565828	0.000000	0.102699	0.192416	0.123153	0.133920	0.000000	3.000000	0.000707
YDL181W	YCR084C	0.565825						0.000000	-3.000000	0.000700
YAL034C	YCR084C	0.565820						0.000000	-3.000000	0.000719
YKL126W	YMR021C	0.565819						0.000000	3.000000	0.000684
YDL021W	YGL013C	0.565819						0.000000	3.000000	0.000665
YAL008W	YGL237C	0.565812						0.000000	3.000000	0.000781
YGL001C	YKL032C	0.565810						0.000000	3.000000	0.000760
YLR216C	YML081W	0.565790						0.000000	3.000000	0.000641
YMR225C	YPR008W	0.565768						0.000000	3.000000	0.000606
YDR502C	YJR060W	0.565742						1.000000	-1.000000	0.000769
YER018C	YML027W	0.565735						0.000000	3.000000	0.000597
YPL173W	YOL067C	0.565726						0.000000	3.000000	0.000694
YKL104C	YDR123C	0.565722						0.000000	3.000000	0.000588
YBR001C	YPL230W	0.565719						0.000000	3.000000	0.000583
YER126C	YOR363C	0.565708						0.000000	3.000000	0.000611
YFL028C	YNL103W	0.565704						0.000000	-3.000000	0.000682
YLR248W	YGL237C	0.565688						0.000000	3.000000	0.000699
YMR188C	YCR084C	0.565685						0.000000	-3.000000	0.000603
YIL123W	YDL048C	0.565682						0.000000	3.000000	0.000606
YLR447C	YPR009W	0.565668						0.000000	3.000000	0.000808
YIL045W	YGL073W	0.565667						0.000000	3.000000	0.000720
YER021W	YCR084C	0.565649						0.000000	-3.000000	0.000764
YHR042W	YFL031W	0.565646						0.000000	3.000000	0.000671
YDL085W	YIL036W	0.565636						0.000000	3.000000	0.000715
YPL230W	YKL062W	0.565618						1.000000	3.000000	0.000641
YOL016C	YMR182C	0.565616						0.000000	3.000000	0.000619
YGL221C	YDR174W	0.565611						0.000000	3.000000	0.000627
YKL172W	YBR239C	0.565608						0.000000	-3.000000	0.000701
YJL042W	YJR127C	0.565595						0.000000	3.000000	0.000588
YOR142W	YER088C	0.565568						0.000000	3.000000	0.000655
YOR091W	YBR239C	0.565567						0.000000	-3.000000	0.000617
YBR093C	YPR009W	0.565536						0.000000	3.000000	0.000663
YNL294C	YDR034C	0.565536						0.000000	3.000000	0.000748
YBR244W	YBR066C	0.565531						0.000000	3.000000	0.000723
YBR177C	YER088C	0.565508						0.000000	3.000000	0.000695
YGR106C	YPR009W	0.565503						0.000000	3.000000	0.000636
YKR034W	YDR463W	0.565496						0.000000	-3.000000	0.000638
YDR177W	YLR176C	0.565488						0.000000	-3.000000	0.000592
YJL143W	YBL021C	0.565485						0.000000	-3.000000	0.000638
YOR273C	YLR256W	0.565483	0.000000	0.102622	0.192416	0.123093	0.133854	0.000000	-3.000000	0.000596
YOR027W	YLR256W	0.565467	0.000000	0.102545	0.192416	0.123033	0.133789	0.000000	3.000000	0.000626
YDR212W	YGR044C	0.565459						0.000000	-3.000000	0.000595
YGL078C	YNL027W	0.565455						0.000000	-3.000000	0.000620
YDL133C-A	YDR123C	0.565454						0.000000	3.000000	0.000690
YDR487C	YDR207C	0.565452						0.000000	3.000000	0.000640
YBR151W	YPR008W	0.565452						0.000000	3.000000	0.000589
YLR399C	YNL068C	0.565449						1.000000	3.000000	0.000588
YBR026C	YGL013C	0.565444						0.000000	3.000000	0.000760
YMR049C	YPL089C	0.565435						0.000000	-3.000000	0.000631
YMR297W	YER088C	0.565434						0.000000	3.000000	0.000762
YKL187C	YML007W	0.565433	0.000000	0.102468	0.192416	0.122973	0.133724	0.000000	3.000000	0.000584
YIL158W	YGL209W	0.565422						0.000000	3.000000	0.000686
YAR027W	YER088C	0.565409						0.000000	3.000000	0.000707
YFR004W	YGL096W	0.565390						0.000000	3.000000	0.000617
YFR010W	YPL202C	0.565382						0.000000	-3.000000	0.000631
YOR264W	YJR127C	0.565376						0.000000	3.000000	0.000699
YOR004W	YOR363C	0.565360						0.000000	3.000000	0.000629
YFR047C	YDL048C	0.565356						0.000000	3.000000	0.000593
YMR235C	YMR042W	0.565351						0.000000	-3.000000	0.000671
YPR067W	YER088C	0.565339						0.000000	3.000000	0.000686
YOR198C	YDR034C	0.565332						0.000000	3.000000	0.000652
YGR038W	YML081W	0.565313						0.000000	3.000000	0.000631
YGL019W	YDR174W	0.565306						0.000000	3.000000	0.000714
YMR183C	YIL119C	0.565302						0.000000	3.000000	0.000626
YDR451C	YNL216W	0.565300						1.000000	3.000000	0.000736
YOR335C	YDR520C	0.565290						0.000000	3.000000	0.000581
YIL045W	YOR140W	0.565278						0.000000	-3.000000	0.000652
YDR486C	YOR230W	0.565262						0.000000	3.000000	0.000657
YJL148W	YDR253C	0.565255						1.000000	3.000000	0.000660
YNL274C	YJR127C	0.565249						0.000000	3.000000	0.000714
YER124C	YDR123C	0.565196	0.000000	0.102392	0.192416	0.122913	0.133659	0.000000	3.000000	0.000729
YMR272C	YPL230W	0.565194						0.000000	3.000000	0.000617
YCR002C	YNL103W	0.565189						0.000000	3.000000	0.000680
YGR157W	YBL021C	0.565178						0.000000	3.000000	0.000634
YOR145C	YBR239C	0.565171						0.000000	-3.000000	0.000688
YGR106C	YDR174W	0.565171						0.000000	3.000000	0.000604
YNL213C	YML081W	0.565169						0.000000	3.000000	0.000636
YGL078C	YOR363C	0.565169						0.000000	3.000000	0.000609
YDL053C	YPL202C	0.565150						0.000000	-3.000000	0.000603
YPR163C	YPR009W	0.565145						0.000000	3.000000	0.000651
YFL016C	YLR256W	0.565129	0.000000	0.102315	0.192416	0.122853	0.133593	0.000000	-3.000000	0.000623
YEL027W	YIL119C	0.565128						0.000000	3.000000	0.000702
YMR105C	YJR127C	0.565097						0.000000	3.000000	0.000599
YMR139W	YER088C	0.565088						0.000000	3.000000	0.000658
YLR066W	YDR174W	0.565087						0.000000	3.000000	0.000618
YPL186C	YPL230W	0.565042						0.000000	3.000000	0.000613
YBR121C	YGL209W	0.565033	0.000000	0.102239	0.192416	0.122793	0.133528	0.000000	3.000000	0.000714
YPL106C	YKL020C	0.565014						0.000000	3.000000	0.000661
YMR275C	YDR253C	0.565001						1.000000	3.000000	0.000615
YNL281W	YKL038W	0.564994	0.000000	0.102163	0.192416	0.122733	0.133463	0.000000	3.000000	0.000614
YPL087W	YER088C	0.564987						0.000000	3.000000	0.000630
YER142C	YBR066C	0.564977						0.000000	3.000000	0.000593
YBL058W	YBR066C	0.564972						0.000000	3.000000	0.000685
YEL031W	YDR421W	0.564952						0.000000	3.000000	0.000634
YLR104W	YPL202C	0.564951	0.000000	0.102086	0.192416	0.122674	0.133398	0.000000	-3.000000	0.000628
YLR163C	YDR174W	0.564937						0.000000	3.000000	0.000701
YDL100C	YLR176C	0.564936						0.000000	-3.000000	0.000714
YNL310C	YKL032C	0.564886						0.000000	3.000000	0.000600
YBR236C	YBR066C	0.564872						0.000000	3.000000	0.000568
YER006W	YDR146C	0.564865						0.000000	-3.000000	0.000623
YJR008W	YLR256W	0.564852						0.000000	-3.000000	0.000639
YNL101W	YDR034C	0.564844						0.000000	3.000000	0.000659
YPR154W	YLR256W	0.564798						0.000000	-3.000000	0.000685
YDL018C	YPR008W	0.564787						0.000000	3.000000	0.000616
YJR025C	YER088C	0.564782						0.000000	3.000000	0.000597
YDL095W	YCR065W	0.564781						0.000000	3.000000	0.000604
YER026C	YIL119C	0.564762						0.000000	3.000000	0.000622
YGR284C	YDL048C	0.564747						0.000000	3.000000	0.000592
YLR104W	YDR034C	0.564747						0.000000	3.000000	0.000594
YIL064W	YNL027W	0.564725						0.000000	-3.000000	0.000620
YDL212W	YPR009W	0.564715						0.000000	3.000000	0.000632
YBR221C	YPR008W	0.564703						0.000000	3.000000	0.000636
YOL143C	YPR008W	0.564612						0.000000	3.000000	0.000622
YGL048C	YDR207C	0.564600						0.000000	3.000000	0.000669
YLR270W	YER088C	0.564599						0.000000	3.000000	0.000665
YMR002W	YPL202C	0.564594						0.000000	-3.000000	0.000634
YPL173W	YML007W	0.564575						0.000000	3.000000	0.000630
YIL158W	YGR044C	0.564573						0.000000	-3.000000	0.000582
YIL129C	YKL062W	0.564551						1.000000	3.000000	0.000600
YDR465C	YIL101C	0.564543						0.000000	-3.000000	0.000663
YML110C	YDL048C	0.564529						0.000000	3.000000	0.000630
YGR106C	YIL119C	0.564512						0.000000	3.000000	0.000666
YAL034C	YJL056C	0.564510						0.000000	3.000000	0.000596
YLR025W	YDL048C	0.564509						0.000000	3.000000	0.000571
YDL128W	YDR123C	0.564491						0.000000	3.000000	0.000592
YDR150W	YPR008W	0.564425						0.000000	3.000000	0.000621
YJL104W	YGL013C	0.564410						0.000000	3.000000	0.000574
YMR089C	YPR008W	0.564342						0.000000	3.000000	0.000579
YFL018C	YPR008W	0.564326						0.000000	3.000000	0.000632
YPR062W	YDR174W	0.564323						0.000000	3.000000	0.000635
YDR033W	YIL119C	0.564204						0.000000	3.000000	0.000609
YDL135C	YOR230W	0.564156						0.000000	3.000000	0.000612
YPL123C	YGL013C	0.564139						0.000000	3.000000	0.000602
YMR170C	YER088C	0.564081						0.000000	3.000000	0.000592
YPL246C	YLR176C	0.564040						0.000000	-3.000000	0.000608
YNL300W	YOR162C	0.400001						1.000000	2.000000	0.000000
YLR377C	YJL089W	0.399289						1.000000	2.000000	0.000000
YGL062W	YBR083W	0.398568						1.000000	2.000000	0.000000
YMR242C	YNL216W	0.398441	0.000000	0.102010	0.192416	0.122614	0.133333	0.000000	2.000000	0.000000
YMR202W	YLR256W	0.398239						1.000000	2.000000	0.000000
YOL109W	YLR256W	0.398205						1.000000	2.000000	0.000000
YEL012W	YFL021W	0.398192						1.000000	2.000000	0.000000
YMR173W	YHL027W	0.397903						1.000000	2.000000	0.000000
YER072W	YNL314W	0.397852						0.000000	2.000000	0.000000
YIR032C	YDL020C	0.397851						0.000000	2.000000	0.000000
YDL191W	YOR028C	0.397823						1.000000	2.000000	0.000000
YDR063W	YDL020C	0.397673						0.000000	2.000000	0.000000
YER072W	YIR018W	0.397534						0.000000	2.000000	0.000000
YGR118W	YOR028C	0.397435						1.000000	2.000000	0.000000
YBR249C	YHR006W	0.397413						0.000000	-2.000000	0.000000
YMR242C	YIL131C	0.397347	0.000000	0.101935	0.192416	0.122554	0.133268	0.000000	2.000000	0.000000
YPR108W	YMR043W	0.397305						1.000000	2.000000	0.000000
YMR189W	YMR037C	0.397282	0.000000	0.101859	0.192416	0.122495	0.133204	0.000000	2.000000	0.000000
YBL087C	YNL216W	0.397018	0.000000	0.101783	0.192416	0.122435	0.133139	0.000000	2.000000	0.000000
YBR199W	YDL020C	0.396973						0.000000	2.000000	0.000000
YCR021C	YER184C	0.396936						0.000000	2.000000	0.000000
YMR189W	YDL020C	0.396912	0.000000	0.101707	0.192416	0.122376	0.133074	0.000000	2.000000	0.000000
YGR123C	YHR006W	0.396572						0.000000	-2.000000	0.000000
YKL175W	YHL027W	0.396526						0.000000	-2.000000	0.000000
YBR146W	YKL109W	0.396508						0.000000	2.000000	0.000000
YFR003C	YDL020C	0.396474	1.000000	0.102374	0.193820	0.123359	0.133981	0.000000	2.000000	0.000000
YEL012W	YMR037C	0.396455						1.000000	2.000000	0.000000
YGR207C	YEL009C	0.396372						0.000000	2.000000	0.000000
YLR439W	YKL109W	0.396318	0.000000	0.102298	0.193820	0.123300	0.133916	0.000000	2.000000	0.000000
YJR014W	YJR060W	0.396287						0.000000	2.000000	0.000000
YJL060W	YEL009C	0.396285	0.000000	0.102222	0.193820	0.123240	0.133851	0.000000	2.000000	0.000000
YOL119C	YDL020C	0.396170	0.000000	0.102147	0.193820	0.123180	0.133786	0.000000	2.000000	0.000000
YLR267W	YOR028C	0.396169	0.000000	0.102071	0.193820	0.123121	0.133721	0.000000	2.000000	0.000000
YDL133C-A	YPL038W	0.396073						0.000000	2.000000	0.000000
YOR332W	YJR060W	0.396059						0.000000	2.000000	0.000000
YPL096C-A	YNL103W	0.396056						0.000000	-2.000000	0.000000
YKL142W	YOR028C	0.395953						0.000000	2.000000	0.000000
YJR121W	YIL101C	0.395893						1.000000	2.000000	0.000000
YPR138C	YMR021C	0.395880	0.000000	0.101996	0.193820	0.123062	0.133656	0.000000	2.000000	0.000000
YLR413W	YHR206W	0.395848						1.000000	2.000000	0.000000
YHR203C	YIL131C	0.395809	0.000000	0.101920	0.193820	0.123002	0.133591	0.000000	2.000000	0.000000
YLL039C	YKR034W	0.395745						0.000000	2.000000	0.000000
YAR027W	YDL020C	0.395639						0.000000	2.000000	0.000000
YOR206W	YNL068C	0.395543						0.000000	2.000000	0.000000
YEL065W	YOL028C	0.395493						0.000000	2.000000	0.000000
YNR002C	YMR037C	0.395430						1.000000	2.000000	0.000000
YGL056C	YGL073W	0.395416	0.000000	0.101845	0.193820	0.122943	0.133527	0.000000	2.000000	0.000000
YPR145W	YIL101C	0.395395						1.000000	2.000000	0.000000
YJL101C	YNL103W	0.395393						1.000000	2.000000	0.000000
YER019C-A	YMR037C	0.395349						0.000000	2.000000	0.000000
YHR065C	YDL106C	0.395314						0.000000	2.000000	0.000000
YHR181W	YEL009C	0.395300						0.000000	2.000000	0.000000
YGL027C	YIR017C	0.395246						0.000000	2.000000	0.000000
YBL058W	YDL020C	0.395229						0.000000	2.000000	0.000000
YGR245C	YDL106C	0.395123						0.000000	2.000000	0.000000
YOR208W	YPL089C	0.395119						0.000000	2.000000	0.000000
YDR256C	YOR363C	0.395024						1.000000	2.000000	0.000000
YGL225W	YKL062W	0.395004	0.000000	0.101770	0.193820	0.122884	0.133462	0.000000	-2.000000	0.000000
YLR178C	YKL015W	0.394925	0.000000	0.101695	0.193820	0.122824	0.133398	0.000000	2.000000	0.000000
YGL253W	YKL032C	0.394897						1.000000	2.000000	0.000000
YER142C	YDL020C	0.394818	1.000000	0.102356	0.195225	0.123804	0.134300	0.000000	2.000000	0.000000
YBR050C	YKL109W	0.394815						0.000000	2.000000	0.000000
YLR241W	YNL103W	0.394811						0.000000	-2.000000	0.000000
YBR149W	YDL020C	0.394735						0.000000	2.000000	0.000000
YGL009C	YKL062W	0.394728						1.000000	2.000000	0.000000
YLR167W	YPL038W	0.394678	0.000000	0.102281	0.195225	0.123745	0.134235	0.000000	-2.000000	0.000000
YJR034W	YKL109W	0.394590						0.000000	2.000000	0.000000
YKL180W	YIR018W	0.394581	0.000000	0.102206	0.195225	0.123686	0.134170	0.000000	2.000000	0.000000
YOL101C	YHR124W	0.394581						1.000000	2.000000	0.000000
YGL121C	YDR216W	0.394538						0.000000	2.000000	0.000000
YDR044W	YMR070W	0.394537	1.000000	0.102866	0.196629	0.124664	0.135070	0.000000	2.000000	0.000000
YOL139C	YJR060W	0.394492						0.000000	2.000000	0.000000
YLR350W	YKR099W	0.394437						1.000000	2.000000	0.000000
YNL084C	YJR060W	0.394411						0.000000	2.000000	0.000000
YDR001C	YDR463W	0.394398						0.000000	-2.000000	0.000000
YGL103W	YMR280C	0.394380	0.000000	0.102790	0.196629	0.124605	0.135005	0.000000	-2.000000	0.000000
YLR355C	YHR084W	0.394372						1.000000	2.000000	0.000000
YKL081W	YMR037C	0.394327						1.000000	-2.000000	0.000000
YOR142W	YKL109W	0.394316						0.000000	2.000000	0.000000
YIR038C	YDR423C	0.394207	0.000000	0.102715	0.196629	0.124545	0.134940	0.000000	2.000000	0.000000
YLR097C	YDR207C	0.394178						0.000000	2.000000	0.000000
YKR009C	YDR216W	0.394111						1.000000	2.000000	0.000000
YJL026W	YBL021C	0.394042	0.000000	0.102639	0.196629	0.124486	0.134875	0.000000	-2.000000	0.000000
YAR002C-A	YLR131C	0.394002						0.000000	-2.000000	0.000000
YOR045W	YOL067C	0.393992						0.000000	2.000000	0.000000
YBR046C	YER040W	0.393925	0.000000	0.102564	0.196629	0.124426	0.134810	0.000000	2.000000	0.000000
YIL035C	YDR174W	0.393915						0.000000	2.000000	0.000000
YPR183W	YJR060W	0.393805						0.000000	2.000000	0.000000
YOL127W	YMR037C	0.393794						1.000000	2.000000	0.000000
YPL117C	YKL112W	0.393723						0.000000	2.000000	0.000000
YHR193C	YIL131C	0.393719						0.000000	2.000000	0.000000
YPL160W	YHR006W	0.393689						0.000000	-2.000000	0.000000
YHR181W	YDL020C	0.393688						0.000000	2.000000	0.000000
YNL135C	YKL032C	0.393687						0.000000	2.000000	0.000000
YLL026W	YMR016C	0.393673	0.000000	0.102489	0.196629	0.124367	0.134745	0.000000	2.000000	0.000000
YPL091W	YDL020C	0.393660						0.000000	2.000000	0.000000
YER127W	YDL106C	0.393635						0.000000	2.000000	0.000000
YJL026W	YOL108C	0.393603	0.000000	0.102414	0.196629	0.124307	0.134680	0.000000	2.000000	0.000000
YPR052C	YKL043W	0.393595						0.000000	2.000000	0.000000
YDR394W	YJR060W	0.393504	0.000000	0.102339	0.196629	0.124248	0.134615	0.000000	2.000000	0.000000
YPL213W	YKR034W	0.393471						0.000000	2.000000	0.000000
YER009W	YPL075W	0.393460						0.000000	2.000000	0.000000
YER091C	YDL048C	0.393452						0.000000	2.000000	0.000000
YOR382W	YJR147W	0.393441						0.000000	2.000000	0.000000
YPR169W	YGR044C	0.393368						0.000000	-2.000000	0.000000
YIL112W	YIR017C	0.393329						0.000000	2.000000	0.000000
YHR063C	YDL056W	0.393326						0.000000	2.000000	0.000000
YGR128C	YHR006W	0.393260						0.000000	-2.000000	0.000000
YKR003W	YDR174W	0.393259						0.000000	2.000000	0.000000
YOL077C	YKL062W	0.393241						1.000000	2.000000	0.000000
YPL111W	YDR259C	0.393238						0.000000	2.000000	0.000000
YIL034C	YEL009C	0.393237						0.000000	2.000000	0.000000
YOR310C	YNL068C	0.393219						0.000000	2.000000	0.000000
YPL063W	YGL237C	0.393197						0.000000	2.000000	0.000000
YFL017W-A	YOL067C	0.393182						0.000000	2.000000	0.000000
YNL003C	YDL170W	0.393142						0.000000	-2.000000	0.000000
YNL159C	YDR463W	0.393134						0.000000	-2.000000	0.000000
YNL147W	YGL237C	0.393133						0.000000	2.000000	0.000000
YBL091C-A	YKL032C	0.393121						0.000000	2.000000	0.000000
YHR196W	YGL013C	0.393082						1.000000	2.000000	0.000000
YBR218C	YEL009C	0.393025	1.000000	0.102995	0.198034	0.125224	0.135512	0.000000	2.000000	0.000000
YER127W	YNL068C	0.393013						0.000000	2.000000	0.000000
YOR265W	YKL043W	0.393003						0.000000	2.000000	0.000000
YPL092W	YER040W	0.392974	0.000000	0.102920	0.198034	0.125164	0.135447	0.000000	2.000000	0.000000
YLR075W	YNL027W	0.392901	0.000000	0.102845	0.198034	0.125105	0.135382	0.000000	-2.000000	0.000000
YPL220W	YBR049C	0.392884						0.000000	2.000000	0.000000
YOR120W	YBR049C	0.392806						1.000000	2.000000	0.000000
YLR174W	YDR213W	0.392805						0.000000	-2.000000	0.000000
YOR367W	YEL009C	0.392783	0.000000	0.102770	0.198034	0.125046	0.135317	0.000000	2.000000	0.000000
YBL057C	YDR520C	0.392724						0.000000	2.000000	0.000000
YDR214W	YGR044C	0.392707						0.000000	-2.000000	0.000000
YMR237W	YDR421W	0.392629						0.000000	2.000000	0.000000
YGL154C	YDR207C	0.392627						0.000000	2.000000	0.000000
YCL030C	YMR037C	0.392546	0.000000	0.102695	0.198034	0.124986	0.135252	0.000000	2.000000	0.000000
YOR021C	YBL005W	0.392459						0.000000	2.000000	0.000000
YLR246W	YER040W	0.392451						0.000000	2.000000	0.000000
YGR085C	YPL089C	0.392421						0.000000	-2.000000	0.000000
YOR209C	YKL038W	0.392418						0.000000	2.000000	0.000000
YML056C	YHR124W	0.392399						0.000000	2.000000	0.000000
YLR413W	YNL314W	0.392398						0.000000	2.000000	0.000000
YER026C	YDL020C	0.392382						0.000000	2.000000	0.000000
YBR147W	YKL015W	0.392370	0.000000	0.102620	0.198034	0.124927	0.135187	0.000000	2.000000	0.000000
YOR303W	YGL073W	0.392354	0.000000	0.102545	0.198034	0.124868	0.135122	0.000000	2.000000	0.000000
YDR202C	YGL073W	0.392340						0.000000	2.000000	0.000000
YIL022W	YGL237C	0.392327						0.000000	2.000000	0.000000
YGR285C	YNL314W	0.392324						0.000000	2.000000	0.000000
YFR031C-A	YBR240C	0.392203	0.000000	0.102471	0.198034	0.124809	0.135057	0.000000	-2.000000	0.000000
YBL091C-A	YDR207C	0.392164						0.000000	2.000000	0.000000
YMR092C	YOL108C	0.392158						0.000000	2.000000	0.000000
YMR194W	YPL089C	0.392139						0.000000	-2.000000	0.000000
YAL049C	YGL166W	0.392062						0.000000	2.000000	0.000000
YNL159C	YDR207C	0.392053						0.000000	2.000000	0.000000
YER024W	YKL109W	0.391968						0.000000	2.000000	0.000000
YJL174W	YEL009C	0.391963						0.000000	2.000000	0.000000
YMR260C	YDR253C	0.391960						0.000000	-2.000000	0.000000
YDR453C	YDR463W	0.391932	0.000000	0.102397	0.198034	0.124750	0.134993	0.000000	-2.000000	0.000000
YBR214W	YOL108C	0.391911						0.000000	2.000000	0.000000
YMR220W	YDR174W	0.391887						0.000000	2.000000	0.000000
YER083C	YDL020C	0.391878						0.000000	2.000000	0.000000
YPL198W	YHR124W	0.391853						0.000000	2.000000	0.000000
YNR017W	YBL021C	0.391842	0.000000	0.102322	0.198034	0.124690	0.134928	0.000000	-2.000000	0.000000
YKL016C	YKL062W	0.391819						1.000000	2.000000	0.000000
YDR232W	YPL133C	0.391813						0.000000	2.000000	0.000000
YLR154W-C	YGL073W	0.391782						0.000000	-2.000000	0.000000
YDR337W	YOL067C	0.391781						0.000000	2.000000	0.000000
YOR198C	YEL009C	0.391780						0.000000	2.000000	0.000000
YMR307W	YMR016C	0.391766						0.000000	-2.000000	0.000000
YBL003C	YMR016C	0.391748						0.000000	-2.000000	0.000000
YDR316W	YGL237C	0.391747						0.000000	2.000000	0.000000
YOR383C	YOR028C	0.391704						0.000000	2.000000	0.000000
YIL148W	YMR043W	0.391665	0.000000	0.102248	0.198034	0.124632	0.134864	0.000000	-2.000000	0.000000
YDR092W	YIR017C	0.391655						0.000000	2.000000	0.000000
YMR194W	YDL106C	0.391648						0.000000	2.000000	0.000000
YER007C-A	YOR344C	0.391647						0.000000	2.000000	0.000000
YDR358W	YGL013C	0.391646						0.000000	2.000000	0.000000
YER023W	YDR451C	0.391591						0.000000	2.000000	0.000000
YBR286W	YDL020C	0.391586						0.000000	2.000000	0.000000
YPR069C	YNL314W	0.391564						0.000000	2.000000	0.000000
YKL160W	YDL020C	0.391509						0.000000	2.000000	0.000000
YDL008W	YKL032C	0.391500						0.000000	2.000000	0.000000
YMR089C	YKL109W	0.391494						0.000000	2.000000	0.000000
YLR356W	YOL067C	0.391491						0.000000	2.000000	0.000000
YPL118W	YOL108C	0.391477						0.000000	2.000000	0.000000
YMR152W	YDL020C	0.391456						0.000000	2.000000	0.000000
YCL034W	YDL020C	0.391372						0.000000	2.000000	0.000000
YGL105W	YOR162C	0.391356						0.000000	2.000000	0.000000
YLR164W	YDR207C	0.391344						0.000000	2.000000	0.000000
YLR314C	YCR065W	0.391338						0.000000	2.000000	0.000000
YLR370C	YEL009C	0.391330						0.000000	2.000000	0.000000
YPL127C	YPL177C	0.391276						0.000000	-2.000000	0.000000
YGR207C	YOL089C	0.391262						0.000000	-2.000000	0.000000
YPR016C	YPR104C	0.391254						0.000000	2.000000	0.000000
YEL012W	YOR028C	0.391215						0.000000	2.000000	0.000000
YDL137W	YOL089C	0.391204						0.000000	-2.000000	0.000000
YLR079W	YGL013C	0.391198	0.000000	0.102174	0.198034	0.124514	0.134799	0.000000	2.000000	0.000000
YML048W	YMR037C	0.391198	0.000000	0.102100	0.198034	0.124514	0.134735	0.000000	2.000000	0.000000
YDR408C	YMR037C	0.391186	0.000000	0.102026	0.198034	0.124455	0.134670	0.000000	2.000000	0.000000
YHL031C	YDR207C	0.391183						0.000000	2.000000	0.000000
YER145C	YBR049C	0.391182						0.000000	2.000000	0.000000
YOR382W	YKL032C	0.391163						0.000000	2.000000	0.000000
YLR167W	YNL027W	0.391149	0.000000	0.101952	0.198034	0.124396	0.134606	0.000000	2.000000	0.000000
YLR303W	YBR182C	0.391098						0.000000	-2.000000	0.000000
YHR162W	YDR451C	0.391078	0.000000	0.101879	0.198034	0.124279	0.134542	0.000000	2.000000	0.000000
YHR019C	YNL314W	0.391078	0.000000	0.101805	0.198034	0.124279	0.134478	0.000000	2.000000	0.000000
YIR037W	YPL177C	0.391050						0.000000	-2.000000	0.000000
YBR149W	YKL032C	0.390991						0.000000	2.000000	0.000000
YDR374W-A	YDL170W	0.390991						0.000000	-2.000000	0.000000
YJR133W	YDL020C	0.390987						0.000000	2.000000	0.000000
YMR038C	YJR060W	0.390979	1.000000	0.102453	0.199438	0.125249	0.135367	0.000000	2.000000	0.000000
YJL062W-A	YNL103W	0.390979						0.000000	-2.000000	0.000000
YKL024C	YGR044C	0.390964						0.000000	-2.000000	0.000000
YKR092C	YIR023W	0.390944						0.000000	-2.000000	0.000000
YMR246W	YNL314W	0.390932	0.000000	0.102379	0.199438	0.125190	0.135303	0.000000	2.000000	0.000000
YBR078W	YHR084W	0.390924						1.000000	2.000000	0.000000
YJR121W	YGL073W	0.390830						0.000000	2.000000	0.000000
YBR058C-A	YDL020C	0.390816						0.000000	2.000000	0.000000
YMR302C	YGL073W	0.390813						0.000000	2.000000	0.000000
YMR146C	YDL106C	0.390781						0.000000	2.000000	0.000000
YAR071W	YDL106C	0.390780						0.000000	2.000000	0.000000
YMR241W	YJR060W	0.390779						0.000000	2.000000	0.000000
YOR317W	YKL032C	0.390779	0.000000	0.102305	0.199438	0.125131	0.135238	0.000000	2.000000	0.000000
YGL020C	YDR520C	0.390775						0.000000	2.000000	0.000000
YKL021C	YHR006W	0.390752						0.000000	-2.000000	0.000000
YER025W	YHR006W	0.390740						0.000000	-2.000000	0.000000
YPR118W	YHR124W	0.390735						0.000000	2.000000	0.000000
YDL143W	YNL314W	0.390726						0.000000	2.000000	0.000000
YLR089C	YDR207C	0.390690						0.000000	2.000000	0.000000
YMR038C	YOL028C	0.390689						0.000000	2.000000	0.000000
YOR374W	YIL036W	0.390682						0.000000	2.000000	0.000000
YGL157W	YEL009C	0.390631						0.000000	2.000000	0.000000
YFR031C-A	YNL027W	0.390585	0.000000	0.102232	0.199438	0.125073	0.135174	0.000000	-2.000000	0.000000
YGL027C	YDR207C	0.390582						0.000000	2.000000	0.000000
YNL131W	YKL032C	0.390568						0.000000	2.000000	0.000000
YDR453C	YNL103W	0.390549	0.000000	0.102158	0.199438	0.125014	0.135109	0.000000	-2.000000	0.000000
YER122C	YPL075W	0.390542						0.000000	2.000000	0.000000
YKL137W	YGL013C	0.390500						0.000000	2.000000	0.000000
YOL030W	YML027W	0.390476						0.000000	2.000000	0.000000
YEL065W	YDR520C	0.390365						0.000000	2.000000	0.000000
YMR236W	YDL020C	0.390355						0.000000	2.000000	0.000000
YOR374W	YGL073W	0.390330	0.000000	0.102085	0.199438	0.124955	0.135045	0.000000	2.000000	0.000000
YOR271C	YBR239C	0.390319						0.000000	-2.000000	0.000000
YGR215W	YOR028C	0.390315						0.000000	2.000000	0.000000
YJL143W	YKR034W	0.390284						0.000000	2.000000	0.000000
YOL052C-A	YPL230W	0.390274						0.000000	2.000000	0.000000
YER057C	YMR021C	0.390268						0.000000	2.000000	0.000000
YDL100C	YIR017C	0.390250						0.000000	2.000000	0.000000
YOR261C	YGL073W	0.390236	0.000000	0.102011	0.199438	0.124897	0.134981	0.000000	2.000000	0.000000
YIR022W	YMR037C	0.390229						0.000000	2.000000	0.000000
YPL087W	YDR463W	0.390162						0.000000	-2.000000	0.000000
YFL017C	YGL096W	0.390134						0.000000	2.000000	0.000000
YIL036W	YGL013C	0.390123						0.000000	2.000000	0.000000
YPR113W	YFR034C	0.390115						0.000000	2.000000	0.000000
YLR048W	YMR280C	0.390102	0.000000	0.101938	0.199438	0.124838	0.134917	0.000000	-2.000000	0.000000
YNL024C-A	YHL027W	0.390052						0.000000	-2.000000	0.000000
YOR091W	YML007W	0.390013						1.000000	2.000000	0.000000
YPL170W	YKL062W	0.390011						1.000000	2.000000	0.000000
YHL021C	YNL103W	0.390007						0.000000	-2.000000	0.000000
YBR218C	YKR034W	0.389976						0.000000	2.000000	0.000000
YDR055W	YLR176C	0.389953	0.000000	0.101865	0.199438	0.124780	0.134853	0.000000	-2.000000	0.000000
YIL112W	YMR016C	0.389923						1.000000	2.000000	0.000000
YOL049W	YDL020C	0.389912						0.000000	2.000000	0.000000
YMR238W	YPL089C	0.389882						0.000000	2.000000	0.000000
YDL111C	YGR044C	0.389880						0.000000	-2.000000	0.000000
YNL074C	YDR421W	0.389872						0.000000	2.000000	0.000000
YOR247W	YPL133C	0.389843						0.000000	-2.000000	0.000000
YNL220W	YPL075W	0.389840						0.000000	2.000000	0.000000
YLR074C	YHR124W	0.389834						0.000000	2.000000	0.000000
YCR011C	YOL108C	0.389756						0.000000	2.000000	0.000000
YJL138C	YOR363C	0.389738						0.000000	2.000000	0.000000
YNL055C	YOR028C	0.389735						0.000000	2.000000	0.000000
YHR108W	YPL075W	0.389694						0.000000	2.000000	0.000000
YDR059C	YKL109W	0.389691						0.000000	2.000000	0.000000
YBR121C	YIR018W	0.389649	0.000000	0.101792	0.199438	0.124721	0.134789	0.000000	2.000000	0.000000
YLR351C	YMR037C	0.389636						0.000000	2.000000	0.000000
YPL048W	YOL089C	0.389558						0.000000	-2.000000	0.000000
YFR015C	YGL073W	0.389558						0.000000	2.000000	0.000000
YDR037W	YNL314W	0.389555						0.000000	2.000000	0.000000
YER080W	YOR140W	0.389529						0.000000	-2.000000	0.000000
YJL062W-A	YBL021C	0.389527						0.000000	-2.000000	0.000000
YBL091C-A	YDL170W	0.389521						0.000000	-2.000000	0.000000
YJL184W	YGL166W	0.389519						0.000000	2.000000	0.000000
YOR367W	YDR451C	0.389429	0.000000	0.101719	0.199438	0.124663	0.134725	0.000000	2.000000	0.000000
YLR025W	YOR028C	0.389417						0.000000	2.000000	0.000000
YDR032C	YBL021C	0.389417						0.000000	-2.000000	0.000000
YGL026C	YKR034W	0.389384						0.000000	2.000000	0.000000
YIR032C	YDR463W	0.389361						0.000000	-2.000000	0.000000
YML100W	YNL068C	0.389356						0.000000	-2.000000	0.000000
YDL051W	YBR083W	0.389349						0.000000	-2.000000	0.000000
YNR017W	YGL073W	0.389348	0.000000	0.101646	0.199438	0.124605	0.134661	0.000000	2.000000	0.000000
YPL183W-A	YOL089C	0.389325						0.000000	-2.000000	0.000000
YML069W	YJR060W	0.389323						0.000000	2.000000	0.000000
YKL146W	YML007W	0.389276						0.000000	2.000000	0.000000
YBR249C	YPR199C	0.389259						0.000000	-2.000000	0.000000
YHR089C	YBR240C	0.389245						0.000000	-2.000000	0.000000
YIL123W	YCR084C	0.389233						1.000000	2.000000	0.000000
YGR019W	YDR259C	0.389222						0.000000	2.000000	0.000000
YPL143W	YMR280C	0.389208	0.000000	0.101574	0.199438	0.124547	0.134597	0.000000	-2.000000	0.000000
YDR379C-A	YDL020C	0.389192						0.000000	2.000000	0.000000
YOR348C	YKL032C	0.389171	0.000000	0.101501	0.199438	0.124488	0.134533	0.000000	2.000000	0.000000
YKL001C	YBR239C	0.389164						0.000000	-2.000000	0.000000
YNL056W	YGR249W	0.389144						0.000000	-2.000000	0.000000
YER007C-A	YBR049C	0.389124						0.000000	2.000000	0.000000
YOR161C	YLR176C	0.389110						0.000000	2.000000	0.000000
YOL002C	YHR206W	0.389095						0.000000	2.000000	0.000000
YCL025C	YMR021C	0.389047	0.000000	0.101429	0.199438	0.124430	0.134470	0.000000	2.000000	0.000000
YDL085W	YKL062W	0.389042						0.000000	2.000000	0.000000
YDL018C	YMR021C	0.389007						0.000000	2.000000	0.000000
YLR449W	YNL068C	0.388990	0.000000	0.101356	0.199438	0.124372	0.134406	0.000000	2.000000	0.000000
YKL008C	YDL056W	0.388984						0.000000	2.000000	0.000000
YMR229C	YHR124W	0.388980						0.000000	2.000000	0.000000
YBR078W	YDL170W	0.388972						0.000000	-2.000000	0.000000
YOL002C	YIR033W	0.388960						0.000000	2.000000	0.000000
YOR004W	YHR124W	0.388932						0.000000	2.000000	0.000000
YDL215C	YMR037C	0.388931						1.000000	2.000000	0.000000
YOR046C	YDR253C	0.388929						0.000000	-2.000000	0.000000
YOL052C-A	YOR028C	0.388927						1.000000	2.000000	0.000000
YMR093W	YNL068C	0.388910						0.000000	2.000000	0.000000
YNL284C	YGL237C	0.388877						0.000000	2.000000	0.000000
YCL009C	YMR037C	0.388871						0.000000	2.000000	0.000000
YBL091C	YDL020C	0.388871						0.000000	2.000000	0.000000
YBL092W	YHR006W	0.388826						0.000000	2.000000	0.000000
YHR161C	YPL230W	0.388820						0.000000	2.000000	0.000000
YPR110C	YNL068C	0.388794						0.000000	2.000000	0.000000
YFR049W	YML007W	0.388788						0.000000	2.000000	0.000000
YMR121C	YEL009C	0.388785	0.000000	0.101284	0.199438	0.124314	0.134342	0.000000	2.000000	0.000000
YIR039C	YOL108C	0.388782						0.000000	2.000000	0.000000
YDR099W	YOR140W	0.388781						0.000000	-2.000000	0.000000
YKL146W	YOR028C	0.388757						0.000000	2.000000	0.000000
YMR217W	YBR240C	0.388736						0.000000	-2.000000	0.000000
YLR058C	YBR239C	0.388724						0.000000	-2.000000	0.000000
YDL179W	YHL027W	0.388724	0.000000	0.101212	0.199438	0.124256	0.134279	0.000000	-2.000000	0.000000
YKL067W	YGL166W	0.388690						0.000000	2.000000	0.000000
YAL036C	YHR124W	0.388676						0.000000	2.000000	0.000000
YNR022C	YOR028C	0.388664						0.000000	2.000000	0.000000
YJL123C	YGL237C	0.388660						0.000000	2.000000	0.000000
YLR377C	YHR084W	0.388652						1.000000	2.000000	0.000000
YLR256W	YMR037C	0.388611						0.000000	2.000000	0.000000
YLR089C	YDR421W	0.388598						0.000000	2.000000	0.000000
YLR300W	YBL103C	0.388589						0.000000	2.000000	0.000000
YDL200C	YOL108C	0.388563						0.000000	2.000000	0.000000
YNL301C	YHR124W	0.388562						0.000000	2.000000	0.000000
YGL200C	YDR451C	0.388549						0.000000	2.000000	0.000000
YLR259C	YOR140W	0.388525						0.000000	-2.000000	0.000000
YPL160W	YMR016C	0.388522						1.000000	2.000000	0.000000
YHL048W	YDL020C	0.388521						0.000000	2.000000	0.000000
YBR244W	YJR147W	0.388515						0.000000	2.000000	0.000000
YNL178W	YMR280C	0.388489						0.000000	-2.000000	0.000000
YOR208W	YKL020C	0.388443						0.000000	2.000000	0.000000
YBR169C	YOL108C	0.388440	0.000000	0.101140	0.199438	0.124198	0.134216	0.000000	2.000000	0.000000
YKR081C	YPR104C	0.388435						0.000000	2.000000	0.000000
YKL087C	YOR140W	0.388406						0.000000	-2.000000	0.000000
YER020W	YGL073W	0.388399						0.000000	2.000000	0.000000
YPR118W	YNL314W	0.388351						0.000000	2.000000	0.000000
YBR252W	YBR049C	0.388343						0.000000	2.000000	0.000000
YMR123W	YDR146C	0.388330						0.000000	-2.000000	0.000000
YHR096C	YMR016C	0.388314	0.000000	0.101068	0.199438	0.124140	0.134152	0.000000	2.000000	0.000000
YMR300C	YDR423C	0.388300						0.000000	-2.000000	0.000000
YGR236C	YMR164C	0.388291						0.000000	2.000000	0.000000
YMR260C	YBR239C	0.388283						0.000000	-2.000000	0.000000
YBR249C	YMR016C	0.388280						1.000000	2.000000	0.000000
YPR002W	YER184C	0.388259						0.000000	2.000000	0.000000
YDR002W	YMR037C	0.388251						0.000000	2.000000	0.000000
YGR007W	YCR065W	0.388245						0.000000	2.000000	0.000000
YER031C	YHR178W	0.388238						0.000000	2.000000	0.000000
YBL075C	YMR164C	0.388233						0.000000	2.000000	0.000000
YER120W	YDL020C	0.388231	0.000000	0.100996	0.199438	0.124083	0.134089	0.000000	2.000000	0.000000
YOR063W	YMR280C	0.388155						0.000000	-2.000000	0.000000
YHR139C	YLR256W	0.388121	0.000000	0.100924	0.199438	0.124025	0.134025	0.000000	-2.000000	0.000000
YDL136W	YBL005W	0.388119	0.000000	0.100852	0.199438	0.123967	0.133962	0.000000	2.000000	0.000000
YLR435W	YHR124W	0.388058						0.000000	2.000000	0.000000
YGL027C	YKL185W	0.388056						0.000000	2.000000	0.000000
YEL060C	YER040W	0.388045	0.000000	0.100781	0.199438	0.123910	0.133899	0.000000	2.000000	0.000000
YLR216C	YGL096W	0.388039						0.000000	2.000000	0.000000
YLR027C	YOL089C	0.388029						0.000000	-2.000000	0.000000
YDL210W	YMR021C	0.388016						0.000000	-2.000000	0.000000
YPL206C	YKL020C	0.387997						0.000000	2.000000	0.000000
YPR160W	YML007W	0.387981						0.000000	2.000000	0.000000
YPR188C	YDR207C	0.387979						0.000000	2.000000	0.000000
YPL198W	YBR240C	0.387975	0.000000	0.100709	0.199438	0.123852	0.133836	0.000000	-2.000000	0.000000
YER011W	YJR147W	0.387974						0.000000	2.000000	0.000000
YKL192C	YGL237C	0.387955						0.000000	2.000000	0.000000
YDR086C	YDR421W	0.387945						0.000000	2.000000	0.000000
YDR168W	YDR207C	0.387936						0.000000	2.000000	0.000000
YDR261C	YCR065W	0.387929						0.000000	2.000000	0.000000
YGL189C	YPR065W	0.387925	0.000000	0.100638	0.199438	0.123795	0.133773	0.000000	2.000000	0.000000
YDR394W	YDL020C	0.387900	1.000000	0.101275	0.200843	0.124757	0.134652	0.000000	2.000000	0.000000
YNL243W	YDR421W	0.387893						0.000000	2.000000	0.000000
YKL117W	YOL108C	0.387872						0.000000	2.000000	0.000000
YGL120C	YHR124W	0.387858						0.000000	2.000000	0.000000
YNL305C	YLR451W	0.387851	0.000000	0.101203	0.200843	0.124699	0.134588	0.000000	-2.000000	0.000000
YOL005C	YOL089C	0.387843						0.000000	-2.000000	0.000000
YCL030C	YHR206W	0.387829	0.000000	0.101132	0.200843	0.124641	0.134525	0.000000	2.000000	0.000000
YIR006C	YPL177C	0.387823						0.000000	-2.000000	0.000000
YMR135C	YOL108C	0.387813	0.000000	0.101060	0.200843	0.124584	0.134462	0.000000	2.000000	0.000000
YLR104W	YDR451C	0.387803	0.000000	0.100989	0.200843	0.124526	0.134398	0.000000	2.000000	0.000000
YPL006W	YOL067C	0.387785						0.000000	2.000000	0.000000
YGL022W	YPL075W	0.387776						0.000000	2.000000	0.000000
YPL246C	YKL112W	0.387768						0.000000	2.000000	0.000000
YGL106W	YDL020C	0.387756						0.000000	2.000000	0.000000
YOR104W	YDR034C	0.387749						0.000000	2.000000	0.000000
YKL196C	YEL009C	0.387744						0.000000	2.000000	0.000000
YOR133W	YLR451W	0.387732						0.000000	2.000000	0.000000
YGL198W	YKR034W	0.387716						0.000000	2.000000	0.000000
YMR118C	YMR164C	0.387715						0.000000	2.000000	0.000000
YGL245W	YHR178W	0.387708						0.000000	2.000000	0.000000
YER092W	YNL103W	0.387708						0.000000	-2.000000	0.000000
YGL011C	YEL009C	0.387683						0.000000	2.000000	0.000000
YKL009W	YPL089C	0.387682						0.000000	-2.000000	0.000000
YDR100W	YMR021C	0.387644						0.000000	2.000000	0.000000
YNL177C	YGL013C	0.387640						0.000000	2.000000	0.000000
YOL133W	YKR034W	0.387635						0.000000	2.000000	0.000000
YMR208W	YDR207C	0.387634						0.000000	2.000000	0.000000
YPL100W	YPL230W	0.387619						0.000000	2.000000	0.000000
YDR394W	YDR207C	0.387618	0.000000	0.100917	0.200843	0.124469	0.134335	0.000000	2.000000	0.000000
YER146W	YPR065W	0.387613						0.000000	2.000000	0.000000
YNL002C	YML099C	0.387578						0.000000	-2.000000	0.000000
YIL062C	YOL089C	0.387568						0.000000	-2.000000	0.000000
YBL026W	YLR013W	0.387566						0.000000	2.000000	0.000000
YDR242W	YJR147W	0.387561						0.000000	2.000000	0.000000
YGR185C	YIR018W	0.387554	0.000000	0.100846	0.200843	0.124411	0.134272	0.000000	2.000000	0.000000
YLR327C	YGL071W	0.387547	0.000000	0.100775	0.200843	0.124354	0.134209	0.000000	2.000000	0.000000
YDL117W	YLR176C	0.387546						0.000000	-2.000000	0.000000
YGR055W	YDL106C	0.387490	0.000000	0.100704	0.200843	0.124297	0.134146	0.000000	2.000000	0.000000
YHR021C	YAL051W	0.387472						0.000000	-2.000000	0.000000
YDL078C	YGL013C	0.387466						0.000000	2.000000	0.000000
YDR264C	YDR034C	0.387454						0.000000	2.000000	0.000000
YOR273C	YGR249W	0.387439						0.000000	-2.000000	0.000000
YHR215W	YMR042W	0.387387	0.000000	0.100633	0.200843	0.124239	0.134083	0.000000	-2.000000	0.000000
YLR043C	YIR017C	0.387382						0.000000	2.000000	0.000000
YGL012W	YDL056W	0.387369						0.000000	2.000000	0.000000
YIL088C	YDR259C	0.387369						0.000000	2.000000	0.000000
YJL200C	YPL038W	0.387343	0.000000	0.100563	0.200843	0.124182	0.134021	0.000000	2.000000	0.000000
YLR258W	YGL166W	0.387337	0.000000	0.100492	0.200843	0.124125	0.133958	0.000000	2.000000	0.000000
YER072W	YHR178W	0.387289						0.000000	2.000000	0.000000
YML110C	YDR174W	0.387269						0.000000	2.000000	0.000000
YER018C	YMR037C	0.387235						0.000000	2.000000	0.000000
YMR012W	YGL237C	0.387233						0.000000	2.000000	0.000000
YNL251C	YGL073W	0.387221						0.000000	2.000000	0.000000
YMR169C	YDR216W	0.387183	0.000000	0.100421	0.200843	0.124068	0.133895	0.000000	2.000000	0.000000
YGR218W	YHL009C	0.387163						0.000000	2.000000	0.000000
YEL001C	YHR178W	0.387159						0.000000	2.000000	0.000000
YJL111W	YOR344C	0.387156						0.000000	2.000000	0.000000
YER007C-A	YIR018W	0.387145						0.000000	2.000000	0.000000
YBR058C-A	YDR451C	0.387140						0.000000	2.000000	0.000000
YER072W	YKL038W	0.387126						0.000000	2.000000	0.000000
YPR082C	YNL103W	0.387123						0.000000	-2.000000	0.000000
YER044C	YDR207C	0.387121						0.000000	2.000000	0.000000
YPL221W	YKL185W	0.387115						0.000000	2.000000	0.000000
YOR382W	YDR421W	0.387115						0.000000	2.000000	0.000000
YKL064W	YDR034C	0.387077						0.000000	2.000000	0.000000
YDL103C	YER088C	0.387075						0.000000	2.000000	0.000000
YLR441C	YMR280C	0.387067	0.000000	0.100351	0.200843	0.124011	0.133832	0.000000	-2.000000	0.000000
YMR011W	YOR358W	0.387059	0.000000	0.100281	0.200843	0.123954	0.133770	0.000000	-2.000000	0.000000
YDR208W	YDR034C	0.387040						0.000000	2.000000	0.000000
YJR125C	YOL089C	0.387039						0.000000	-2.000000	0.000000
YMR195W	YMR021C	0.387037						0.000000	2.000000	0.000000
YML126C	YDR451C	0.387011	0.000000	0.100210	0.200843	0.123897	0.133707	0.000000	2.000000	0.000000
YBR234C	YOL089C	0.387003						0.000000	-2.000000	0.000000
YLR073C	YNL068C	0.386993						0.000000	2.000000	0.000000
YDR432W	YDL020C	0.386989						0.000000	2.000000	0.000000
YGR189C	YHL027W	0.386984	0.000000	0.100140	0.200843	0.123840	0.133645	0.000000	-2.000000	0.000000
YGL100W	YDR174W	0.386978						0.000000	2.000000	0.000000
YGR282C	YCR065W	0.386976						0.000000	2.000000	0.000000
YFR003C	YNL103W	0.386968	0.000000	0.100070	0.200843	0.123783	0.133582	0.000000	-2.000000	0.000000
YHR052W	YBR083W	0.386958						0.000000	-2.000000	0.000000
YMR300C	YBR239C	0.386954						0.000000	-2.000000	0.000000
YJL121C	YIR018W	0.386952						0.000000	2.000000	0.000000
YER048C	YBL021C	0.386949						0.000000	-2.000000	0.000000
YOR128C	YDR034C	0.386929						0.000000	2.000000	0.000000
YGR281W	YNL103W	0.386912						0.000000	-2.000000	0.000000
YPL226W	YGL209W	0.386901	0.000000	0.100000	0.200843	0.123726	0.133520	0.000000	2.000000	0.000000
YCL059C	YBR240C	0.386883						0.000000	-2.000000	0.000000
YKR062W	YDR207C	0.386868						0.000000	2.000000	0.000000
YOR128C	YCR065W	0.386860						0.000000	2.000000	0.000000
YOR275C	YPL230W	0.386854						0.000000	2.000000	0.000000
YPL196W	YOL067C	0.386853						0.000000	2.000000	0.000000
YPR163C	YBL005W	0.386836						0.000000	2.000000	0.000000
YNL062C	YGL209W	0.386816						0.000000	2.000000	0.000000
YBR093C	YDL106C	0.386815	1.000000	0.100629	0.202247	0.124682	0.134391	0.000000	2.000000	0.000000
YNL274C	YKL032C	0.386796						0.000000	2.000000	0.000000
YGR102C	YJL056C	0.386772						0.000000	2.000000	0.000000
YKL160W	YIL036W	0.386736						0.000000	2.000000	0.000000
YDR399W	YBR240C	0.386727						0.000000	-2.000000	0.000000
YPR133C	YLR013W	0.386723						0.000000	2.000000	0.000000
YFL044C	YKL032C	0.386723						0.000000	2.000000	0.000000
YEL060C	YDR259C	0.386698						0.000000	2.000000	0.000000
YLR301W	YDR034C	0.386683						0.000000	-2.000000	0.000000
YLR292C	YIR017C	0.386676						0.000000	2.000000	0.000000
YIL074C	YFL021W	0.386660						0.000000	2.000000	0.000000
YMR092C	YHL027W	0.386642						0.000000	-2.000000	0.000000
YIL158W	YCR065W	0.386640						0.000000	2.000000	0.000000
YMR071C	YGL166W	0.386624						0.000000	2.000000	0.000000
YER145C	YOR162C	0.386616						0.000000	2.000000	0.000000
YPL090C	YDL106C	0.386604						0.000000	2.000000	0.000000
YLR195C	YDR034C	0.386582						0.000000	2.000000	0.000000
YBL056W	YER088C	0.386557						0.000000	2.000000	0.000000
YJL167W	YHL027W	0.386555						0.000000	-2.000000	0.000000
YCL034W	YPL177C	0.386519						0.000000	-2.000000	0.000000
YBR164C	YEL009C	0.386471						0.000000	2.000000	0.000000
YKR088C	YDR034C	0.386459						0.000000	2.000000	0.000000
YML067C	YDR034C	0.386451						0.000000	2.000000	0.000000
YDR059C	YDR207C	0.386442						0.000000	2.000000	0.000000
YNL281W	YOL028C	0.386435						0.000000	2.000000	0.000000
YIL039W	YDR034C	0.386432						0.000000	2.000000	0.000000
YBR290W	YPL230W	0.386418						0.000000	2.000000	0.000000
YHR009C	YGL237C	0.386409						0.000000	2.000000	0.000000
YMR096W	YGR249W	0.386389						0.000000	2.000000	0.000000
YBR263W	YDR034C	0.386381						0.000000	2.000000	0.000000
YAL055W	YPL230W	0.386372						0.000000	2.000000	0.000000
YDR041W	YKL020C	0.386370						0.000000	2.000000	0.000000
YIR032C	YBR083W	0.386363						0.000000	2.000000	0.000000
YMR202W	YNL167C	0.386352						0.000000	-2.000000	0.000000
YOL133W	YDR259C	0.386345						0.000000	2.000000	0.000000
YJR048W	YIR023W	0.386341						0.000000	2.000000	0.000000
YOL143C	YBL021C	0.386333						0.000000	-2.000000	0.000000
YDR510W	YCR084C	0.386323						0.000000	-2.000000	0.000000
YMR220W	YGL096W	0.386312						0.000000	2.000000	0.000000
YGR185C	YOR162C	0.386310						0.000000	2.000000	0.000000
YER053C	YOR140W	0.386302						0.000000	-2.000000	0.000000
YOR043W	YER088C	0.386301						0.000000	2.000000	0.000000
YGL009C	YHR006W	0.386297						0.000000	-2.000000	0.000000
YER043C	YKL038W	0.386293						0.000000	2.000000	0.000000
YIR038C	YIR023W	0.386286	0.000000	0.100559	0.202247	0.124625	0.134328	0.000000	2.000000	0.000000
YML022W	YPR065W	0.386264						0.000000	2.000000	0.000000
YMR313C	YKL020C	0.386253						0.000000	2.000000	0.000000
YDL051W	YPL089C	0.386235						0.000000	-2.000000	0.000000
YPL211W	YDR146C	0.386228						0.000000	-2.000000	0.000000
YBR177C	YKR034W	0.386223						0.000000	2.000000	0.000000
YHR039C-A	YGL013C	0.386216						0.000000	2.000000	0.000000
YHR013C	YOR344C	0.386212						0.000000	2.000000	0.000000
YPL059W	YOR140W	0.386181						0.000000	-2.000000	0.000000
YMR311C	YOR140W	0.386175						0.000000	-2.000000	0.000000
YGL154C	YER088C	0.386174						0.000000	2.000000	0.000000
YDR378C	YDR174W	0.386161						0.000000	2.000000	0.000000
YEL006W	YDR207C	0.386153						0.000000	2.000000	0.000000
YLR330W	YGL096W	0.386143						0.000000	2.000000	0.000000
YOL062C	YDR034C	0.386139						0.000000	2.000000	0.000000
YER103W	YDR123C	0.386138	0.000000	0.100488	0.202247	0.124568	0.134266	0.000000	-2.000000	0.000000
YIR039C	YOR140W	0.386129						0.000000	-2.000000	0.000000
YDR074W	YMR016C	0.386096	1.000000	0.101116	0.203652	0.125523	0.135135	0.000000	2.000000	0.000000
YPR163C	YDL106C	0.386094						0.000000	2.000000	0.000000
YCL034W	YOL108C	0.386069						0.000000	2.000000	0.000000
YML042W	YHR084W	0.386068						0.000000	2.000000	0.000000
YER145C	YDR451C	0.386065	0.000000	0.101045	0.203652	0.125466	0.135072	0.000000	2.000000	0.000000
YAL042W	YNL103W	0.386043						0.000000	-2.000000	0.000000
YJR051W	YDR034C	0.386036						0.000000	2.000000	0.000000
YBR093C	YBR239C	0.386034						0.000000	-2.000000	0.000000
YER110C	YNL068C	0.386023						0.000000	2.000000	0.000000
YPR006C	YOL108C	0.386010	0.000000	0.100975	0.203652	0.125409	0.135009	0.000000	2.000000	0.000000
YMR230W	YDR253C	0.386010	0.000000	0.100905	0.203652	0.125352	0.134946	0.000000	-2.000000	0.000000
YKL053C-A	YOL067C	0.386008						0.000000	2.000000	0.000000
YPR101W	YGL209W	0.385984						0.000000	2.000000	0.000000
YGL050W	YDR034C	0.385982						0.000000	2.000000	0.000000
YGR155W	YKL038W	0.385963						0.000000	2.000000	0.000000
YKL053C-A	YBL021C	0.385955						0.000000	-2.000000	0.000000
YDR214W	YIL036W	0.385941						0.000000	2.000000	0.000000
YNL066W	YMR021C	0.385936	0.000000	0.100834	0.203652	0.125295	0.134884	0.000000	2.000000	0.000000
YDL185W	YDR421W	0.385925						0.000000	2.000000	0.000000
YJR014W	YML099C	0.385921						0.000000	-2.000000	0.000000
YBR024W	YOR140W	0.385883						0.000000	-2.000000	0.000000
YMR276W	YGL166W	0.385875	0.000000	0.100764	0.203652	0.125238	0.134821	0.000000	2.000000	0.000000
YDL085W	YGR249W	0.385870						0.000000	2.000000	0.000000
YMR136W	YPL230W	0.385860						0.000000	2.000000	0.000000
YHR025W	YBR049C	0.385859						0.000000	2.000000	0.000000
YDR357C	YCR084C	0.385815						0.000000	-2.000000	0.000000
YDR385W	YKL038W	0.385808						0.000000	2.000000	0.000000
YDR087C	YDR253C	0.385796						0.000000	-2.000000	0.000000
YKR096W	YDR034C	0.385794						0.000000	2.000000	0.000000
YFL044C	YBL103C	0.385793						0.000000	2.000000	0.000000
YJR064W	YNL314W	0.385787						0.000000	2.000000	0.000000
YML057W	YDR034C	0.385766						0.000000	2.000000	0.000000
YOL002C	YMR070W	0.385739						0.000000	2.000000	0.000000
YLR097C	YER088C	0.385736						0.000000	2.000000	0.000000
YBR249C	YIR018W	0.385717						0.000000	2.000000	0.000000
YML070W	YGL073W	0.385702						0.000000	2.000000	0.000000
YGL062W	YOR028C	0.385701						0.000000	2.000000	0.000000
YEL009C	YDL048C	0.385692						0.000000	2.000000	0.000000
YKL181W	YGR044C	0.385691						0.000000	-2.000000	0.000000
YHR057C	YIL036W	0.385683						0.000000	2.000000	0.000000
YNL112W	YDR463W	0.385667						0.000000	2.000000	0.000000
YAL039C	YOL067C	0.385662						0.000000	2.000000	0.000000
YGR120C	YBR066C	0.385655						0.000000	2.000000	0.000000
YHR025W	YKL112W	0.385651	0.000000	0.100694	0.203652	0.125181	0.134758	0.000000	2.000000	0.000000
YGL221C	YPL075W	0.385645						0.000000	2.000000	0.000000
YKR003W	YDR034C	0.385642						0.000000	2.000000	0.000000
YJR148W	YKR034W	0.385640						0.000000	2.000000	0.000000
YDR408C	YPL075W	0.385639	0.000000	0.100625	0.203652	0.125124	0.134696	0.000000	2.000000	0.000000
YCR011C	YOR140W	0.385633						0.000000	-2.000000	0.000000
YNL075W	YBL005W	0.385631						0.000000	2.000000	0.000000
YHR215W	YGL035C	0.385600	0.000000	0.100555	0.203652	0.125067	0.134633	0.000000	2.000000	0.000000
YPR060C	YOR358W	0.385586						0.000000	-2.000000	0.000000
YDL072C	YOL108C	0.385580						0.000000	2.000000	0.000000
YKR046C	YLR451W	0.385564						0.000000	-2.000000	0.000000
YJR101W	YLR176C	0.385562						0.000000	-2.000000	0.000000
YGR192C	YEL009C	0.385543	0.000000	0.100485	0.203652	0.125011	0.134571	0.000000	2.000000	0.000000
YLL024C	YMR164C	0.385536						0.000000	-2.000000	0.000000
YJL161W	YLR451W	0.385534						0.000000	-2.000000	0.000000
YGR155W	YMR042W	0.385515						0.000000	-2.000000	0.000000
YNR046W	YNL068C	0.385500						0.000000	2.000000	0.000000
YMR091C	YDR034C	0.385498						0.000000	2.000000	0.000000
YBR222C	YIR023W	0.385490						0.000000	2.000000	0.000000
YOR344C	YFR034C	0.385470						1.000000	2.000000	0.000000
YLL008W	YDR423C	0.385464						0.000000	-2.000000	0.000000
YJL192C	YJR060W	0.385462						0.000000	2.000000	0.000000
YGR218W	YER088C	0.385425						0.000000	2.000000	0.000000
YMR272C	YOL108C	0.385423						0.000000	2.000000	0.000000
YGL189C	YBL005W	0.385418	0.000000	0.100416	0.203652	0.124954	0.134508	0.000000	2.000000	0.000000
YLR348C	YKL032C	0.385412						0.000000	2.000000	0.000000
YER011W	YIR017C	0.385369	0.000000	0.100346	0.203652	0.124897	0.134446	0.000000	2.000000	0.000000
YLR437C	YMR164C	0.385365						0.000000	-2.000000	0.000000
YIL121W	YER040W	0.385350						0.000000	2.000000	0.000000
YER055C	YMR172W	0.385348						0.000000	-2.000000	0.000000
YEL060C	YIR023W	0.385331	0.000000	0.100277	0.203652	0.124841	0.134384	0.000000	2.000000	0.000000
YER083C	YDR174W	0.385313						0.000000	2.000000	0.000000
YHR019C	YPL248C	0.385313	0.000000	0.100207	0.203652	0.124784	0.134321	0.000000	-2.000000	0.000000
YHR123W	YGL166W	0.385307	0.000000	0.100138	0.203652	0.124728	0.134259	0.000000	2.000000	0.000000
YOL101C	YDR043C	0.385305						0.000000	-2.000000	0.000000
YPL127C	YDL170W	0.385292						0.000000	-2.000000	0.000000
YJL012C	YGR044C	0.385288						0.000000	-2.000000	0.000000
YNL064C	YDR423C	0.385281						0.000000	-2.000000	0.000000
YER018C	YKR034W	0.385279						0.000000	2.000000	0.000000
YKL087C	YGL013C	0.385262						0.000000	2.000000	0.000000
YOR130C	YDL020C	0.385253						0.000000	2.000000	0.000000
YML041C	YPL230W	0.385245						0.000000	2.000000	0.000000
YML069W	YMR037C	0.385242						0.000000	2.000000	0.000000
YMR049C	YHR124W	0.385187						0.000000	2.000000	0.000000
YFR025C	YER040W	0.385184						0.000000	2.000000	0.000000
YIL157C	YBL021C	0.385167						0.000000	-2.000000	0.000000
YML001W	YEL009C	0.385150						0.000000	2.000000	0.000000
YGR208W	YGL209W	0.385140						0.000000	2.000000	0.000000
YGL161C	YBL021C	0.385125						0.000000	-2.000000	0.000000
YDR139C	YBR066C	0.385114						0.000000	2.000000	0.000000
YMR170C	YNL103W	0.385113						0.000000	-2.000000	0.000000
YPL220W	YDR423C	0.385112	0.000000	0.100069	0.203652	0.124671	0.134197	0.000000	-2.000000	0.000000
YBR070C	YMR043W	0.385102						0.000000	-2.000000	0.000000
YGR207C	YMR070W	0.385093						0.000000	2.000000	0.000000
YAL053W	YLR451W	0.385082						0.000000	-2.000000	0.000000
YAL016W	YPL202C	0.385077						0.000000	-2.000000	0.000000
YKR006C	YHL009C	0.385067						0.000000	2.000000	0.000000
YBL078C	YKL032C	0.385055						0.000000	2.000000	0.000000
YPL098C	YOR140W	0.385045						0.000000	-2.000000	0.000000
YNR067C	YLR176C	0.385038	0.000000	0.100000	0.203652	0.124615	0.134135	0.000000	-2.000000	0.000000
YLR284C	YML007W	0.385035						0.000000	2.000000	0.000000
YOR051C	YKL038W	0.385033						0.000000	2.000000	0.000000
YMR079W	YEL009C	0.385031						0.000000	2.000000	0.000000
YBL056W	YGL209W	0.385030						0.000000	2.000000	0.000000
YOR335C	YOR344C	0.385021						0.000000	2.000000	0.000000
YPR165W	YHL027W	0.385019						0.000000	-2.000000	0.000000
YDR007W	YIR017C	0.385009						0.000000	2.000000	0.000000
YKL019W	YBR066C	0.384981						0.000000	2.000000	0.000000
YPL081W	YPL089C	0.384977	0.000000	0.099931	0.203652	0.124558	0.134073	0.000000	-2.000000	0.000000
YOR332W	YDL020C	0.384967						0.000000	2.000000	0.000000
YDL064W	YDR253C	0.384878						0.000000	-2.000000	0.000000
YFL045C	YER111C	0.384874						0.000000	2.000000	0.000000
YJL166W	YOL067C	0.384869						0.000000	2.000000	0.000000
YBR234C	YMR021C	0.384868						0.000000	2.000000	0.000000
YDR322W	YOL067C	0.384856						0.000000	2.000000	0.000000
YOR150W	YGL237C	0.384854						0.000000	2.000000	0.000000
YDR006C	YPL230W	0.384845						0.000000	2.000000	0.000000
YGR007W	YER088C	0.384832						0.000000	2.000000	0.000000
YJL191W	YGR044C	0.384790						0.000000	-2.000000	0.000000
YMR092C	YNL103W	0.384788						0.000000	-2.000000	0.000000
YIL155C	YER184C	0.384785						0.000000	2.000000	0.000000
YKR025W	YHR006W	0.384771						0.000000	-2.000000	0.000000
YPL266W	YBR083W	0.384767						0.000000	-2.000000	0.000000
YOR270C	YLR228C	0.384760						0.000000	2.000000	0.000000
YPL092W	YOR140W	0.384735						0.000000	-2.000000	0.000000
YNL264C	YBR066C	0.384728						0.000000	2.000000	0.000000
YEL060C	YKL020C	0.384714						0.000000	2.000000	0.000000
YLR262C-A	YGL096W	0.384709						0.000000	2.000000	0.000000
YCR088W	YIR023W	0.384708						0.000000	2.000000	0.000000
YCL050C	YNL167C	0.384699						0.000000	2.000000	0.000000
YNR053C	YDR463W	0.384697						0.000000	2.000000	0.000000
YKL187C	YMR172W	0.384695						0.000000	2.000000	0.000000
YDR242W	YDR463W	0.384685						0.000000	-2.000000	0.000000
YDL126C	YOL089C	0.384685						0.000000	-2.000000	0.000000
YLL040C	YDR421W	0.384678						0.000000	2.000000	0.000000
YBR147W	YDR259C	0.384659						0.000000	2.000000	0.000000
YMR015C	YGL209W	0.384656	0.000000	0.099862	0.203652	0.124502	0.134011	0.000000	2.000000	0.000000
YGR194C	YKL020C	0.384639						0.000000	2.000000	0.000000
YPR069C	YFR034C	0.384638						0.000000	2.000000	0.000000
YLR413W	YNL027W	0.384622						0.000000	-2.000000	0.000000
YDR031W	YOL067C	0.384619						0.000000	2.000000	0.000000
YOR348C	YKR034W	0.384618						0.000000	2.000000	0.000000
YPL265W	YKR034W	0.384589						0.000000	2.000000	0.000000
YDR226W	YEL009C	0.384585						0.000000	2.000000	0.000000
YJL164C	YNL103W	0.384578						0.000000	-2.000000	0.000000
YKL021C	YIL036W	0.384574						0.000000	2.000000	0.000000
YOL005C	YDR174W	0.384566						0.000000	2.000000	0.000000
YGR285C	YJR060W	0.384562						0.000000	2.000000	0.000000
YIL106W	YPL230W	0.384554						0.000000	2.000000	0.000000
YNL070W	YOR140W	0.384549						0.000000	-2.000000	0.000000
YBR005W	YGL209W	0.384544						0.000000	2.000000	0.000000
YBR187W	YKL062W	0.384526						0.000000	-2.000000	0.000000
YNL098C	YBL021C	0.384494						0.000000	-2.000000	0.000000
YMR246W	YDR207C	0.384479	0.000000	0.099794	0.203652	0.124446	0.133949	0.000000	2.000000	0.000000
YJL002C	YHR206W	0.384463						0.000000	2.000000	0.000000
YLR066W	YIR017C	0.384452						0.000000	2.000000	0.000000
YLR097C	YDR034C	0.384446						0.000000	2.000000	0.000000
YDL115C	YDR034C	0.384437						0.000000	2.000000	0.000000
YDR462W	YOL067C	0.384432						0.000000	2.000000	0.000000
YCL034W	YGL013C	0.384426						0.000000	2.000000	0.000000
YDR129C	YDR034C	0.384366						0.000000	2.000000	0.000000
YNL308C	YIL036W	0.384363						0.000000	2.000000	0.000000
YGR161C	YKL020C	0.384356						0.000000	2.000000	0.000000
YFR047C	YML007W	0.384337						0.000000	2.000000	0.000000
YNL209W	YBL005W	0.384321						0.000000	2.000000	0.000000
YCR036W	YBL103C	0.384309						0.000000	2.000000	0.000000
YLR256W	YIR017C	0.384306						0.000000	2.000000	0.000000
YDR513W	YKL020C	0.384285						0.000000	2.000000	0.000000
YFR031C-A	YIL101C	0.384279	0.000000	0.099725	0.203652	0.124390	0.133887	0.000000	-2.000000	0.000000
YER094C	YDR174W	0.384279						0.000000	2.000000	0.000000
YBR291C	YGL209W	0.384247						0.000000	2.000000	0.000000
YML042W	YOR140W	0.384244						0.000000	-2.000000	0.000000
YCR002C	YEL009C	0.384244						0.000000	2.000000	0.000000
YLR065C	YPR065W	0.384243						0.000000	2.000000	0.000000
YOR027W	YGL209W	0.384215	0.000000	0.099656	0.203652	0.124334	0.133826	0.000000	2.000000	0.000000
YLR113W	YLR176C	0.384212						0.000000	-2.000000	0.000000
YGR207C	YNL103W	0.384172						0.000000	-2.000000	0.000000
YDL054C	YBR066C	0.384171						0.000000	2.000000	0.000000
YAL030W	YLR451W	0.384170						0.000000	-2.000000	0.000000
YOR224C	YBL005W	0.384168						0.000000	2.000000	0.000000
YNL064C	YDR123C	0.384128						0.000000	-2.000000	0.000000
YGL040C	YOL067C	0.384104						0.000000	2.000000	0.000000
YJR135W-A	YOL108C	0.384101						0.000000	2.000000	0.000000
YNL026W	YPR008W	0.384098						0.000000	2.000000	0.000000
YHR137W	YKL032C	0.384095						0.000000	2.000000	0.000000
YJL026W	YKL020C	0.384089						0.000000	2.000000	0.000000
YIL011W	YPR009W	0.384086						0.000000	2.000000	0.000000
YBR034C	YKL038W	0.384080						0.000000	2.000000	0.000000
YBR121C	YMR164C	0.384075						0.000000	-2.000000	0.000000
YOR323C	YFR034C	0.384036						0.000000	2.000000	0.000000
YDR175C	YML007W	0.384032						0.000000	2.000000	0.000000
YDR427W	YNL103W	0.384027	0.000000	0.099588	0.203652	0.124277	0.133764	0.000000	-2.000000	0.000000
YNL178W	YJR060W	0.384024						1.000000	2.000000	0.000000
YBR160W	YBR066C	0.384011						0.000000	2.000000	0.000000
YJR009C	YHR178W	0.383991						0.000000	-2.000000	0.000000
YPL118W	YGL073W	0.383989						0.000000	2.000000	0.000000
YJR145C	YPR065W	0.383983	0.000000	0.099520	0.203652	0.124221	0.133702	0.000000	2.000000	0.000000
YER069W	YDR123C	0.383969	0.000000	0.099451	0.203652	0.124165	0.133641	0.000000	2.000000	0.000000
YJR139C	YHL027W	0.383963						0.000000	-2.000000	0.000000
YLR028C	YBL021C	0.383958	0.000000	0.099383	0.203652	0.124110	0.133579	0.000000	-2.000000	0.000000
YLR439W	YOR028C	0.383941	0.000000	0.099315	0.203652	0.124054	0.133517	0.000000	2.000000	0.000000
YPL134C	YIL036W	0.383924						0.000000	2.000000	0.000000
YNR017W	YGL013C	0.383895	0.000000	0.099247	0.203652	0.123998	0.133456	0.000000	2.000000	0.000000
YGR189C	YDL170W	0.383892	0.000000	0.099179	0.203652	0.123942	0.133395	0.000000	2.000000	0.000000
YGR105W	YKL112W	0.383854						0.000000	2.000000	0.000000
YPR182W	YNL103W	0.383843						0.000000	-2.000000	0.000000
YJL093C	YPR008W	0.383840						0.000000	2.000000	0.000000
YCL034W	YKL020C	0.383821						0.000000	2.000000	0.000000
YOL096C	YGL013C	0.383812						0.000000	2.000000	0.000000
YCR053W	YHR206W	0.383808	0.000000	0.099111	0.203652	0.123886	0.133333	0.000000	2.000000	0.000000
YFL018C	YBL021C	0.383797	0.000000	0.099044	0.203652	0.123831	0.133272	0.000000	-2.000000	0.000000
YGL058W	YBR066C	0.383783						0.000000	2.000000	0.000000
YGR267C	YMR021C	0.383782	0.000000	0.098976	0.203652	0.123775	0.133211	0.000000	2.000000	0.000000
YDR190C	YKL038W	0.383748						0.000000	2.000000	0.000000
YBR036C	YDR081C	0.383746						0.000000	-2.000000	0.000000
YOL108C	YPR008W	0.383712						0.000000	2.000000	0.000000
YKL167C	YOL067C	0.383703	0.000000	0.098909	0.203652	0.123720	0.133150	0.000000	2.000000	0.000000
YJL060W	YKL032C	0.383701	0.000000	0.098841	0.203652	0.123664	0.133089	0.000000	2.000000	0.000000
YAR027W	YIR023W	0.383689						0.000000	2.000000	0.000000
YJL020C	YDR463W	0.383686						0.000000	-2.000000	0.000000
YDR510W	YDR253C	0.383685						1.000000	2.000000	0.000000
YNL244C	YIR018W	0.383681						0.000000	2.000000	0.000000
YNL310C	YJR147W	0.383678						0.000000	2.000000	0.000000
YEL066W	YDR259C	0.383673						0.000000	2.000000	0.000000
YDR152W	YIL036W	0.383641						0.000000	2.000000	0.000000
YOL002C	YFL031W	0.383619						0.000000	2.000000	0.000000
YPL170W	YLR451W	0.383616						0.000000	-2.000000	0.000000
YBR080C	YIR017C	0.383610						0.000000	2.000000	0.000000
YDL120W	YML007W	0.383608						0.000000	2.000000	0.000000
YDL045W-A	YGL073W	0.383582						0.000000	2.000000	0.000000
YKR059W	YBR239C	0.383567						0.000000	-2.000000	0.000000
YPL123C	YNL103W	0.383560						0.000000	-2.000000	0.000000
YER038C	YKL032C	0.383543						0.000000	2.000000	0.000000
YPR187W	YBR239C	0.383539						0.000000	-2.000000	0.000000
YCR097W	YOL067C	0.383537						0.000000	2.000000	0.000000
YLR186W	YBR240C	0.383534						0.000000	-2.000000	0.000000
YDL054C	YIL119C	0.383518						0.000000	2.000000	0.000000
YGR128C	YOR363C	0.383512						0.000000	2.000000	0.000000
YHR181W	YIR017C	0.383508						0.000000	2.000000	0.000000
YDL143W	YDR520C	0.383506						0.000000	2.000000	0.000000
YGL040C	YOR028C	0.383502						0.000000	2.000000	0.000000
YDR174W	YJR060W	0.383500						0.000000	-2.000000	0.000000
YBR282W	YDR207C	0.383500						0.000000	2.000000	0.000000
YPR140W	YJL056C	0.383487						0.000000	2.000000	0.000000
YAL049C	YGL237C	0.383478						0.000000	2.000000	0.000000
YIL148W	YIL131C	0.383468	0.000000	0.098774	0.203652	0.123609	0.133028	0.000000	2.000000	0.000000
YLR414C	YPL089C	0.383455						0.000000	2.000000	0.000000
YDL229W	YPR065W	0.383448						0.000000	2.000000	0.000000
YAL042W	YEL009C	0.383435						0.000000	2.000000	0.000000
YJL173C	YDR421W	0.383435						0.000000	2.000000	0.000000
YDR196C	YML007W	0.383433						0.000000	2.000000	0.000000
YLR106C	YGL209W	0.383432						0.000000	2.000000	0.000000
YNL155W	YBR066C	0.383430						0.000000	2.000000	0.000000
YAR035W	YGL073W	0.383422						0.000000	2.000000	0.000000
YDR517W	YKR034W	0.383420						0.000000	2.000000	0.000000
YLR009W	YML099C	0.383414						0.000000	-2.000000	0.000000
YPR184W	YOL108C	0.383410	0.000000	0.098707	0.203652	0.123553	0.132967	0.000000	2.000000	0.000000
YJR135W-A	YML027W	0.383391						0.000000	2.000000	0.000000
YER070W	YER088C	0.383388						0.000000	2.000000	0.000000
YBR282W	YOR140W	0.383380						0.000000	-2.000000	0.000000
YFR025C	YDL020C	0.383366						0.000000	2.000000	0.000000
YCR036W	YDR463W	0.383362						0.000000	-2.000000	0.000000
YPL186C	YGL237C	0.383353						0.000000	2.000000	0.000000
YML048W	YHL027W	0.383349	0.000000	0.098639	0.203652	0.123498	0.132906	0.000000	-2.000000	0.000000
YLR244C	YHR006W	0.383346						0.000000	-2.000000	0.000000
YLR104W	YGL096W	0.383334						0.000000	2.000000	0.000000
YPL183W-A	YLR403W	0.383332						1.000000	2.000000	0.000000
YGL002W	YKL032C	0.383304						0.000000	2.000000	0.000000
YMR189W	YKL032C	0.383301	0.000000	0.098572	0.203652	0.123443	0.132845	0.000000	2.000000	0.000000
YGR034W	YDL106C	0.383287						0.000000	-2.000000	0.000000
YPR016C	YGL209W	0.383250						0.000000	2.000000	0.000000
YJL122W	YDR123C	0.383222						0.000000	-2.000000	0.000000
YJL096W	YOR028C	0.383204						0.000000	2.000000	0.000000
YBL102W	YMR021C	0.383199	0.000000	0.098505	0.203652	0.123387	0.132784	0.000000	2.000000	0.000000
YDR408C	YDR451C	0.383192	0.000000	0.098439	0.203652	0.123332	0.132723	0.000000	2.000000	0.000000
YLR375W	YDR253C	0.383189						1.000000	-2.000000	0.000000
YNL327W	YKL032C	0.383188						0.000000	2.000000	0.000000
YCL043C	YDL020C	0.383187						0.000000	2.000000	0.000000
YJL026W	YIR033W	0.383184	0.000000	0.098372	0.203652	0.123277	0.132662	0.000000	2.000000	0.000000
YGR020C	YOL089C	0.383170						0.000000	-2.000000	0.000000
YNL330C	YPR008W	0.383165						0.000000	2.000000	0.000000
YKL058W	YER088C	0.383162						0.000000	2.000000	0.000000
YJR076C	YGL209W	0.383154						0.000000	2.000000	0.000000
YDR494W	YOR028C	0.383146						0.000000	2.000000	0.000000
YKL138C	YGL096W	0.383146						0.000000	2.000000	0.000000
YKL002W	YGL237C	0.383142						0.000000	2.000000	0.000000
YML072C	YDR034C	0.383138						0.000000	2.000000	0.000000
YLR029C	YDR423C	0.383137						0.000000	-2.000000	0.000000
YJR014W	YGL096W	0.383130						0.000000	2.000000	0.000000
YHR163W	YOR162C	0.383127						0.000000	2.000000	0.000000
YOL040C	YIL131C	0.383127	0.000000	0.098305	0.203652	0.123222	0.132602	0.000000	2.000000	0.000000
YGL215W	YIL119C	0.383116						0.000000	2.000000	0.000000
YPL203W	YPL230W	0.383114						0.000000	2.000000	0.000000
YAR015W	YKL043W	0.383112						0.000000	2.000000	0.000000
YCR031C	YHR006W	0.383107						0.000000	2.000000	0.000000
YCL033C	YKL032C	0.383079						0.000000	2.000000	0.000000
YFL037W	YML027W	0.383068						0.000000	2.000000	0.000000
YBL022C	YGL096W	0.383055						0.000000	2.000000	0.000000
YLL040C	YKR034W	0.383052						0.000000	2.000000	0.000000
YMR186W	YKL038W	0.383040	0.000000	0.098238	0.203652	0.123167	0.132541	0.000000	2.000000	0.000000
YDR462W	YOL108C	0.383032						0.000000	2.000000	0.000000
YPR067W	YGL073W	0.383021						0.000000	2.000000	0.000000
YPR134W	YJR127C	0.383012						0.000000	2.000000	0.000000
YGL147C	YNL027W	0.383011						0.000000	-2.000000	0.000000
YBR263W	YJR127C	0.383011						0.000000	2.000000	0.000000
YNL168C	YDR421W	0.382982						0.000000	2.000000	0.000000
YEL007W	YDR207C	0.382966						0.000000	2.000000	0.000000
YNR017W	YGL096W	0.382953						0.000000	2.000000	0.000000
YLR150W	YIR018W	0.382945						0.000000	2.000000	0.000000
YJL063C	YOL067C	0.382944	0.000000	0.098172	0.203652	0.123112	0.132481	0.000000	2.000000	0.000000
YKL152C	YMR043W	0.382942	0.000000	0.098106	0.203652	0.123057	0.132420	0.000000	-2.000000	0.000000
YCL034W	YIR023W	0.382936						0.000000	2.000000	0.000000
YDR007W	YMR021C	0.382934						0.000000	2.000000	0.000000
YOR089C	YBL021C	0.382930						0.000000	-2.000000	0.000000
YER074W	YJR060W	0.382925						1.000000	2.000000	0.000000
YOR344C	YOR162C	0.382921						1.000000	-2.000000	0.000000
YLR034C	YBR066C	0.382911						0.000000	2.000000	0.000000
YOR132W	YBR066C	0.382908						0.000000	2.000000	0.000000
YPL079W	YDL106C	0.382901	0.000000	0.098039	0.203652	0.123002	0.132360	0.000000	0.000000	0.000000
YER007C-A	YIL036W	0.382893						0.000000	2.000000	0.000000
YHR063C	YLR013W	0.382864						0.000000	2.000000	0.000000
YOR157C	YMR070W	0.382856						0.000000	2.000000	0.000000
YPL006W	YOR028C	0.382849						0.000000	2.000000	0.000000
YNL244C	YPR104C	0.382843						0.000000	2.000000	0.000000
YNL091W	YIL119C	0.382824						0.000000	2.000000	0.000000
YIL009C-A	YMR021C	0.382822						0.000000	2.000000	0.000000
YIL123W	YGL209W	0.382820						0.000000	2.000000	0.000000
YPR167C	YBR083W	0.382817						0.000000	2.000000	0.000000
YPL266W	YDR253C	0.382799						0.000000	-2.000000	0.000000
YOR253W	YPR065W	0.382791						0.000000	2.000000	0.000000
YPL189C-A	YPR009W	0.382789						0.000000	2.000000	0.000000
YGR231C	YPL177C	0.382788						0.000000	-2.000000	0.000000
YGR132C	YGL096W	0.382767						0.000000	2.000000	0.000000
YKL064W	YJR127C	0.382734						0.000000	2.000000	0.000000
YDR394W	YHL009C	0.382725						0.000000	2.000000	0.000000
YHR043C	YPL133C	0.382721						0.000000	-2.000000	0.000000
YOR220W	YPL202C	0.382718						0.000000	-2.000000	0.000000
YDR032C	YDR207C	0.382703						0.000000	2.000000	0.000000
YKL086W	YDR463W	0.382703	0.000000	0.097973	0.203652	0.122947	0.132299	0.000000	-2.000000	0.000000
YMR318C	YNL103W	0.382681						0.000000	-2.000000	0.000000
YJR082C	YJR127C	0.382676						0.000000	2.000000	0.000000
YDR427W	YGL096W	0.382656						0.000000	2.000000	0.000000
YPR163C	YNL027W	0.382643						0.000000	-2.000000	0.000000
YOR232W	YIL036W	0.382636						0.000000	2.000000	0.000000
YGR027C	YPL038W	0.382629	0.000000	0.097907	0.203652	0.122893	0.132239	0.000000	-2.000000	0.000000
YER053C	YPL230W	0.382617						0.000000	2.000000	0.000000
YDR418W	YNL027W	0.382617						0.000000	-2.000000	0.000000
YBR218C	YDR174W	0.382604						0.000000	2.000000	0.000000
YLR021W	YPR008W	0.382602						0.000000	2.000000	0.000000
YOR288C	YDR123C	0.382602						0.000000	-2.000000	0.000000
YGR230W	YGR249W	0.382594						0.000000	-2.000000	0.000000
YGR101W	YPR008W	0.382583						0.000000	2.000000	0.000000
YLR439W	YML007W	0.382578	0.000000	0.097841	0.203652	0.122838	0.132179	0.000000	2.000000	0.000000
YMR079W	YKL032C	0.382576						0.000000	2.000000	0.000000
YPR187W	YKL038W	0.382576						0.000000	2.000000	0.000000
YNL330C	YJR127C	0.382566						0.000000	2.000000	0.000000
YDR519W	YMR070W	0.382564						0.000000	2.000000	0.000000
YOR220W	YOL108C	0.382558						0.000000	2.000000	0.000000
YKL172W	YPL089C	0.382556						0.000000	-2.000000	0.000000
YDR196C	YOR140W	0.382553						0.000000	-2.000000	0.000000
YPR133C	YPL202C	0.382553						0.000000	-2.000000	0.000000
YBR043C	YJR127C	0.382546						0.000000	2.000000	0.000000
YDR321W	YGR044C	0.382543						0.000000	-2.000000	0.000000
YOR074C	YPR008W	0.382533						0.000000	2.000000	0.000000
YCR003W	YCR084C	0.382522						0.000000	-2.000000	0.000000
YGR159C	YJL110C	0.382497	0.000000	0.097775	0.203652	0.122783	0.132118	0.000000	2.000000	0.000000
YHR008C	YOL067C	0.382477	0.000000	0.097709	0.203652	0.122729	0.132058	0.000000	2.000000	0.000000
YPL084W	YPR008W	0.382476						0.000000	2.000000	0.000000
YNR036C	YJL056C	0.382472						0.000000	2.000000	0.000000
YBR104W	YMR182C	0.382469						0.000000	-2.000000	0.000000
YDR165W	YPL089C	0.382465						0.000000	-2.000000	0.000000
YNR017W	YHL009C	0.382444						0.000000	2.000000	0.000000
YNL159C	YER088C	0.382442						0.000000	2.000000	0.000000
YBR294W	YIL036W	0.382437						0.000000	-2.000000	0.000000
YBR089C-A	YNL103W	0.382427						0.000000	-2.000000	0.000000
YPR182W	YGL166W	0.382419						0.000000	2.000000	0.000000
YGL006W	YIR023W	0.382410						0.000000	2.000000	0.000000
YER021W	YGL237C	0.382397						0.000000	2.000000	0.000000
YFR024C-A	YKR034W	0.382397						0.000000	2.000000	0.000000
YJR095W	YOL067C	0.382386						0.000000	2.000000	0.000000
YJL014W	YGL035C	0.382382						0.000000	2.000000	0.000000
YOR124C	YIL119C	0.382379						0.000000	2.000000	0.000000
YDL143W	YFR034C	0.382376						0.000000	2.000000	0.000000
YDL115C	YPL202C	0.382374						0.000000	-2.000000	0.000000
YOL123W	YIL036W	0.382362						0.000000	2.000000	0.000000
YER025W	YDR423C	0.382358						0.000000	-2.000000	0.000000
YMR180C	YJR127C	0.382347						0.000000	2.000000	0.000000
YER182W	YOL108C	0.382343						0.000000	2.000000	0.000000
YOR382W	YLR451W	0.382338						0.000000	-2.000000	0.000000
YKL129C	YJR127C	0.382309						0.000000	2.000000	0.000000
YIL046W	YPL230W	0.382308						0.000000	2.000000	0.000000
YOR253W	YIR018W	0.382299						0.000000	2.000000	0.000000
YKL181W	YMR042W	0.382293						0.000000	-2.000000	0.000000
YIL074C	YLR451W	0.382272	0.000000	0.097643	0.203652	0.122674	0.131998	0.000000	2.000000	0.000000
YOR316C	YPL230W	0.382270						0.000000	2.000000	0.000000
YPR194C	YDR421W	0.382268						0.000000	2.000000	0.000000
YPL031C	YBL021C	0.382263						0.000000	-2.000000	0.000000
YNL052W	YGL073W	0.382258						0.000000	2.000000	0.000000
YGR034W	YHR006W	0.382231						0.000000	2.000000	0.000000
YAL049C	YOR028C	0.382230						0.000000	2.000000	0.000000
YOR196C	YPR008W	0.382229						0.000000	2.000000	0.000000
YNL141W	YKL062W	0.382223						1.000000	2.000000	0.000000
YKR067W	YOL067C	0.382222						0.000000	2.000000	0.000000
YGR239C	YJR127C	0.382221						0.000000	2.000000	0.000000
YKR091W	YDR259C	0.382214						0.000000	2.000000	0.000000
YMR246W	YDR174W	0.382170						0.000000	2.000000	0.000000
YHR042W	YIR017C	0.382162						0.000000	2.000000	0.000000
YFR003C	YBR066C	0.382144						0.000000	2.000000	0.000000
YOR061W	YPR008W	0.382132						0.000000	2.000000	0.000000
YER099C	YIL036W	0.382126						0.000000	2.000000	0.000000
YKR043C	YBL005W	0.382102						0.000000	2.000000	0.000000
YIL078W	YBR239C	0.382098						0.000000	-2.000000	0.000000
YHR123W	YDR421W	0.382094	0.000000	0.097577	0.203652	0.122619	0.131938	0.000000	2.000000	0.000000
YLR099W-A	YHL027W	0.382090						0.000000	-2.000000	0.000000
YIR032C	YMR021C	0.382085						0.000000	2.000000	0.000000
YCL025C	YER088C	0.382078						0.000000	2.000000	0.000000
YMR120C	YKL062W	0.382070						1.000000	-2.000000	0.000000
YER090W	YFR034C	0.382068						0.000000	2.000000	0.000000
YDL054C	YPR008W	0.382066						0.000000	2.000000	0.000000
YCR036W	YMR021C	0.382066						0.000000	2.000000	0.000000
YOR064C	YPL230W	0.382059						0.000000	2.000000	0.000000
YPR158W	YCR065W	0.382055						0.000000	-2.000000	0.000000
YLR429W	YIL119C	0.382049						0.000000	2.000000	0.000000
YLR178C	YLR256W	0.382041	0.000000	0.097512	0.203652	0.122565	0.131878	0.000000	-2.000000	0.000000
YOL096C	YML007W	0.382029						0.000000	2.000000	0.000000
YIL022W	YJR127C	0.382028						0.000000	2.000000	0.000000
YPR100W	YGL096W	0.382021						0.000000	2.000000	0.000000
YHR007C	YBL021C	0.382011						0.000000	-2.000000	0.000000
YDR447C	YNL216W	0.381991						1.000000	-2.000000	0.000000
YDR140W	YBR066C	0.381988						0.000000	2.000000	0.000000
YDR487C	YNL103W	0.381987						0.000000	-2.000000	0.000000
YGL054C	YKR099W	0.381983						0.000000	2.000000	0.000000
YPL079W	YNL027W	0.381962	0.000000	0.097446	0.203652	0.122511	0.131818	0.000000	-2.000000	0.000000
YNL252C	YPR008W	0.381958						0.000000	2.000000	0.000000
YGL002W	YNL103W	0.381942						0.000000	-2.000000	0.000000
YDR105C	YJR127C	0.381933						0.000000	2.000000	0.000000
YLR208W	YMR070W	0.381933						0.000000	2.000000	0.000000
YBL057C	YPR009W	0.381924						0.000000	2.000000	0.000000
YOR153W	YMR037C	0.381921						1.000000	2.000000	0.000000
YDR497C	YBR066C	0.381904						0.000000	2.000000	0.000000
YDL081C	YPR065W	0.381893						0.000000	2.000000	0.000000
YGL219C	YOL108C	0.381884						0.000000	2.000000	0.000000
YBL058W	YGL096W	0.381882						0.000000	2.000000	0.000000
YGL100W	YHL009C	0.381872						0.000000	2.000000	0.000000
YFL037W	YDR034C	0.381869						0.000000	2.000000	0.000000
YLR229C	YEL009C	0.381853						0.000000	2.000000	0.000000
YPR138C	YIL119C	0.381841						0.000000	2.000000	0.000000
YDL142C	YIL119C	0.381841						0.000000	2.000000	0.000000
YOL077C	YBR083W	0.381828						0.000000	-2.000000	0.000000
YOL053W	YDL048C	0.381828						0.000000	2.000000	0.000000
YCL052C	YBR066C	0.381827						0.000000	2.000000	0.000000
YBR050C	YAL051W	0.381825						0.000000	2.000000	0.000000
YER023W	YOL089C	0.381822						0.000000	-2.000000	0.000000
YOR167C	YIR018W	0.381822	0.000000	0.097381	0.203652	0.122456	0.131758	0.000000	2.000000	0.000000
YOL077C	YDR146C	0.381806						0.000000	-2.000000	0.000000
YHR071W	YBR066C	0.381806						0.000000	2.000000	0.000000
YDR350C	YDL048C	0.381805						0.000000	2.000000	0.000000
YBR282W	YLR013W	0.381802						0.000000	2.000000	0.000000
YPL092W	YKL020C	0.381794						0.000000	2.000000	0.000000
YBR106W	YOL028C	0.381792						0.000000	2.000000	0.000000
YGR203W	YPL177C	0.381789						0.000000	-2.000000	0.000000
YGL248W	YIR023W	0.381780						0.000000	2.000000	0.000000
YOR228C	YGL237C	0.381764						0.000000	2.000000	0.000000
YOR198C	YHR178W	0.381751						0.000000	2.000000	0.000000
YML126C	YMR070W	0.381745	0.000000	0.097315	0.203652	0.122402	0.131698	0.000000	2.000000	0.000000
YML077W	YPR009W	0.381731						0.000000	2.000000	0.000000
YBR024W	YGL013C	0.381730						0.000000	2.000000	0.000000
YHL031C	YER088C	0.381725						0.000000	2.000000	0.000000
YER178W	YGL013C	0.381722						0.000000	2.000000	0.000000
YAL038W	YMR037C	0.381721						1.000000	2.000000	0.000000
YIL022W	YPR008W	0.381714						0.000000	2.000000	0.000000
YOR281C	YPR009W	0.381699						0.000000	2.000000	0.000000
YOL119C	YLR228C	0.381692	0.000000	0.097250	0.203652	0.122348	0.131639	0.000000	2.000000	0.000000
YNL005C	YOL108C	0.381681						0.000000	2.000000	0.000000
YKL160W	YOR140W	0.381670						0.000000	-2.000000	0.000000
YDR019C	YGR249W	0.381666						0.000000	-2.000000	0.000000
YDL134C	YGL209W	0.381661						0.000000	2.000000	0.000000
YPR102C	YNL314W	0.381659						0.000000	2.000000	0.000000
YDR342C	YDR043C	0.381648	0.000000	0.097185	0.203652	0.122293	0.131579	0.000000	2.000000	0.000000
YLR438W	YDL170W	0.381629						0.000000	-2.000000	0.000000
YOR222W	YBR066C	0.381611						0.000000	2.000000	0.000000
YER150W	YML007W	0.381604						0.000000	-2.000000	0.000000
YML063W	YPR104C	0.381594	0.000000	0.097120	0.203652	0.122239	0.131519	0.000000	2.000000	0.000000
YIL070C	YGL096W	0.381592						0.000000	2.000000	0.000000
YOR132W	YJR127C	0.381584						0.000000	2.000000	0.000000
YEL006W	YKL032C	0.381572						0.000000	2.000000	0.000000
YPL127C	YIR017C	0.381570						0.000000	2.000000	0.000000
YHR121W	YJL089W	0.381569						0.000000	2.000000	0.000000
YMR272C	YGL073W	0.381562						0.000000	2.000000	0.000000
YHR071W	YDR259C	0.381552						0.000000	2.000000	0.000000
YMR092C	YBL021C	0.381550						0.000000	-2.000000	0.000000
YLR351C	YBL021C	0.381547						0.000000	-2.000000	0.000000
YJL123C	YER088C	0.381540						0.000000	2.000000	0.000000
YGL231C	YGL166W	0.381518						0.000000	2.000000	0.000000
YPL092W	YLR228C	0.381512	0.000000	0.097055	0.203652	0.122185	0.131460	0.000000	2.000000	0.000000
YPL232W	YMR021C	0.381511						0.000000	2.000000	0.000000
YHL016C	YDR034C	0.381511						0.000000	2.000000	0.000000
YGR082W	YNL103W	0.381494						0.000000	-2.000000	0.000000
YLR097C	YJR127C	0.381494						0.000000	2.000000	0.000000
YGR264C	YBR049C	0.381492						0.000000	2.000000	0.000000
YOR197W	YMR019W	0.381490						0.000000	2.000000	0.000000
YOR367W	YDR174W	0.381489						0.000000	2.000000	0.000000
YCR082W	YGL237C	0.381480	0.000000	0.096990	0.203652	0.122131	0.131400	0.000000	2.000000	0.000000
YHR121W	YOL089C	0.381474						0.000000	-2.000000	0.000000
YCR010C	YMR172W	0.381470						0.000000	-2.000000	0.000000
YBL101C	YBR066C	0.381467						0.000000	2.000000	0.000000
YML012W	YOL089C	0.381461						0.000000	-2.000000	0.000000
YGL100W	YLR013W	0.381451						0.000000	2.000000	0.000000
YKL157W	YOR140W	0.381450						0.000000	-2.000000	0.000000
YDR394W	YLR176C	0.381447	0.000000	0.096925	0.203652	0.122077	0.131341	0.000000	-2.000000	0.000000
YCL028W	YDR174W	0.381444						0.000000	2.000000	0.000000
YMR281W	YDL048C	0.381440						0.000000	2.000000	0.000000
YOL121C	YDL106C	0.381431	0.000000	0.096860	0.203652	0.122023	0.131281	0.000000	2.000000	0.000000
YLL040C	YOR140W	0.381420						0.000000	-2.000000	0.000000
YPL160W	YIR018W	0.381419						0.000000	2.000000	0.000000
YDL234C	YDL048C	0.381415						0.000000	2.000000	0.000000
YDR339C	YIL036W	0.381415						0.000000	2.000000	0.000000
YFL022C	YER111C	0.381400	0.000000	0.096796	0.203652	0.121969	0.131222	0.000000	-2.000000	0.000000
YMR072W	YER088C	0.381382						0.000000	2.000000	0.000000
YIL155C	YPL133C	0.381375						0.000000	2.000000	0.000000
YKL138C	YGL013C	0.381374						0.000000	2.000000	0.000000
YLR003C	YPL089C	0.381372	0.000000	0.096731	0.203652	0.121915	0.131162	0.000000	-2.000000	0.000000
YKL064W	YIL119C	0.381366						0.000000	2.000000	0.000000
YMR258C	YJR127C	0.381352						0.000000	2.000000	0.000000
YGL198W	YKL032C	0.381350						0.000000	2.000000	0.000000
YNL177C	YPR008W	0.381338						0.000000	2.000000	0.000000
YDR272W	YGL073W	0.381333						0.000000	2.000000	0.000000
YMR302C	YCR084C	0.381328						0.000000	-2.000000	0.000000
YJL177W	YHR006W	0.381325						0.000000	2.000000	0.000000
YPR118W	YKL038W	0.381325						0.000000	2.000000	0.000000
YIL050W	YIR023W	0.381324						0.000000	2.000000	0.000000
YDL053C	YER088C	0.381322						0.000000	2.000000	0.000000
YIR032C	YDR259C	0.381304						0.000000	2.000000	0.000000
YDR353W	YNL103W	0.381291	0.000000	0.096667	0.203652	0.121861	0.131103	0.000000	-2.000000	0.000000
YMR015C	YDL048C	0.381289						0.000000	2.000000	0.000000
YLR220W	YIR023W	0.381287						0.000000	2.000000	0.000000
YGL253W	YHR084W	0.381269						1.000000	2.000000	0.000000
YAL049C	YGL096W	0.381263						0.000000	2.000000	0.000000
YPR165W	YCR065W	0.381253						0.000000	2.000000	0.000000
YKL172W	YIL101C	0.381229						0.000000	-2.000000	0.000000
YDL212W	YIR033W	0.381228						0.000000	2.000000	0.000000
YER148W	YKL038W	0.381208						0.000000	2.000000	0.000000
YPR065W	YMR016C	0.381196						0.000000	2.000000	0.000000
YHR063C	YCR065W	0.381193						0.000000	2.000000	0.000000
YOL127W	YNL314W	0.381187						0.000000	2.000000	0.000000
YLR048W	YBR240C	0.381180	0.000000	0.096602	0.203652	0.121808	0.131044	0.000000	2.000000	0.000000
YJR121W	YCR084C	0.381175						0.000000	2.000000	0.000000
YER001W	YDL056W	0.381163						0.000000	-2.000000	0.000000
YGL186C	YIL119C	0.381163						0.000000	2.000000	0.000000
YKL032C	YLR256W	0.381143						0.000000	-2.000000	0.000000
YNL294C	YDL170W	0.381141						0.000000	-2.000000	0.000000
YJL121C	YJL089W	0.381133						0.000000	2.000000	0.000000
YER038C	YLR451W	0.381124						0.000000	-2.000000	0.000000
YCR082W	YIL036W	0.381121						0.000000	2.000000	0.000000
YGR184C	YJR127C	0.381121						0.000000	2.000000	0.000000
YGR185C	YJL089W	0.381110						0.000000	2.000000	0.000000
YPL262W	YOR140W	0.381109						0.000000	-2.000000	0.000000
YDR079W	YOL067C	0.381103						0.000000	2.000000	0.000000
YBR005W	YBR066C	0.381101						0.000000	2.000000	0.000000
YLR370C	YMR021C	0.381088						0.000000	2.000000	0.000000
YIL062C	YLR451W	0.381087						0.000000	-2.000000	0.000000
YDL081C	YIR018W	0.381083						0.000000	2.000000	0.000000
YOR382W	YNL216W	0.381074						1.000000	2.000000	0.000000
YLR218C	YDR463W	0.381074						0.000000	-2.000000	0.000000
YIL076W	YKL032C	0.381073						0.000000	2.000000	0.000000
YNL070W	YGL013C	0.381069						0.000000	2.000000	0.000000
YDR345C	YNL167C	0.381064						0.000000	2.000000	0.000000
YPR191W	YJL056C	0.381058						0.000000	2.000000	0.000000
YMR146C	YDR043C	0.381053						0.000000	2.000000	0.000000
YNL101W	YKR034W	0.381049						0.000000	2.000000	0.000000
YBL050W	YBL021C	0.381044						0.000000	-2.000000	0.000000
YHR071W	YER088C	0.381038						0.000000	2.000000	0.000000
YOL129W	YLR451W	0.381036						0.000000	-2.000000	0.000000
YHL031C	YJR127C	0.381032						0.000000	2.000000	0.000000
YMR242C	YDL106C	0.381027	0.000000	0.096538	0.203652	0.121754	0.130985	0.000000	0.000000	0.000000
YOL097C	YPR104C	0.381021						0.000000	2.000000	0.000000
YIL043C	YHR206W	0.381020						0.000000	2.000000	0.000000
YBR009C	YKL185W	0.381015						0.000000	2.000000	0.000000
YML085C	YMR182C	0.381013						0.000000	-2.000000	0.000000
YHR215W	YOR363C	0.381011	0.000000	0.096474	0.203652	0.121700	0.130926	0.000000	2.000000	0.000000
YLR027C	YNL103W	0.381010	0.000000	0.096410	0.203652	0.121646	0.130866	0.000000	-2.000000	0.000000
YIR006C	YMR021C	0.381008						0.000000	2.000000	0.000000
YNL141W	YGR044C	0.381000						0.000000	-2.000000	0.000000
YDR044W	YIL119C	0.380985						0.000000	2.000000	0.000000
YKR100C	YDL048C	0.380985						0.000000	2.000000	0.000000
YJR137C	YDL048C	0.380984						0.000000	2.000000	0.000000
YMR300C	YLR451W	0.380973						0.000000	2.000000	0.000000
YCL034W	YHL009C	0.380970						0.000000	2.000000	0.000000
YPR184W	YJL056C	0.380959	0.000000	0.096346	0.203652	0.121593	0.130807	0.000000	2.000000	0.000000
YER110C	YMR042W	0.380948						0.000000	-2.000000	0.000000
YHR018C	YDL170W	0.380945						0.000000	-2.000000	0.000000
YDR377W	YDR034C	0.380934						0.000000	2.000000	0.000000
YIL052C	YBL005W	0.380920	0.000000	0.096282	0.203652	0.121539	0.130748	0.000000	2.000000	0.000000
YER141W	YJL056C	0.380911						0.000000	2.000000	0.000000
YPR108W	YBL021C	0.380909						0.000000	-2.000000	0.000000
YOR239W	YDL048C	0.380905						0.000000	2.000000	0.000000
YJR044C	YDL020C	0.380897						0.000000	2.000000	0.000000
YOR091W	YGR044C	0.380892						0.000000	-2.000000	0.000000
YPL183W-A	YHL009C	0.380892						0.000000	2.000000	0.000000
YGL019W	YGL166W	0.380886						0.000000	2.000000	0.000000
YLR025W	YGL096W	0.380876						0.000000	2.000000	0.000000
YOR042W	YPL202C	0.380869						0.000000	-2.000000	0.000000
YNL294C	YBR083W	0.380863						0.000000	2.000000	0.000000
YOR007C	YGL096W	0.380856						0.000000	2.000000	0.000000
YGL087C	YOL089C	0.380852						0.000000	-2.000000	0.000000
YPR028W	YLR451W	0.380850						0.000000	-2.000000	0.000000
YGR215W	YGL073W	0.380850						0.000000	2.000000	0.000000
YMR292W	YPL133C	0.380831						0.000000	-2.000000	0.000000
YGL196W	YNL103W	0.380828						0.000000	-2.000000	0.000000
YDR221W	YJR127C	0.380820						0.000000	2.000000	0.000000
YOR091W	YBR240C	0.380814						0.000000	-2.000000	0.000000
YLR083C	YPR009W	0.380812						0.000000	2.000000	0.000000
YER154W	YJR127C	0.380799						0.000000	2.000000	0.000000
YKL122C	YDL048C	0.380788						0.000000	2.000000	0.000000
YLR388W	YDL048C	0.380786						0.000000	2.000000	0.000000
YLR370C	YGL013C	0.380778						0.000000	2.000000	0.000000
YOR326W	YML027W	0.380772						0.000000	2.000000	0.000000
YBR126C	YPL230W	0.380762						0.000000	2.000000	0.000000
YNR017W	YIL036W	0.380761						0.000000	2.000000	0.000000
YPR188C	YDR034C	0.380760						0.000000	2.000000	0.000000
YNL160W	YOR140W	0.380750						0.000000	-2.000000	0.000000
YDR379C-A	YOR140W	0.380746						0.000000	-2.000000	0.000000
YOL048C	YOL108C	0.380728						0.000000	2.000000	0.000000
YDR232W	YCR084C	0.380723						0.000000	-2.000000	0.000000
YOR288C	YKL020C	0.380716						0.000000	2.000000	0.000000
YBR079C	YDR253C	0.380709						0.000000	-2.000000	0.000000
YKR067W	YGL013C	0.380699						0.000000	2.000000	0.000000
YLR454W	YPR008W	0.380696						0.000000	2.000000	0.000000
YLR193C	YOR028C	0.380694						0.000000	2.000000	0.000000
YPR025C	YKL020C	0.380692						0.000000	2.000000	0.000000
YLR142W	YDR259C	0.380690						0.000000	2.000000	0.000000
YJL063C	YCR084C	0.380686						0.000000	-2.000000	0.000000
YJL189W	YBR239C	0.380675						0.000000	-2.000000	0.000000
YIL111W	YDR034C	0.380674						0.000000	2.000000	0.000000
YDR035W	YHL027W	0.380670						0.000000	-2.000000	0.000000
YPR062W	YJL089W	0.380640						0.000000	2.000000	0.000000
YFR051C	YDR207C	0.380636						0.000000	2.000000	0.000000
YKL193C	YER088C	0.380625						0.000000	2.000000	0.000000
YDR388W	YOR140W	0.380622						0.000000	-2.000000	0.000000
YBR218C	YNL103W	0.380606	0.000000	0.096218	0.203652	0.121486	0.130689	0.000000	-2.000000	0.000000
YOR027W	YKL020C	0.380602						0.000000	2.000000	0.000000
YOR221C	YKR034W	0.380599						0.000000	2.000000	0.000000
YMR203W	YGL013C	0.380598						0.000000	2.000000	0.000000
YOR232W	YJL089W	0.380595						0.000000	2.000000	0.000000
YLR164W	YLR451W	0.380578						0.000000	-2.000000	0.000000
YDR083W	YOR363C	0.380577						0.000000	2.000000	0.000000
YFR053C	YPL230W	0.380570						0.000000	2.000000	0.000000
YGL002W	YDR034C	0.380570						0.000000	2.000000	0.000000
YHR019C	YFR034C	0.380543	0.000000	0.096154	0.203652	0.121432	0.130631	0.000000	2.000000	0.000000
YOR091W	YNL027W	0.380542						0.000000	-2.000000	0.000000
YPL006W	YOL108C	0.380541						0.000000	2.000000	0.000000
YDR085C	YJR127C	0.380540						0.000000	2.000000	0.000000
YHR188C	YJR127C	0.380538						0.000000	2.000000	0.000000
YDL145C	YIL119C	0.380517						0.000000	2.000000	0.000000
YDL075W	YLR098C	0.380508	0.000000	0.096090	0.203652	0.121379	0.130572	0.000000	-2.000000	0.000000
YNL131W	YDR123C	0.380503						0.000000	2.000000	0.000000
YBR234C	YDR174W	0.380492						0.000000	2.000000	0.000000
YLR208W	YHR206W	0.380491						0.000000	2.000000	0.000000
YOL101C	YMR164C	0.380488						0.000000	2.000000	0.000000
YLR185W	YBR239C	0.380485						0.000000	-2.000000	0.000000
YNL263C	YJR127C	0.380483						0.000000	2.000000	0.000000
YLR003C	YBR240C	0.380480	0.000000	0.096026	0.203652	0.121326	0.130513	0.000000	-2.000000	0.000000
YER063W	YDR207C	0.380479	0.000000	0.095963	0.203652	0.121272	0.130454	0.000000	2.000000	0.000000
YFR047C	YKL185W	0.380477						0.000000	2.000000	0.000000
YGR135W	YDR207C	0.380476	0.000000	0.095899	0.203652	0.121219	0.130396	0.000000	2.000000	0.000000
YPR156C	YGL209W	0.380472						0.000000	2.000000	0.000000
YKR009C	YOR028C	0.380466						0.000000	-2.000000	0.000000
YIL078W	YKL038W	0.380465						0.000000	2.000000	0.000000
YIR006C	YGL166W	0.380465						0.000000	2.000000	0.000000
YPR138C	YJR127C	0.380457						0.000000	2.000000	0.000000
YER065C	YKL062W	0.380456						1.000000	-2.000000	0.000000
YBR025C	YLR098C	0.380450						0.000000	-2.000000	0.000000
YBR077C	YDR463W	0.380446						0.000000	-2.000000	0.000000
YKL160W	YGL237C	0.380445						0.000000	2.000000	0.000000
YEL039C	YLR451W	0.380425						0.000000	-2.000000	0.000000
YKL185W	YHL009C	0.380417						0.000000	2.000000	0.000000
YER055C	YJR060W	0.380409						1.000000	-2.000000	0.000000
YMR256C	YML007W	0.380398						0.000000	2.000000	0.000000
YLR216C	YLR176C	0.380398	0.000000	0.095836	0.203652	0.121166	0.130337	0.000000	-2.000000	0.000000
YJL063C	YPR008W	0.380383						0.000000	2.000000	0.000000
YKL127W	YKL043W	0.380374						0.000000	2.000000	0.000000
YBR140C	YJR127C	0.380373						0.000000	2.000000	0.000000
YNL015W	YIL036W	0.380366						0.000000	2.000000	0.000000
YDR127W	YDR123C	0.380361						0.000000	2.000000	0.000000
YDR074W	YLR176C	0.380359	0.000000	0.095773	0.203652	0.121113	0.130279	0.000000	2.000000	0.000000
YNL310C	YNL103W	0.380352						0.000000	-2.000000	0.000000
YHR025W	YMR172W	0.380350						0.000000	-2.000000	0.000000
YMR056C	YER169W	0.380346						0.000000	-2.000000	0.000000
YLR250W	YBL021C	0.380342						0.000000	-2.000000	0.000000
YBL007C	YPR008W	0.380337						0.000000	2.000000	0.000000
YBR127C	YER088C	0.380335						0.000000	2.000000	0.000000
YLR259C	YCR084C	0.380335						0.000000	-2.000000	0.000000
YBL003C	YCR065W	0.380305						0.000000	2.000000	0.000000
YPR043W	YBR049C	0.380304						0.000000	2.000000	0.000000
YML022W	YDR423C	0.380298						0.000000	-2.000000	0.000000
YHR179W	YHR084W	0.380290						1.000000	2.000000	0.000000
YDL015C	YPL202C	0.380284						0.000000	-2.000000	0.000000
YDL078C	YPL202C	0.380279						0.000000	-2.000000	0.000000
YHL020C	YPL230W	0.380276						0.000000	2.000000	0.000000
YMR022W	YKL032C	0.380274						0.000000	2.000000	0.000000
YKR100C	YIL119C	0.380263						0.000000	2.000000	0.000000
YMR121C	YDR207C	0.380249	0.000000	0.095710	0.203652	0.121060	0.130220	0.000000	2.000000	0.000000
YBL002W	YMR016C	0.380238						0.000000	-2.000000	0.000000
YNL024C-A	YDR034C	0.380238						0.000000	2.000000	0.000000
YOR316C	YER088C	0.380237						0.000000	2.000000	0.000000
YDL143W	YKL038W	0.380229						0.000000	2.000000	0.000000
YGR267C	YBL021C	0.380215	0.000000	0.095646	0.203652	0.121007	0.130162	0.000000	-2.000000	0.000000
YER117W	YDL106C	0.380202	0.000000	0.095583	0.203652	0.120954	0.130103	0.000000	-2.000000	0.000000
YMR184W	YBL103C	0.380192						0.000000	2.000000	0.000000
YLR439W	YGL013C	0.380185	0.000000	0.095520	0.203652	0.120848	0.130045	0.000000	2.000000	0.000000
YNL301C	YNL027W	0.380185	0.000000	0.095458	0.203652	0.120848	0.129987	0.000000	-2.000000	0.000000
YNL125C	YDR259C	0.380162						0.000000	2.000000	0.000000
YMR022W	YGL013C	0.380162						0.000000	2.000000	0.000000
YHL001W	YEL009C	0.380161						1.000000	2.000000	0.000000
YBL047C	YDR463W	0.380129						0.000000	-2.000000	0.000000
YGR207C	YCR084C	0.380125						0.000000	-2.000000	0.000000
YOR103C	YFR034C	0.380122						0.000000	2.000000	0.000000
YBL058W	YDR034C	0.380121						0.000000	2.000000	0.000000
YML057W	YIL119C	0.380118						0.000000	2.000000	0.000000
YMR313C	YJR127C	0.380116						0.000000	2.000000	0.000000
YDL184C	YDR174W	0.380107						0.000000	2.000000	0.000000
YGL100W	YBR066C	0.380101						0.000000	2.000000	0.000000
YEL006W	YML081W	0.380089						0.000000	2.000000	0.000000
YKL056C	YIR018W	0.380089						0.000000	2.000000	0.000000
YOL061W	YLR098C	0.380069						0.000000	-2.000000	0.000000
YDL188C	YDL048C	0.380068						0.000000	2.000000	0.000000
YOL039W	YPL248C	0.380063						0.000000	-2.000000	0.000000
YJR001W	YIR017C	0.380052						0.000000	2.000000	0.000000
YCR036W	YDL170W	0.380049						0.000000	-2.000000	0.000000
YER069W	YER169W	0.380044						0.000000	-2.000000	0.000000
YLL041C	YPL230W	0.380039						0.000000	2.000000	0.000000
YOR197W	YDR207C	0.380034						0.000000	2.000000	0.000000
YLR350W	YGL013C	0.380027						0.000000	2.000000	0.000000
YLR438C-A	YHL009C	0.380024						0.000000	2.000000	0.000000
YPL170W	YNL103W	0.380019						0.000000	-2.000000	0.000000
YDR427W	YDR207C	0.380016	0.000000	0.095395	0.203652	0.120795	0.129928	0.000000	2.000000	0.000000
YGR207C	YBR066C	0.380012						0.000000	2.000000	0.000000
YKL212W	YIL119C	0.380004						0.000000	2.000000	0.000000
YLR218C	YGL166W	0.379987						0.000000	2.000000	0.000000
YMR110C	YGL073W	0.379984						0.000000	2.000000	0.000000
YGL115W	YDR207C	0.379983						0.000000	2.000000	0.000000
YGL011C	YDR174W	0.379982						0.000000	2.000000	0.000000
YJL080C	YDL056W	0.379980						0.000000	2.000000	0.000000
YKL119C	YIL119C	0.379972						0.000000	2.000000	0.000000
YGR204W	YMR021C	0.379969						0.000000	2.000000	0.000000
YHR049W	YOL028C	0.379969						0.000000	2.000000	0.000000
YDR119W	YIL119C	0.379966						0.000000	2.000000	0.000000
YOR173W	YLR256W	0.379954	0.000000	0.095332	0.203652	0.120742	0.129870	0.000000	-2.000000	0.000000
YLR186W	YPR199C	0.379950						0.000000	-2.000000	0.000000
YMR136W	YGR249W	0.379949						0.000000	2.000000	0.000000
YFL038C	YER088C	0.379942						0.000000	2.000000	0.000000
YOR003W	YJR127C	0.379940						0.000000	2.000000	0.000000
YCR082W	YCR084C	0.379935						0.000000	-2.000000	0.000000
YKL210W	YGR249W	0.379932						0.000000	-2.000000	0.000000
YPR102C	YHR006W	0.379910						0.000000	2.000000	0.000000
YGL189C	YLR131C	0.379898	0.000000	0.095269	0.203652	0.120689	0.129812	0.000000	2.000000	0.000000
YGR084C	YPR008W	0.379888						0.000000	2.000000	0.000000
YLR229C	YOL089C	0.379887						0.000000	-2.000000	0.000000
YNL071W	YOR140W	0.379882						0.000000	-2.000000	0.000000
YBR014C	YPL230W	0.379870						0.000000	2.000000	0.000000
YMR314W	YBL021C	0.379867						0.000000	-2.000000	0.000000
YLR203C	YOL108C	0.379864						0.000000	2.000000	0.000000
YFL037W	YPR009W	0.379860						0.000000	2.000000	0.000000
YGR014W	YJR127C	0.379848						0.000000	2.000000	0.000000
YNL220W	YHL027W	0.379835						0.000000	-2.000000	0.000000
YGR105W	YBL021C	0.379831						0.000000	-2.000000	0.000000
YLR185W	YNL027W	0.379811	0.000000	0.095207	0.203652	0.120637	0.129754	0.000000	2.000000	0.000000
YPR082C	YOR140W	0.379806						0.000000	-2.000000	0.000000
YPL031C	YNL103W	0.379782						0.000000	-2.000000	0.000000
YDL128W	YER088C	0.379779						0.000000	2.000000	0.000000
YKL126W	YDR463W	0.379774						0.000000	-2.000000	0.000000
YKL098W	YML081W	0.379758						0.000000	2.000000	0.000000
YNL118C	YDL048C	0.379752						0.000000	2.000000	0.000000
YBL091C	YDR174W	0.379747						0.000000	2.000000	0.000000
YLR099W-A	YBL103C	0.379743						0.000000	2.000000	0.000000
YBR059C	YDL048C	0.379741						0.000000	2.000000	0.000000
YGR202C	YDL048C	0.379741						0.000000	2.000000	0.000000
YLR204W	YGL096W	0.379737						0.000000	2.000000	0.000000
YNL055C	YOL108C	0.379736						0.000000	-2.000000	0.000000
YNL125C	YKL032C	0.379734						0.000000	2.000000	0.000000
YIL157C	YHL009C	0.379729						0.000000	2.000000	0.000000
YOR347C	YDL020C	0.379729						0.000000	2.000000	0.000000
YDL097C	YGL013C	0.379726	0.000000	0.095144	0.203652	0.120584	0.129696	0.000000	2.000000	0.000000
YNL155W	YML081W	0.379724						0.000000	2.000000	0.000000
YIL142W	YIL119C	0.379717						0.000000	2.000000	0.000000
YPL031C	YKL032C	0.379711						0.000000	2.000000	0.000000
YOR340C	YHR006W	0.379709						0.000000	-2.000000	0.000000
YJR058C	YMR021C	0.379707						0.000000	2.000000	0.000000
YDL181W	YGL013C	0.379698						0.000000	2.000000	0.000000
YBR052C	YOR140W	0.379698						0.000000	-2.000000	0.000000
YOL064C	YMR021C	0.379691	0.000000	0.095082	0.203652	0.120531	0.129638	0.000000	2.000000	0.000000
YML101C	YDR034C	0.379691						0.000000	2.000000	0.000000
YLR163C	YPL230W	0.379683						0.000000	2.000000	0.000000
YLR203C	YGL073W	0.379679						0.000000	2.000000	0.000000
YMR152W	YDR207C	0.379653						0.000000	2.000000	0.000000
YPR041W	YBR239C	0.379629						0.000000	-2.000000	0.000000
YDR512C	YGL013C	0.379626						0.000000	2.000000	0.000000
YHR009C	YBR066C	0.379624						0.000000	2.000000	0.000000
YLL014W	YJR147W	0.379621						0.000000	2.000000	0.000000
YHR113W	YDR207C	0.379620						0.000000	2.000000	0.000000
YFR051C	YDR174W	0.379617						0.000000	2.000000	0.000000
YGR094W	YJL089W	0.379616						0.000000	2.000000	0.000000
YGR277C	YBR066C	0.379614						0.000000	2.000000	0.000000
YJR034W	YIL036W	0.379612						0.000000	2.000000	0.000000
YCR046C	YHL009C	0.379610						0.000000	2.000000	0.000000
YLR377C	YDR213W	0.379609						0.000000	-2.000000	0.000000
YLR354C	YKL032C	0.379605						0.000000	2.000000	0.000000
YLL018C	YPL133C	0.379589						0.000000	-2.000000	0.000000
YBL039C	YOR162C	0.379587						1.000000	2.000000	0.000000
YIL111W	YIL119C	0.379586						0.000000	2.000000	0.000000
YMR120C	YPR009W	0.379583						0.000000	2.000000	0.000000
YDL135C	YDR207C	0.379572						0.000000	2.000000	0.000000
YMR049C	YBR083W	0.379564						0.000000	-2.000000	0.000000
YBR080C	YGL166W	0.379551						0.000000	2.000000	0.000000
YOR253W	YGR044C	0.379546						0.000000	-2.000000	0.000000
YKL056C	YOR344C	0.379530						0.000000	2.000000	0.000000
YDR072C	YMR016C	0.379529						0.000000	2.000000	0.000000
YLR092W	YGL209W	0.379525						0.000000	2.000000	0.000000
YDL143W	YKL112W	0.379508						0.000000	2.000000	0.000000
YML078W	YGL096W	0.379504						0.000000	2.000000	0.000000
YGL210W	YML081W	0.379503						0.000000	2.000000	0.000000
YJL161W	YOL067C	0.379494						0.000000	2.000000	0.000000
YFR024C-A	YNL103W	0.379493						0.000000	-2.000000	0.000000
YPR138C	YPR008W	0.379487						0.000000	2.000000	0.000000
YPL179W	YDL048C	0.379473						0.000000	2.000000	0.000000
YMR139W	YDR207C	0.379470						0.000000	2.000000	0.000000
YBR127C	YJR127C	0.379467						0.000000	2.000000	0.000000
YKR080W	YKR099W	0.379461	1.000000	0.095675	0.205056	0.121461	0.130474	0.000000	2.000000	0.000000
YDR129C	YOR140W	0.379453						0.000000	-2.000000	0.000000
YDR486C	YNL103W	0.379453						0.000000	-2.000000	0.000000
YDR035W	YKL032C	0.379447						0.000000	2.000000	0.000000
YER083C	YDR034C	0.379432						0.000000	2.000000	0.000000
YJL217W	YDR207C	0.379432						0.000000	2.000000	0.000000
YLR214W	YJR147W	0.379417						0.000000	-2.000000	0.000000
YKL002W	YGL073W	0.379408						0.000000	2.000000	0.000000
YHL048W	YGL166W	0.379407						0.000000	2.000000	0.000000
YDR190C	YLR176C	0.379407						0.000000	-2.000000	0.000000
YNL071W	YGL096W	0.379406						0.000000	2.000000	0.000000
YDR086C	YLR176C	0.379399						0.000000	-2.000000	0.000000
YKR089C	YKL020C	0.379399						0.000000	2.000000	0.000000
YNL175C	YLR098C	0.379390						0.000000	-2.000000	0.000000
YOR367W	YDR421W	0.379388	0.000000	0.095612	0.205056	0.121408	0.130415	0.000000	2.000000	0.000000
YJL196C	YDR421W	0.379386						0.000000	2.000000	0.000000
YPR183W	YDR421W	0.379380						0.000000	2.000000	0.000000
YJR045C	YGL096W	0.379375						0.000000	2.000000	0.000000
YNL037C	YPL177C	0.379374	0.000000	0.095550	0.205056	0.121355	0.130357	0.000000	-2.000000	0.000000
YNR046W	YBR240C	0.379368						0.000000	-2.000000	0.000000
YMR286W	YGL096W	0.379357						0.000000	2.000000	0.000000
YIL050W	YGL096W	0.379347						0.000000	2.000000	0.000000
YIR037W	YER088C	0.379343						0.000000	2.000000	0.000000
YBR122C	YER088C	0.379343						0.000000	2.000000	0.000000
YER086W	YOR032C	0.379342						0.000000	2.000000	0.000000
YEL009C	YBR182C	0.379338						0.000000	-2.000000	0.000000
YLR060W	YBR239C	0.379335						0.000000	-2.000000	0.000000
YOR202W	YDL170W	0.379335						0.000000	2.000000	0.000000
YKL002W	YGL096W	0.379326						0.000000	2.000000	0.000000
YBR047W	YDL020C	0.379326						0.000000	2.000000	0.000000
YIL111W	YOR230W	0.379324						0.000000	2.000000	0.000000
YER148W	YLR013W	0.379319						0.000000	2.000000	0.000000
YHR196W	YOR363C	0.379313						0.000000	2.000000	0.000000
YNR035C	YGL013C	0.379310						0.000000	2.000000	0.000000
YCL038C	YPR008W	0.379308						0.000000	2.000000	0.000000
YDR087C	YGR044C	0.379307						0.000000	-2.000000	0.000000
YML098W	YDR463W	0.379299						0.000000	-2.000000	0.000000
YHR110W	YNL103W	0.379294						0.000000	-2.000000	0.000000
YAR027W	YPL202C	0.379291						0.000000	-2.000000	0.000000
YLR300W	YKL032C	0.379284						0.000000	2.000000	0.000000
YOR222W	YIL036W	0.379282						0.000000	-2.000000	0.000000
YDR074W	YBR066C	0.379281						0.000000	2.000000	0.000000
YNL173C	YGL073W	0.379280						0.000000	2.000000	0.000000
YKL003C	YER088C	0.379280						0.000000	2.000000	0.000000
YHL033C	YPR104C	0.379279	0.000000	0.095487	0.205056	0.121302	0.130299	0.000000	2.000000	0.000000
YLR074C	YDR423C	0.379270	0.000000	0.095425	0.205056	0.121250	0.130241	0.000000	-2.000000	0.000000
YBR154C	YGR044C	0.379270						0.000000	-2.000000	0.000000
YFL018C	YOR140W	0.379267						0.000000	-2.000000	0.000000
YDR072C	YJR060W	0.379265						1.000000	-2.000000	0.000000
YHR181W	YDR174W	0.379264						0.000000	2.000000	0.000000
YML056C	YIL101C	0.379261						0.000000	-2.000000	0.000000
YFL038C	YBR066C	0.379260						0.000000	2.000000	0.000000
YKL160W	YHL009C	0.379258						0.000000	2.000000	0.000000
YGL200C	YDR174W	0.379247						0.000000	2.000000	0.000000
YIL021W	YML081W	0.379239						0.000000	2.000000	0.000000
YGR076C	YOL067C	0.379237						0.000000	2.000000	0.000000
YJL052W	YML007W	0.379229						0.000000	2.000000	0.000000
YBR036C	YCR084C	0.379225						0.000000	-2.000000	0.000000
YKL054C	YPL230W	0.379224						0.000000	2.000000	0.000000
YGR135W	YDR174W	0.379217						0.000000	2.000000	0.000000
YHR057C	YDR207C	0.379209						0.000000	2.000000	0.000000
YML048W	YDR421W	0.379205	0.000000	0.095363	0.205056	0.121197	0.130183	0.000000	2.000000	0.000000
YDR378C	YPL202C	0.379199						0.000000	-2.000000	0.000000
YHR147C	YGL073W	0.379198						0.000000	2.000000	0.000000
YBR122C	YCR084C	0.379193						0.000000	-2.000000	0.000000
YOR103C	YMR043W	0.379190						0.000000	-2.000000	0.000000
YPL028W	YNL103W	0.379188						0.000000	-2.000000	0.000000
YDR345C	YNL199C	0.379181						0.000000	2.000000	0.000000
YGL006W	YLR451W	0.379177						0.000000	-2.000000	0.000000
YOL026C	YKL032C	0.379161						0.000000	2.000000	0.000000
YMR318C	YLR176C	0.379155						0.000000	-2.000000	0.000000
YGR254W	YPR008W	0.379148						0.000000	2.000000	0.000000
YCL009C	YOL089C	0.379144						0.000000	-2.000000	0.000000
YHR051W	YER088C	0.379137						0.000000	2.000000	0.000000
YJL164C	YPL230W	0.379136						0.000000	2.000000	0.000000
YOR222W	YDR034C	0.379128						0.000000	2.000000	0.000000
YBR017C	YML081W	0.379120						0.000000	2.000000	0.000000
YJR080C	YGL073W	0.379119						0.000000	2.000000	0.000000
YCL030C	YKR034W	0.379118						0.000000	2.000000	0.000000
YPL249C-A	YBL005W	0.379109	0.000000	0.095300	0.205056	0.121144	0.130125	0.000000	2.000000	0.000000
YMR236W	YLR228C	0.379105						0.000000	2.000000	0.000000
YDR424C	YPR008W	0.379105						0.000000	2.000000	0.000000
YDR092W	YDR174W	0.379098						0.000000	2.000000	0.000000
YER019C-A	YDR174W	0.379082						0.000000	2.000000	0.000000
YMR217W	YDR043C	0.379076						0.000000	2.000000	0.000000
YJL063C	YJR127C	0.379047						0.000000	2.000000	0.000000
YKL087C	YCR084C	0.379046						0.000000	-2.000000	0.000000
YDL095W	YKL043W	0.379044						0.000000	2.000000	0.000000
YER043C	YPR009W	0.379041						0.000000	2.000000	0.000000
YBL039C	YIL101C	0.379026						0.000000	-2.000000	0.000000
YJL192C	YDR174W	0.379021						0.000000	2.000000	0.000000
YNR017W	YCR084C	0.379020						0.000000	-2.000000	0.000000
YML042W	YGL073W	0.379018						0.000000	2.000000	0.000000
YDR105C	YML081W	0.379018						0.000000	2.000000	0.000000
YPL091W	YGL096W	0.379015						0.000000	2.000000	0.000000
YPL211W	YNL027W	0.379013						0.000000	-2.000000	0.000000
YKL148C	YGL073W	0.379011						0.000000	2.000000	0.000000
YER178W	YGL096W	0.379006						0.000000	2.000000	0.000000
YOR092W	YDL048C	0.378997						0.000000	2.000000	0.000000
YMR186W	YPL202C	0.378996	0.000000	0.095238	0.205056	0.121092	0.130067	0.000000	-2.000000	0.000000
YLR104W	YER088C	0.378996						0.000000	2.000000	0.000000
YBR234C	YDR207C	0.378992						0.000000	2.000000	0.000000
YJR073C	YIL119C	0.378991						0.000000	2.000000	0.000000
YJR064W	YKL038W	0.378989						0.000000	2.000000	0.000000
YDR086C	YGL096W	0.378983						0.000000	2.000000	0.000000
YBR084C-A	YHR006W	0.378983	0.000000	0.095176	0.205056	0.121039	0.130009	0.000000	2.000000	0.000000
YLR377C	YOR028C	0.378978						0.000000	2.000000	0.000000
YJR133W	YGL096W	0.378971						0.000000	2.000000	0.000000
YER048C	YER088C	0.378970						0.000000	2.000000	0.000000
YIL074C	YBR182C	0.378969						0.000000	-2.000000	0.000000
YOR261C	YBR066C	0.378968						0.000000	2.000000	0.000000
YMR038C	YDR207C	0.378965	0.000000	0.095114	0.205056	0.120987	0.129951	0.000000	2.000000	0.000000
YKL099C	YBR240C	0.378959						0.000000	-2.000000	0.000000
YBR035C	YLR451W	0.378959						0.000000	-2.000000	0.000000
YNL177C	YKL062W	0.378958						1.000000	2.000000	0.000000
YOL109W	YGL013C	0.378955						0.000000	2.000000	0.000000
YHR025W	YMR043W	0.378949	0.000000	0.095052	0.205056	0.120934	0.129893	0.000000	-2.000000	0.000000
YOL129W	YER088C	0.378938						0.000000	2.000000	0.000000
YOL129W	YIL119C	0.378937						0.000000	2.000000	0.000000
YOR215C	YGL073W	0.378934						0.000000	2.000000	0.000000
YGR152C	YML081W	0.378932						0.000000	2.000000	0.000000
YCR036W	YDR174W	0.378927						0.000000	2.000000	0.000000
YFR033C	YGL013C	0.378924	0.000000	0.094990	0.205056	0.120882	0.129835	0.000000	2.000000	0.000000
YER122C	YMR164C	0.378914						0.000000	-2.000000	0.000000
YBR024W	YPR008W	0.378914						0.000000	2.000000	0.000000
YNL189W	YML081W	0.378913						0.000000	2.000000	0.000000
YNL071W	YER088C	0.378912						0.000000	2.000000	0.000000
YIL105C	YGL013C	0.378903						0.000000	2.000000	0.000000
YMR199W	YJR127C	0.378895						0.000000	2.000000	0.000000
YDL143W	YHR178W	0.378889						0.000000	2.000000	0.000000
YMR194C-B	YLR256W	0.378886						0.000000	-2.000000	0.000000
YLL040C	YDL048C	0.378885						0.000000	2.000000	0.000000
YOR383C	YJR127C	0.378882						0.000000	2.000000	0.000000
YLR330W	YBR066C	0.378880						0.000000	2.000000	0.000000
YDR174W	YDL048C	0.378873						0.000000	2.000000	0.000000
YDR447C	YHR006W	0.378867						0.000000	2.000000	0.000000
YGL156W	YOR140W	0.378866						0.000000	-2.000000	0.000000
YPL158C	YDR034C	0.378864						0.000000	2.000000	0.000000
YJL173C	YDL170W	0.378863						0.000000	2.000000	0.000000
YIL023C	YDR034C	0.378861						0.000000	2.000000	0.000000
YDR456W	YJR127C	0.378858						0.000000	2.000000	0.000000
YMR152W	YGL096W	0.378855						0.000000	2.000000	0.000000
YGR055W	YBR083W	0.378852	0.000000	0.094928	0.205056	0.120830	0.129778	0.000000	-2.000000	0.000000
YGR207C	YER088C	0.378847						0.000000	2.000000	0.000000
YHR029C	YKL032C	0.378847						0.000000	2.000000	0.000000
YDR031W	YCR084C	0.378843						0.000000	-2.000000	0.000000
YJR069C	YIR018W	0.378841						0.000000	2.000000	0.000000
YPR133C	YML081W	0.378835						0.000000	2.000000	0.000000
YGL215W	YML081W	0.378833						0.000000	2.000000	0.000000
YMR220W	YIL119C	0.378828						0.000000	2.000000	0.000000
YOL041C	YHR124W	0.378820						0.000000	2.000000	0.000000
YDR156W	YMR037C	0.378815						1.000000	2.000000	0.000000
YBR164C	YOL089C	0.378815						0.000000	-2.000000	0.000000
YPL013C	YGL073W	0.378814						0.000000	2.000000	0.000000
YDR119W	YML081W	0.378812						0.000000	2.000000	0.000000
YBL058W	YIL119C	0.378809						0.000000	2.000000	0.000000
YOR099W	YNL167C	0.378806						0.000000	2.000000	0.000000
YDR175C	YOR028C	0.378796						0.000000	2.000000	0.000000
YOR142W	YOR140W	0.378793						0.000000	-2.000000	0.000000
YGL073W	YBR066C	0.378789						0.000000	2.000000	0.000000
YKL172W	YBR240C	0.378784						0.000000	-2.000000	0.000000
YBR121C	YLR098C	0.378782	0.000000	0.094867	0.205056	0.120777	0.129720	0.000000	-2.000000	0.000000
YCR002C	YLR176C	0.378777						0.000000	-2.000000	0.000000
YEL021W	YPR008W	0.378777						0.000000	2.000000	0.000000
YER120W	YDR174W	0.378769						0.000000	2.000000	0.000000
YER004W	YNL103W	0.378767						0.000000	-2.000000	0.000000
YNL071W	YGL237C	0.378745						0.000000	2.000000	0.000000
YDR361C	YML081W	0.378739						0.000000	2.000000	0.000000
YPL160W	YKL038W	0.378736						0.000000	2.000000	0.000000
YDR394W	YDR034C	0.378736						0.000000	2.000000	0.000000
YJR073C	YLR014C	0.378733						0.000000	-2.000000	0.000000
YNL180C	YPR008W	0.378728						0.000000	2.000000	0.000000
YER007C-A	YDR253C	0.378717						1.000000	0.000000	0.000000
YDR465C	YOR363C	0.378710						0.000000	2.000000	0.000000
YDR063W	YBR066C	0.378707						0.000000	2.000000	0.000000
YDL237W	YKR034W	0.378705						0.000000	2.000000	0.000000
YDR079W	YGL013C	0.378701						0.000000	2.000000	0.000000
YNL141W	YIL101C	0.378700						0.000000	-2.000000	0.000000
YML106W	YMR164C	0.378700						0.000000	-2.000000	0.000000
YHR001W	YOL108C	0.378700						0.000000	2.000000	0.000000
YHR170W	YDR423C	0.378696						0.000000	-2.000000	0.000000
YAL042W	YFL031W	0.378692						0.000000	2.000000	0.000000
YJL079C	YCR084C	0.378683						0.000000	-2.000000	0.000000
YMR091C	YML081W	0.378681						0.000000	2.000000	0.000000
YJR069C	YOL028C	0.378679						0.000000	2.000000	0.000000
YOR176W	YNL103W	0.378678						0.000000	-2.000000	0.000000
YPL173W	YOR028C	0.378678						0.000000	2.000000	0.000000
YNL121C	YDL048C	0.378671						0.000000	2.000000	0.000000
YML001W	YDR174W	0.378670						0.000000	2.000000	0.000000
YIL075C	YGL209W	0.378668						0.000000	2.000000	0.000000
YAL005C	YGL013C	0.378665						0.000000	2.000000	0.000000
YBR086C	YML081W	0.378663						0.000000	2.000000	0.000000
YGR180C	YIR033W	0.378656	0.000000	0.094805	0.205056	0.120725	0.129663	0.000000	2.000000	0.000000
YER142C	YOR230W	0.378655						0.000000	2.000000	0.000000
YOR224C	YOR363C	0.378652						0.000000	2.000000	0.000000
YOR155C	YGL166W	0.378651						0.000000	2.000000	0.000000
YHR113W	YGL013C	0.378649						0.000000	2.000000	0.000000
YCL045C	YBR066C	0.378648						0.000000	2.000000	0.000000
YHR016C	YOL108C	0.378639						0.000000	2.000000	0.000000
YBR251W	YML007W	0.378637						0.000000	2.000000	0.000000
YOL026C	YLR451W	0.378632						0.000000	-2.000000	0.000000
YBR199W	YJR127C	0.378628						0.000000	2.000000	0.000000
YDL179W	YJR127C	0.378624						0.000000	2.000000	0.000000
YOR155C	YER088C	0.378623						0.000000	2.000000	0.000000
YNL075W	YBR083W	0.378623						0.000000	-2.000000	0.000000
YDR394W	YER088C	0.378621						0.000000	2.000000	0.000000
YLR378C	YBR182C	0.378618						0.000000	2.000000	0.000000
YER069W	YJR127C	0.378601						0.000000	2.000000	0.000000
YKR003W	YIL119C	0.378601						0.000000	2.000000	0.000000
YAL049C	YMR019W	0.378590						0.000000	2.000000	0.000000
YFR051C	YHL027W	0.378586						0.000000	-2.000000	0.000000
YKL143W	YIL036W	0.378585						0.000000	2.000000	0.000000
YOR155C	YDR421W	0.378579						0.000000	2.000000	0.000000
YGR076C	YOR028C	0.378577						0.000000	2.000000	0.000000
YIL075C	YPR009W	0.378574						0.000000	2.000000	0.000000
YPR010C	YDR253C	0.378572						0.000000	-2.000000	0.000000
YHR057C	YGL096W	0.378572						0.000000	2.000000	0.000000
YJL164C	YLR256W	0.378566						0.000000	-2.000000	0.000000
YDL232W	YIR017C	0.378561						0.000000	2.000000	0.000000
YDL192W	YBR049C	0.378557						0.000000	2.000000	0.000000
YLR219W	YDL048C	0.378556						0.000000	2.000000	0.000000
YFR050C	YOL089C	0.378556						0.000000	-2.000000	0.000000
YGL208W	YGL013C	0.378552						0.000000	2.000000	0.000000
YPR154W	YGL209W	0.378551						0.000000	2.000000	0.000000
YER021W	YDL048C	0.378550						0.000000	2.000000	0.000000
YHR170W	YOR363C	0.378547						0.000000	2.000000	0.000000
YEL017W	YKL062W	0.378547						1.000000	2.000000	0.000000
YGR132C	YKL020C	0.378544						0.000000	2.000000	0.000000
YGR020C	YBL021C	0.378542						0.000000	-2.000000	0.000000
YFL037W	YER111C	0.378541						0.000000	2.000000	0.000000
YLR193C	YJL056C	0.378541						0.000000	2.000000	0.000000
YDL147W	YGL096W	0.378537						0.000000	2.000000	0.000000
YDR135C	YIL119C	0.378535						0.000000	2.000000	0.000000
YKR001C	YDR207C	0.378533						0.000000	2.000000	0.000000
YDR087C	YOR363C	0.378531						0.000000	2.000000	0.000000
YCR002C	YHL027W	0.378529						0.000000	-2.000000	0.000000
YPR191W	YPR008W	0.378529						0.000000	2.000000	0.000000
YEL009C	YDR174W	0.378529						0.000000	2.000000	0.000000
YPL222W	YDR253C	0.378523						1.000000	2.000000	0.000000
YER063W	YML081W	0.378523						0.000000	2.000000	0.000000
YBL059C-A	YCR084C	0.378514						0.000000	-2.000000	0.000000
YER154W	YML081W	0.378514						0.000000	2.000000	0.000000
YFR051C	YER088C	0.378512						0.000000	2.000000	0.000000
YKR059W	YLR176C	0.378511						0.000000	-2.000000	0.000000
YLR107W	YDL048C	0.378511						0.000000	2.000000	0.000000
YKL126W	YDR034C	0.378506						0.000000	2.000000	0.000000
YNR036C	YPL230W	0.378505						0.000000	2.000000	0.000000
YNL274C	YNL103W	0.378503						0.000000	-2.000000	0.000000
YMR314W	YLR176C	0.378497						0.000000	-2.000000	0.000000
YNL154C	YIL119C	0.378496						0.000000	2.000000	0.000000
YMR220W	YBR066C	0.378495						0.000000	2.000000	0.000000
YJR117W	YBR066C	0.378494						0.000000	2.000000	0.000000
YGL148W	YBR049C	0.378488						0.000000	2.000000	0.000000
YLR142W	YJR060W	0.378485						1.000000	2.000000	0.000000
YHR029C	YBR066C	0.378481						0.000000	2.000000	0.000000
YER090W	YMR021C	0.378475						0.000000	2.000000	0.000000
YPL210C	YML081W	0.378475						0.000000	2.000000	0.000000
YMR189W	YKR034W	0.378475						0.000000	2.000000	0.000000
YJL143W	YMR070W	0.378470						0.000000	2.000000	0.000000
YFL017W-A	YPR008W	0.378467						0.000000	2.000000	0.000000
YBR286W	YDR034C	0.378466						0.000000	2.000000	0.000000
YJL003W	YJR127C	0.378459						0.000000	2.000000	0.000000
YJL121C	YGR044C	0.378456						0.000000	-2.000000	0.000000
YDR178W	YCR084C	0.378454						0.000000	-2.000000	0.000000
YDL046W	YIL119C	0.378444						0.000000	2.000000	0.000000
YJR152W	YIL119C	0.378443						0.000000	2.000000	0.000000
YDR242W	YLR228C	0.378442						0.000000	2.000000	0.000000
YAR002C-A	YPR009W	0.378441						0.000000	2.000000	0.000000
YLR214W	YPL038W	0.378439						0.000000	-2.000000	0.000000
YKL141W	YCR084C	0.378436						0.000000	-2.000000	0.000000
YLR414C	YKL032C	0.378433						0.000000	2.000000	0.000000
YNR053C	YIL101C	0.378431						0.000000	-2.000000	0.000000
YOR374W	YPR008W	0.378431						0.000000	2.000000	0.000000
YOR182C	YIL101C	0.378425						0.000000	-2.000000	0.000000
YFR025C	YDR207C	0.378423						0.000000	2.000000	0.000000
YJL155C	YGL073W	0.378421						0.000000	2.000000	0.000000
YER036C	YDR423C	0.378415						0.000000	-2.000000	0.000000
YOR272W	YIR023W	0.378413	0.000000	0.094744	0.205056	0.120673	0.129605	0.000000	-2.000000	0.000000
YOR002W	YER088C	0.378411						0.000000	2.000000	0.000000
YDL232W	YDR174W	0.378404						0.000000	2.000000	0.000000
YGL019W	YDR207C	0.378400						0.000000	2.000000	0.000000
YAL062W	YDR423C	0.378392						0.000000	2.000000	0.000000
YCL040W	YCR084C	0.378378						0.000000	-2.000000	0.000000
YIL106W	YJR127C	0.378376						0.000000	2.000000	0.000000
YGR135W	YLR176C	0.378370	0.000000	0.094682	0.205056	0.120621	0.129547	0.000000	-2.000000	0.000000
YGL231C	YNL103W	0.378368						0.000000	-2.000000	0.000000
YPL015C	YDL048C	0.378360						0.000000	2.000000	0.000000
YKL043W	YIL036W	0.378354						0.000000	2.000000	0.000000
YOR234C	YHR006W	0.378350						0.000000	-2.000000	0.000000
YDR035W	YMR070W	0.378344						0.000000	2.000000	0.000000
YJL080C	YOR162C	0.378342						0.000000	2.000000	0.000000
YOL142W	YML081W	0.378341						0.000000	2.000000	0.000000
YMR272C	YDL048C	0.378340						0.000000	2.000000	0.000000
YOR120W	YIR023W	0.378334						0.000000	2.000000	0.000000
YBR263W	YHR084W	0.378333						1.000000	2.000000	0.000000
YFL018C	YOR028C	0.378332	0.000000	0.094621	0.205056	0.120569	0.129490	0.000000	2.000000	0.000000
YDL045W-A	YJL056C	0.378331						0.000000	2.000000	0.000000
YPL096C-A	YOR230W	0.378315						0.000000	2.000000	0.000000
YDR212W	YBL005W	0.378310						0.000000	2.000000	0.000000
YPR010C	YDR146C	0.378302						0.000000	-2.000000	0.000000
YKR092C	YHR084W	0.378302						1.000000	2.000000	0.000000
YPL211W	YIL101C	0.378296						0.000000	-2.000000	0.000000
YDR486C	YGL013C	0.378293						0.000000	2.000000	0.000000
YLR164W	YOR140W	0.378287						0.000000	2.000000	0.000000
YIR028W	YDL170W	0.378286						0.000000	2.000000	0.000000
YJL002C	YGL209W	0.378285						0.000000	2.000000	0.000000
YGL157W	YDR174W	0.378284						0.000000	2.000000	0.000000
YBR199W	YDL048C	0.378283						0.000000	2.000000	0.000000
YIL075C	YBL021C	0.378282						0.000000	-2.000000	0.000000
YJR007W	YGR044C	0.378280						0.000000	-2.000000	0.000000
YOR117W	YBL021C	0.378278						0.000000	-2.000000	0.000000
YBL093C	YBR066C	0.378278						0.000000	2.000000	0.000000
YOR091W	YDR423C	0.378276						0.000000	-2.000000	0.000000
YIL041W	YKL032C	0.378272						0.000000	2.000000	0.000000
YDL021W	YPL230W	0.378271						0.000000	2.000000	0.000000
YER081W	YIL131C	0.378269						1.000000	2.000000	0.000000
YJR133W	YER088C	0.378269						0.000000	2.000000	0.000000
YDR468C	YDL048C	0.378266						0.000000	2.000000	0.000000
YPR082C	YGL096W	0.378265						0.000000	2.000000	0.000000
YBR256C	YDR034C	0.378257						0.000000	2.000000	0.000000
YHR132C	YCR065W	0.378243						0.000000	2.000000	0.000000
YOL058W	YDR259C	0.378237						0.000000	-2.000000	0.000000
YOR382W	YDR034C	0.378236						0.000000	2.000000	0.000000
YJR007W	YBR239C	0.378233						0.000000	-2.000000	0.000000
YKL053C-A	YPL202C	0.378231						0.000000	-2.000000	0.000000
YIL020C	YML081W	0.378225						0.000000	2.000000	0.000000
YBL041W	YDR174W	0.378221						0.000000	2.000000	0.000000
YJR058C	YDR421W	0.378219						0.000000	2.000000	0.000000
YOR197W	YBL021C	0.378214						0.000000	-2.000000	0.000000
YCL028W	YDR207C	0.378214						0.000000	2.000000	0.000000
YIL009C-A	YER088C	0.378209						0.000000	2.000000	0.000000
YHR181W	YDR421W	0.378206						0.000000	2.000000	0.000000
YLR438C-A	YML099C	0.378199						0.000000	-2.000000	0.000000
YBR154C	YHR006W	0.378198						0.000000	-2.000000	0.000000
YFR014C	YGL237C	0.378195						0.000000	2.000000	0.000000
YMR194C-B	YGL013C	0.378186						0.000000	2.000000	0.000000
YBR268W	YGL096W	0.378185						0.000000	2.000000	0.000000
YER048W-A	YMR021C	0.378183						0.000000	2.000000	0.000000
YCL059C	YDR423C	0.378182						0.000000	-2.000000	0.000000
YAL012W	YBR049C	0.378181						0.000000	2.000000	0.000000
YIL056W	YGL013C	0.378180	0.000000	0.094560	0.205056	0.120517	0.129433	0.000000	2.000000	0.000000
YER007C-A	YLR176C	0.378174						0.000000	-2.000000	0.000000
YBR173C	YGL096W	0.378169						0.000000	2.000000	0.000000
YBL050W	YPL202C	0.378156						0.000000	-2.000000	0.000000
YOL026C	YGL096W	0.378155						0.000000	2.000000	0.000000
YDR377W	YDL048C	0.378134						0.000000	2.000000	0.000000
YJL080C	YLR131C	0.378132						0.000000	-2.000000	0.000000
YEL044W	YGL209W	0.378130						0.000000	2.000000	0.000000
YPL242C	YIL119C	0.378130						0.000000	2.000000	0.000000
YBR080C	YKL032C	0.378114						0.000000	2.000000	0.000000
YBR111C	YOR140W	0.378102						0.000000	-2.000000	0.000000
YCL035C	YCR084C	0.378100						0.000000	-2.000000	0.000000
YMR139W	YOL108C	0.378098						0.000000	2.000000	0.000000
YMR290C	YIL101C	0.378096						0.000000	-2.000000	0.000000
Q0130	YCR084C	0.378090						0.000000	-2.000000	0.000000
YML069W	YDR174W	0.378087						0.000000	2.000000	0.000000
YHR110W	YER088C	0.378085						0.000000	2.000000	0.000000
YAL044C	YBR066C	0.378083						0.000000	2.000000	0.000000
YNL149C	YGL035C	0.378082						0.000000	2.000000	0.000000
YGR207C	YDR034C	0.378082						0.000000	2.000000	0.000000
YHR043C	YBR066C	0.378081						0.000000	2.000000	0.000000
YJL080C	YMR016C	0.378077						0.000000	-2.000000	0.000000
YOR128C	YDL048C	0.378076						0.000000	2.000000	0.000000
YFL018C	YOL067C	0.378076	0.000000	0.094498	0.205056	0.120465	0.129375	0.000000	2.000000	0.000000
YEL009C	YBR066C	0.378074						0.000000	2.000000	0.000000
YER094C	YGL096W	0.378068						0.000000	2.000000	0.000000
YBR199W	YBR066C	0.378059						0.000000	2.000000	0.000000
YPL262W	YGL073W	0.378043						0.000000	2.000000	0.000000
YOR120W	YJL056C	0.378042						0.000000	2.000000	0.000000
YLR432W	YNL027W	0.378032						0.000000	-2.000000	0.000000
YKL081W	YBL005W	0.378027						0.000000	2.000000	0.000000
YDR525W-A	YCR084C	0.378026						0.000000	-2.000000	0.000000
YPL019C	YGR044C	0.378024						0.000000	-2.000000	0.000000
YLR259C	YJR127C	0.378019						0.000000	2.000000	0.000000
YGR264C	YBR239C	0.378007						0.000000	-2.000000	0.000000
YPR156C	YIL119C	0.378007						0.000000	2.000000	0.000000
YMR250W	YLR256W	0.378002	0.000000	0.094437	0.205056	0.120413	0.129318	0.000000	-2.000000	0.000000
YDR511W	YGL096W	0.377995						0.000000	2.000000	0.000000
YOL002C	YBR066C	0.377992						0.000000	2.000000	0.000000
YDL084W	YGL209W	0.377985						0.000000	2.000000	0.000000
YLR268W	YPL133C	0.377983						0.000000	-2.000000	0.000000
YCR011C	YDR034C	0.377982						0.000000	2.000000	0.000000
YBR046C	YOR230W	0.377974						0.000000	2.000000	0.000000
YPL010W	YFL031W	0.377970						0.000000	2.000000	0.000000
YJR073C	YDR034C	0.377968						0.000000	2.000000	0.000000
YGL137W	YLR228C	0.377968						0.000000	2.000000	0.000000
YMR271C	YPL230W	0.377963						0.000000	2.000000	0.000000
YHR170W	YML099C	0.377953						0.000000	-2.000000	0.000000
YGR284C	YGR249W	0.377951						0.000000	-2.000000	0.000000
YER048C	YPR008W	0.377945						0.000000	2.000000	0.000000
YMR079W	YMR070W	0.377941						0.000000	2.000000	0.000000
YJL012C	YLR176C	0.377940						0.000000	-2.000000	0.000000
YOR227W	YOR028C	0.377930						0.000000	2.000000	0.000000
YGL040C	YJL056C	0.377923						0.000000	2.000000	0.000000
YDR296W	YGL073W	0.377919						0.000000	2.000000	0.000000
YOR276W	YGR044C	0.377915						0.000000	-2.000000	0.000000
YER038C	YGR249W	0.377913						0.000000	-2.000000	0.000000
YAL007C	YPR009W	0.377908						0.000000	2.000000	0.000000
YHR001W-A	YGL073W	0.377906						0.000000	2.000000	0.000000
YML007W	YGL073W	0.377898						0.000000	2.000000	0.000000
YDL128W	YPL202C	0.377897						0.000000	-2.000000	0.000000
YLR092W	YIL119C	0.377895						0.000000	2.000000	0.000000
YHR029C	YDR259C	0.377894						0.000000	-2.000000	0.000000
YAL044C	YDR034C	0.377892						0.000000	2.000000	0.000000
YPL118W	YPR008W	0.377892						0.000000	2.000000	0.000000
YCR071C	YIL036W	0.377890						0.000000	2.000000	0.000000
YHR001W-A	YOR140W	0.377886						0.000000	2.000000	0.000000
YHR121W	YGL096W	0.377885						0.000000	2.000000	0.000000
YMR072W	YCR084C	0.377881						0.000000	-2.000000	0.000000
YLR061W	YNL027W	0.377870						0.000000	-2.000000	0.000000
YOR230W	YGL237C	0.377866	0.000000	0.094376	0.205056	0.120361	0.129261	0.000000	2.000000	0.000000
YNR032C-A	YER088C	0.377864						0.000000	2.000000	0.000000
YKL024C	YPL202C	0.377860						0.000000	-2.000000	0.000000
YLR099W-A	YDR174W	0.377858						0.000000	2.000000	0.000000
YER035W	YPL230W	0.377856						0.000000	2.000000	0.000000
YHR059W	YJR127C	0.377853						0.000000	2.000000	0.000000
YBR135W	YML081W	0.377849						0.000000	2.000000	0.000000
YER080W	YCR084C	0.377843						0.000000	-2.000000	0.000000
YBR115C	YML081W	0.377837						0.000000	2.000000	0.000000
YNR036C	YPR008W	0.377836						0.000000	2.000000	0.000000
YKR080W	YDL048C	0.377832						0.000000	2.000000	0.000000
YNL289W	YMR037C	0.377832						1.000000	2.000000	0.000000
YOR298W	YDR310C	0.377827						0.000000	2.000000	0.000000
YML058W	YER088C	0.377826						0.000000	2.000000	0.000000
YDR519W	YDR207C	0.377825						0.000000	2.000000	0.000000
YHR009C	YPR008W	0.377814						0.000000	2.000000	0.000000
YLR203C	YHL009C	0.377812						0.000000	2.000000	0.000000
YOR317W	YDL048C	0.377809						0.000000	2.000000	0.000000
YDR456W	YPR008W	0.377800						0.000000	2.000000	0.000000
YPR074C	YHR206W	0.377789						0.000000	2.000000	0.000000
YDR099W	YDL048C	0.377781						0.000000	2.000000	0.000000
YDR296W	YIL036W	0.377776						0.000000	2.000000	0.000000
YER146W	YMR070W	0.377773						0.000000	2.000000	0.000000
YMR079W	YHL027W	0.377764						0.000000	-2.000000	0.000000
YFR010W	YGL013C	0.377761						0.000000	2.000000	0.000000
YDR153C	YML081W	0.377761						0.000000	2.000000	0.000000
YBR079C	YMR042W	0.377760						0.000000	-2.000000	0.000000
YPL189C-A	YBR066C	0.377760						0.000000	2.000000	0.000000
YDL165W	YER088C	0.377755						0.000000	2.000000	0.000000
YMR203W	YNL103W	0.377754						0.000000	-2.000000	0.000000
YJR014W	YPR009W	0.377754						0.000000	2.000000	0.000000
YMR089C	YHL009C	0.377752						0.000000	2.000000	0.000000
YPL063W	YDL048C	0.377749						0.000000	2.000000	0.000000
YML078W	YGL013C	0.377746						0.000000	2.000000	0.000000
YPL059W	YDR207C	0.377745						0.000000	2.000000	0.000000
YER178W	YPR008W	0.377739						0.000000	2.000000	0.000000
YIL158W	YIL119C	0.377736						0.000000	2.000000	0.000000
YLR025W	YPR008W	0.377735						0.000000	2.000000	0.000000
YDR365C	YOR363C	0.377734						0.000000	2.000000	0.000000
YLR025W	YPL202C	0.377729						0.000000	-2.000000	0.000000
YHR181W	YML081W	0.377727						0.000000	2.000000	0.000000
YIL017C	YJR127C	0.377725						0.000000	2.000000	0.000000
YOR247W	YML027W	0.377719	0.000000	0.094315	0.205056	0.120309	0.129204	0.000000	2.000000	0.000000
YBR291C	YJR127C	0.377715						0.000000	2.000000	0.000000
YDR105C	YDL048C	0.377708						0.000000	2.000000	0.000000
YCL057W	YDR174W	0.377699						0.000000	2.000000	0.000000
YKL138C	YJL056C	0.377697						0.000000	2.000000	0.000000
YAL060W	YDL048C	0.377686						0.000000	2.000000	0.000000
YOR348C	YPR008W	0.377678						0.000000	2.000000	0.000000
YBR145W	YJR127C	0.377676						0.000000	2.000000	0.000000
YLR421C	YDR207C	0.377668						0.000000	2.000000	0.000000
YGR232W	YDR207C	0.377667						0.000000	2.000000	0.000000
YBR024W	YML007W	0.377667						0.000000	2.000000	0.000000
YPR103W	YDR207C	0.377666						0.000000	2.000000	0.000000
YHR027C	YJR127C	0.377664						0.000000	2.000000	0.000000
YHR113W	YER088C	0.377664						0.000000	2.000000	0.000000
YDR465C	YPR104C	0.377662						0.000000	2.000000	0.000000
YNL274C	YPR008W	0.377656						0.000000	2.000000	0.000000
YLR435W	YDR423C	0.377644						0.000000	-2.000000	0.000000
YOR122C	YDR207C	0.377636						0.000000	2.000000	0.000000
YKL138C	YPR008W	0.377634						0.000000	2.000000	0.000000
YOR176W	YBL021C	0.377633						0.000000	-2.000000	0.000000
YNL131W	YPL202C	0.377633						0.000000	-2.000000	0.000000
YKR062W	YBR066C	0.377630						0.000000	2.000000	0.000000
YPL189C-A	YDL048C	0.377628						0.000000	2.000000	0.000000
YNL159C	YJR127C	0.377623						0.000000	2.000000	0.000000
YDR016C	YDR034C	0.377618						0.000000	2.000000	0.000000
YMR208W	YIL119C	0.377605						0.000000	2.000000	0.000000
YNL239W	YLR451W	0.377576						0.000000	-2.000000	0.000000
YML107C	YML081W	0.377574						0.000000	2.000000	0.000000
YJL104W	YHL009C	0.377570						0.000000	2.000000	0.000000
YBL076C	YDR520C	0.377567						0.000000	2.000000	0.000000
YDL135C	YPR008W	0.377566						0.000000	2.000000	0.000000
YOR065W	YPL133C	0.377566						0.000000	2.000000	0.000000
YOL077C	YDR423C	0.377564						0.000000	-2.000000	0.000000
YMR093W	YNL027W	0.377564						0.000000	-2.000000	0.000000
YPR067W	YGL096W	0.377560						0.000000	2.000000	0.000000
YJL155C	YPL230W	0.377555						0.000000	2.000000	0.000000
YMR281W	YPR008W	0.377553						0.000000	2.000000	0.000000
YJL080C	YMR043W	0.377552						0.000000	-2.000000	0.000000
YLR250W	YLR451W	0.377548						0.000000	-2.000000	0.000000
YDR068W	YPR008W	0.377543						0.000000	2.000000	0.000000
YDR079W	YML007W	0.377533						0.000000	2.000000	0.000000
YIR012W	YGR044C	0.377529						0.000000	-2.000000	0.000000
YJR080C	YOR140W	0.377526						0.000000	-2.000000	0.000000
YMR038C	YBR066C	0.377525						0.000000	2.000000	0.000000
YDR099W	YPL202C	0.377514						0.000000	-2.000000	0.000000
YOR361C	YIL101C	0.377512						0.000000	-2.000000	0.000000
YKL019W	YML081W	0.377506						0.000000	2.000000	0.000000
YNL084C	YPL202C	0.377506						0.000000	-2.000000	0.000000
YOR228C	YKL185W	0.377505						0.000000	-2.000000	0.000000
YDR394W	YPL202C	0.377500	0.000000	0.094254	0.205056	0.120257	0.129146	0.000000	-2.000000	0.000000
YOL113W	YDL048C	0.377499						0.000000	2.000000	0.000000
YMR071C	YBR066C	0.377495						0.000000	2.000000	0.000000
YNL248C	YBR239C	0.377491						0.000000	-2.000000	0.000000
YLL026W	YCR084C	0.377490						0.000000	-2.000000	0.000000
YHR016C	YMR021C	0.377490						0.000000	2.000000	0.000000
YPL003W	YPR008W	0.377482						0.000000	2.000000	0.000000
YJL148W	YHR006W	0.377477						0.000000	-2.000000	0.000000
YJR118C	YBR066C	0.377472						0.000000	2.000000	0.000000
YCR011C	YER088C	0.377468						0.000000	2.000000	0.000000
YNL081C	YER088C	0.377460						0.000000	2.000000	0.000000
YGL232W	YML081W	0.377458						0.000000	2.000000	0.000000
YER145C	YDR520C	0.377456						0.000000	2.000000	0.000000
YNL007C	YDL048C	0.377455						0.000000	2.000000	0.000000
YLR168C	YGL013C	0.377450						0.000000	2.000000	0.000000
YJL060W	YBR066C	0.377445						0.000000	2.000000	0.000000
YJL140W	YHL009C	0.377443						0.000000	2.000000	0.000000
YLR203C	YGL096W	0.377433						0.000000	2.000000	0.000000
YHR198C	YCR084C	0.377432						0.000000	-2.000000	0.000000
YDR453C	YER088C	0.377429						0.000000	2.000000	0.000000
YDL045W-A	YPR008W	0.377423						0.000000	2.000000	0.000000
YDR119W-A	YGL073W	0.377419						0.000000	2.000000	0.000000
YBR080C	YBR066C	0.377419						0.000000	2.000000	0.000000
YOR036W	YIL119C	0.377419						0.000000	2.000000	0.000000
YLR354C	YDR174W	0.377418						0.000000	2.000000	0.000000
YGR082W	YBL021C	0.377415						0.000000	-2.000000	0.000000
YGL231C	YLR451W	0.377413						0.000000	-2.000000	0.000000
YGR142W	YDL048C	0.377404						0.000000	2.000000	0.000000
YER020W	YPL230W	0.377403						0.000000	2.000000	0.000000
YGL202W	YER088C	0.377400						0.000000	2.000000	0.000000
YMR194C-B	YCR084C	0.377400						0.000000	-2.000000	0.000000
YOR272W	YOR363C	0.377399	0.000000	0.094194	0.205056	0.120205	0.129089	0.000000	2.000000	0.000000
YAL049C	YPL202C	0.377399						0.000000	-2.000000	0.000000
YDR457W	YKL062W	0.377396						1.000000	-2.000000	0.000000
YNL024C-A	YDL048C	0.377390						0.000000	2.000000	0.000000
YDR158W	YDR174W	0.377390						0.000000	-2.000000	0.000000
YGL020C	YML081W	0.377383						0.000000	2.000000	0.000000
YLL041C	YGL073W	0.377380						0.000000	2.000000	0.000000
YCR044C	YML081W	0.377375						0.000000	2.000000	0.000000
YJR125C	YDR174W	0.377375						0.000000	2.000000	0.000000
YOR367W	YKL032C	0.377373	0.000000	0.094133	0.205056	0.120154	0.129032	0.000000	2.000000	0.000000
YKR006C	YPL202C	0.377372						0.000000	-2.000000	0.000000
YJL060W	YIL119C	0.377371						0.000000	2.000000	0.000000
YNL066W	YDR034C	0.377369						0.000000	2.000000	0.000000
YHR110W	YKL032C	0.377364						0.000000	2.000000	0.000000
YDL020C	YGL209W	0.377360						0.000000	2.000000	0.000000
YOL048C	YDR207C	0.377359						0.000000	2.000000	0.000000
YPL013C	YIL036W	0.377359						0.000000	2.000000	0.000000
YPL118W	YJR127C	0.377356						0.000000	2.000000	0.000000
YJR143C	YPR009W	0.377350						0.000000	2.000000	0.000000
YBL030C	YOR028C	0.377345	0.000000	0.094072	0.205056	0.120102	0.128975	0.000000	-2.000000	0.000000
YHR199C	YER088C	0.377343						0.000000	2.000000	0.000000
YIR039C	YPR008W	0.377341						0.000000	2.000000	0.000000
YER122C	YBR066C	0.377335						0.000000	2.000000	0.000000
YNL160W	YHR084W	0.377331						1.000000	2.000000	0.000000
YLL014W	YDR421W	0.377328						0.000000	2.000000	0.000000
YLR093C	YPL202C	0.377328						0.000000	-2.000000	0.000000
YEL009C	YDR034C	0.377327						0.000000	2.000000	0.000000
YKR034W	YER088C	0.377327						0.000000	2.000000	0.000000
YBR121C	YPR009W	0.377327						0.000000	2.000000	0.000000
YJL138C	YPR009W	0.377326						0.000000	2.000000	0.000000
YNR035C	YER088C	0.377317						0.000000	2.000000	0.000000
YCL005W-A	YIL119C	0.377315						0.000000	2.000000	0.000000
YJL026W	YJR127C	0.377313						0.000000	2.000000	0.000000
YOR089C	YPR008W	0.377308						0.000000	2.000000	0.000000
YMR062C	YJR127C	0.377305						0.000000	2.000000	0.000000
YNL131W	YDR034C	0.377304						0.000000	2.000000	0.000000
YNR035C	YPR008W	0.377302						0.000000	2.000000	0.000000
YKL093W	YCR084C	0.377299						0.000000	-2.000000	0.000000
YLR074C	YNL027W	0.377294	0.000000	0.094012	0.205056	0.120050	0.128918	0.000000	-2.000000	0.000000
YEL027W	YDR174W	0.377281						0.000000	2.000000	0.000000
YMR186W	YPR009W	0.377276						0.000000	2.000000	0.000000
YCR004C	YOR140W	0.377269						0.000000	-2.000000	0.000000
YFR024C-A	YDR207C	0.377266						0.000000	2.000000	0.000000
YLR241W	YJR127C	0.377266						0.000000	2.000000	0.000000
YDL178W	YDL048C	0.377263						0.000000	2.000000	0.000000
YOR163W	YBL021C	0.377259						0.000000	-2.000000	0.000000
YNL125C	YMR037C	0.377257						1.000000	2.000000	0.000000
YNL287W	YOR230W	0.377249						0.000000	2.000000	0.000000
YDL095W	YPR009W	0.377246						0.000000	2.000000	0.000000
YLL023C	YOL108C	0.377245						0.000000	2.000000	0.000000
YOR150W	YCR084C	0.377243						0.000000	-2.000000	0.000000
YDR098C	YDR207C	0.377240						0.000000	2.000000	0.000000
YGL198W	YDR174W	0.377213						0.000000	2.000000	0.000000
YBR015C	YPR008W	0.377206						0.000000	2.000000	0.000000
YDL125C	YDR034C	0.377202						0.000000	2.000000	0.000000
YFR003C	YIL119C	0.377200						0.000000	2.000000	0.000000
YKR089C	YOR140W	0.377197						0.000000	-2.000000	0.000000
YBR187W	YBR066C	0.377197						0.000000	2.000000	0.000000
YOR161C	YGL013C	0.377195						0.000000	2.000000	0.000000
YER026C	YOR140W	0.377189						0.000000	2.000000	0.000000
YLR093C	YGL096W	0.377185						0.000000	2.000000	0.000000
YMR157C	YGL096W	0.377183						0.000000	2.000000	0.000000
YGL148W	YNL314W	0.377181						0.000000	2.000000	0.000000
YOR042W	YER088C	0.377174						0.000000	2.000000	0.000000
YDL169C	YOR140W	0.377172						0.000000	-2.000000	0.000000
YOR261C	YPR008W	0.377171						0.000000	2.000000	0.000000
YJR045C	YCR084C	0.377168						0.000000	-2.000000	0.000000
YDR165W	YBR240C	0.377168						0.000000	-2.000000	0.000000
YGL245W	YDR174W	0.377165						0.000000	2.000000	0.000000
YGR185C	YLR098C	0.377164	0.000000	0.093951	0.205056	0.119999	0.128861	0.000000	-2.000000	0.000000
YNL175C	YDR146C	0.377158						0.000000	-2.000000	0.000000
YPR060C	YKL038W	0.377155						0.000000	2.000000	0.000000
YKL182W	YMR021C	0.377152						0.000000	2.000000	0.000000
YNL056W	YML081W	0.377152						0.000000	2.000000	0.000000
YMR173W	YPL230W	0.377151						0.000000	2.000000	0.000000
YKL080W	YDR174W	0.377149						0.000000	2.000000	0.000000
YFL022C	YPL248C	0.377145	0.000000	0.093891	0.205056	0.119947	0.128805	0.000000	-2.000000	0.000000
YGR076C	YGL073W	0.377138						0.000000	2.000000	0.000000
YGR172C	YLR013W	0.377138						0.000000	2.000000	0.000000
YDL133W	YML081W	0.377135						0.000000	2.000000	0.000000
YBR294W	YIL119C	0.377126						0.000000	2.000000	0.000000
YDR379C-A	YOL108C	0.377110						0.000000	2.000000	0.000000
YBR111C	YDL048C	0.377109						0.000000	2.000000	0.000000
YGR187C	YML081W	0.377103						0.000000	2.000000	0.000000
YKL122C	YIL119C	0.377094						0.000000	2.000000	0.000000
YDL128W	YLR176C	0.377090						0.000000	-2.000000	0.000000
YKR001C	YOL089C	0.377090						0.000000	-2.000000	0.000000
YER110C	YOR363C	0.377086						0.000000	2.000000	0.000000
YDR272W	YJR127C	0.377086						0.000000	2.000000	0.000000
YLR163C	YHL009C	0.377080						0.000000	2.000000	0.000000
YKR003W	YML081W	0.377075						0.000000	2.000000	0.000000
YML126C	YDR207C	0.377069	0.000000	0.093830	0.205056	0.119896	0.128748	0.000000	2.000000	0.000000
YPR128C	YML081W	0.377062						0.000000	2.000000	0.000000
YMR255W	YGL209W	0.377055						0.000000	2.000000	0.000000
YDR432W	YDR207C	0.377054						0.000000	2.000000	0.000000
YBR006W	YDR463W	0.377051						0.000000	2.000000	0.000000
YBR268W	YOR140W	0.377049						0.000000	-2.000000	0.000000
YDR177W	YPR008W	0.377049						0.000000	2.000000	0.000000
YIL074C	YDL048C	0.377046						0.000000	2.000000	0.000000
YMR123W	YKL038W	0.377044						0.000000	2.000000	0.000000
YOR157C	YDR207C	0.377043						0.000000	2.000000	0.000000
YMR148W	YER088C	0.377043						0.000000	2.000000	0.000000
YPL006W	YPR008W	0.377042						0.000000	2.000000	0.000000
YAL007C	YKL043W	0.377037						0.000000	2.000000	0.000000
YNL284C	YML081W	0.377028						0.000000	2.000000	0.000000
YPR002W	YIL036W	0.377028						0.000000	2.000000	0.000000
YMR291W	YDR123C	0.377026	0.000000	0.093770	0.205056	0.119844	0.128691	0.000000	-2.000000	0.000000
YBR122C	YPL202C	0.377022						0.000000	-2.000000	0.000000
YJL205C	YOR028C	0.377020						0.000000	2.000000	0.000000
YCL028W	YER088C	0.377020						0.000000	2.000000	0.000000
YER074W-A	YHL009C	0.377017						0.000000	2.000000	0.000000
YLR064W	YDR034C	0.377009						0.000000	2.000000	0.000000
YKL004W	YPR009W	0.377006						0.000000	2.000000	0.000000
YDR190C	YGR044C	0.377005						0.000000	-2.000000	0.000000
YGL026C	YKL032C	0.376997	0.000000	0.093710	0.205056	0.119793	0.128634	0.000000	2.000000	0.000000
YLR387C	YIL119C	0.376994						0.000000	2.000000	0.000000
YIL121W	YHL027W	0.376980						0.000000	-2.000000	0.000000
YGL006W	YJR127C	0.376978						0.000000	2.000000	0.000000
YGR103W	YOR363C	0.376977						0.000000	2.000000	0.000000
YCR011C	YIL119C	0.376973						0.000000	2.000000	0.000000
YLR214W	YMR070W	0.376972						0.000000	2.000000	0.000000
YOR168W	YKR099W	0.376971						0.000000	-2.000000	0.000000
YPR188C	YPR008W	0.376966						0.000000	2.000000	0.000000
YJL026W	YPR008W	0.376964						0.000000	2.000000	0.000000
YER012W	YBL021C	0.376963						0.000000	-2.000000	0.000000
YPL092W	YIL119C	0.376961						0.000000	2.000000	0.000000
YPL081W	YPR009W	0.376961						0.000000	2.000000	0.000000
YPR041W	YLR098C	0.376955						0.000000	-2.000000	0.000000
YBR120C	YCR084C	0.376949						0.000000	-2.000000	0.000000
YMR229C	YDR423C	0.376946						0.000000	-2.000000	0.000000
YDR165W	YLR098C	0.376945						0.000000	-2.000000	0.000000
YER020W	YJR127C	0.376943						0.000000	2.000000	0.000000
YMR243C	YGR044C	0.376938						0.000000	-2.000000	0.000000
YPR052C	YML081W	0.376935						0.000000	2.000000	0.000000
YOL064C	YHL027W	0.376932	0.000000	0.093650	0.205056	0.119742	0.128578	0.000000	-2.000000	0.000000
YMR313C	YDL048C	0.376931						0.000000	2.000000	0.000000
YMR194C-B	YJR127C	0.376929						0.000000	2.000000	0.000000
YFR003C	YOR230W	0.376928						0.000000	2.000000	0.000000
YML009C	YGL073W	0.376920						0.000000	2.000000	0.000000
YGR204W	YBL021C	0.376920						0.000000	-2.000000	0.000000
YDR238C	YHL009C	0.376916						0.000000	2.000000	0.000000
YDR483W	YER088C	0.376913						0.000000	2.000000	0.000000
YML098W	YOR230W	0.376910						0.000000	2.000000	0.000000
YML009C	YIL036W	0.376901						0.000000	2.000000	0.000000
YGR080W	YER088C	0.376900						0.000000	2.000000	0.000000
YPR163C	YDR423C	0.376900						0.000000	-2.000000	0.000000
YGR086C	YPL202C	0.376897						0.000000	-2.000000	0.000000
YPR188C	YIL119C	0.376896						0.000000	2.000000	0.000000
YGR256W	YHR084W	0.376893						0.000000	2.000000	0.000000
YKL104C	YBL021C	0.376893						0.000000	-2.000000	0.000000
YHR019C	YJL089W	0.376890						0.000000	2.000000	0.000000
YDR072C	YGL209W	0.376880						0.000000	2.000000	0.000000
YAL036C	YIL101C	0.376880						0.000000	-2.000000	0.000000
YDR363W-A	YJR127C	0.376876						0.000000	2.000000	0.000000
YDR536W	YML007W	0.376876						0.000000	-2.000000	0.000000
YIL050W	YER088C	0.376872						0.000000	2.000000	0.000000
YMR157C	YOL108C	0.376872						0.000000	2.000000	0.000000
YDR170C	YIL119C	0.376869						0.000000	2.000000	0.000000
YNL098C	YGL209W	0.376866						0.000000	2.000000	0.000000
YIL121W	YIL119C	0.376864						0.000000	2.000000	0.000000
YPR108W	YDR207C	0.376863						0.000000	-2.000000	0.000000
YDR354W	YIR017C	0.376862						0.000000	2.000000	0.000000
YMR022W	YIL119C	0.376856						0.000000	2.000000	0.000000
YBR078W	YIR017C	0.376854						0.000000	2.000000	0.000000
YML101C	YJR127C	0.376850						0.000000	2.000000	0.000000
YEL031W	YFL031W	0.376845						0.000000	2.000000	0.000000
YDR256C	YMR164C	0.376842						0.000000	2.000000	0.000000
YPL239W	YBR066C	0.376840						0.000000	2.000000	0.000000
YNL156C	YDR174W	0.376836						0.000000	2.000000	0.000000
YJR025C	YIL119C	0.376834						0.000000	2.000000	0.000000
YDR457W	YHL009C	0.376827						0.000000	2.000000	0.000000
YOR042W	YDL048C	0.376824						0.000000	2.000000	0.000000
YNL024C-A	YBR066C	0.376824						0.000000	2.000000	0.000000
YLR100W	YIR017C	0.376822						0.000000	2.000000	0.000000
YPR037C	YDL048C	0.376822						0.000000	2.000000	0.000000
YPR163C	YGL209W	0.376821						0.000000	2.000000	0.000000
YKR025W	YPR009W	0.376818						0.000000	2.000000	0.000000
YBL059C-A	YGL013C	0.376814						0.000000	2.000000	0.000000
YJL174W	YER088C	0.376813						0.000000	2.000000	0.000000
YOR150W	YMR019W	0.376810						0.000000	2.000000	0.000000
YHR016C	YKL032C	0.376808						0.000000	2.000000	0.000000
YGR161C	YBR083W	0.376808	0.000000	0.093590	0.205056	0.119690	0.128521	0.000000	2.000000	0.000000
YMR146C	YMR042W	0.376802						0.000000	-2.000000	0.000000
YNL112W	YPL089C	0.376797						0.000000	-2.000000	0.000000
YNL077W	YKL062W	0.376797						1.000000	-2.000000	0.000000
YDR177W	YML081W	0.376797						0.000000	2.000000	0.000000
YPL117C	YKR099W	0.376796						0.000000	-2.000000	0.000000
YBR145W	YDL170W	0.376792	0.000000	0.093530	0.205056	0.119639	0.128465	0.000000	2.000000	0.000000
YNL315C	YOL067C	0.376788						0.000000	2.000000	0.000000
YCR082W	YPL202C	0.376787	0.000000	0.093470	0.205056	0.119588	0.128408	0.000000	-2.000000	0.000000
YMR079W	YIR017C	0.376783						0.000000	2.000000	0.000000
YBL091C	YER088C	0.376783						0.000000	2.000000	0.000000
YBR187W	YMR042W	0.376782						0.000000	-2.000000	0.000000
YJR122W	YPR104C	0.376775						1.000000	2.000000	0.000000
YDR377W	YPL177C	0.376756						0.000000	2.000000	0.000000
YJR143C	YKL185W	0.376751						0.000000	2.000000	0.000000
YDL232W	YDR034C	0.376745						0.000000	2.000000	0.000000
YEL039C	YER088C	0.376741						0.000000	2.000000	0.000000
YGR193C	YPL202C	0.376735						0.000000	-2.000000	0.000000
YBL042C	YDL048C	0.376733						0.000000	2.000000	0.000000
YDL169C	YPL230W	0.376731						0.000000	2.000000	0.000000
YMR071C	YPL202C	0.376729						0.000000	-2.000000	0.000000
YLR390W	YOR140W	0.376726						0.000000	-2.000000	0.000000
YDR153C	YDL048C	0.376725						0.000000	2.000000	0.000000
YDR074W	YPR008W	0.376723						0.000000	2.000000	0.000000
YKR067W	YER088C	0.376720						0.000000	2.000000	0.000000
YDL110C	YCR084C	0.376718						0.000000	-2.000000	0.000000
YBR077C	YJR127C	0.376718						0.000000	2.000000	0.000000
YPL094C	YJL089W	0.376717						0.000000	2.000000	0.000000
YNL024C-A	YOR230W	0.376714						0.000000	2.000000	0.000000
YOR362C	YBL021C	0.376709						0.000000	-2.000000	0.000000
YJL111W	YLR013W	0.376709						0.000000	2.000000	0.000000
YLR250W	YDR207C	0.376709						0.000000	2.000000	0.000000
YMR189W	YIL119C	0.376700						0.000000	2.000000	0.000000
YDR452W	YDR207C	0.376700						0.000000	2.000000	0.000000
YBL089W	YIL119C	0.376699						0.000000	2.000000	0.000000
YAL049C	YER088C	0.376699						0.000000	2.000000	0.000000
YOR303W	YPR008W	0.376698						0.000000	2.000000	0.000000
YHR027C	YPL202C	0.376698						0.000000	-2.000000	0.000000
YIL046W	YMR037C	0.376694						1.000000	2.000000	0.000000
YDR496C	YBR240C	0.376694						0.000000	-2.000000	0.000000
YJR045C	YGL013C	0.376693						0.000000	2.000000	0.000000
YNL044W	YMR037C	0.376688						0.000000	2.000000	0.000000
YDL238C	YDL170W	0.376683						0.000000	2.000000	0.000000
YKR067W	YML007W	0.376681						0.000000	2.000000	0.000000
YER145C	YBR066C	0.376678						0.000000	2.000000	0.000000
YBL058W	YPR008W	0.376672						0.000000	2.000000	0.000000
YDR393W	YPR008W	0.376667						0.000000	2.000000	0.000000
YGR106C	YFL031W	0.376667						0.000000	2.000000	0.000000
YDR508C	YKR099W	0.376667						0.000000	-2.000000	0.000000
YPR010C	YPR104C	0.376664						0.000000	2.000000	0.000000
YML126C	YPR009W	0.376660						0.000000	2.000000	0.000000
YJL053W	YJR127C	0.376648						0.000000	2.000000	0.000000
YER083C	YBR066C	0.376648						0.000000	2.000000	0.000000
YKL104C	YPR008W	0.376648						0.000000	2.000000	0.000000
YGL248W	YDR259C	0.376641						0.000000	2.000000	0.000000
YDR388W	YJR127C	0.376641						0.000000	2.000000	0.000000
YPR184W	YCR084C	0.376634						0.000000	-2.000000	0.000000
YBR268W	YGL013C	0.376633						0.000000	2.000000	0.000000
YHR037W	YPR008W	0.376624						0.000000	2.000000	0.000000
YHL034C	YDR207C	0.376622						0.000000	2.000000	0.000000
YLR330W	YDL048C	0.376619						0.000000	2.000000	0.000000
YMR236W	YMR070W	0.376617						0.000000	2.000000	0.000000
YGL077C	YIL119C	0.376616						0.000000	2.000000	0.000000
YMR194C-B	YPL230W	0.376612						0.000000	2.000000	0.000000
YJR001W	YDR034C	0.376610						0.000000	2.000000	0.000000
YDL212W	YIL119C	0.376600						0.000000	2.000000	0.000000
YNL305C	YCR084C	0.376600						0.000000	-2.000000	0.000000
YGL040C	YCR084C	0.376599						0.000000	-2.000000	0.000000
YMR184W	YMR021C	0.376598						0.000000	2.000000	0.000000
YCL005W-A	YGL096W	0.376592						0.000000	2.000000	0.000000
YGL105W	YLR176C	0.376592						0.000000	-2.000000	0.000000
YDR453C	YPR008W	0.376590						0.000000	2.000000	0.000000
YGR285C	YPR009W	0.376579						0.000000	2.000000	0.000000
YNR053C	YPR104C	0.376571						0.000000	2.000000	0.000000
YBR079C	YNL027W	0.376570						0.000000	-2.000000	0.000000
YJR144W	YML081W	0.376565						0.000000	2.000000	0.000000
YJR034W	YGL013C	0.376564						0.000000	2.000000	0.000000
YDL097C	YBL021C	0.376561	0.000000	0.093410	0.205056	0.119537	0.128352	0.000000	-2.000000	0.000000
YDL212W	YDR034C	0.376560						0.000000	2.000000	0.000000
YBR089C-A	YER088C	0.376557						0.000000	2.000000	0.000000
YBL047C	YER088C	0.376553						0.000000	2.000000	0.000000
YGR240C	YIR017C	0.376551	0.000000	0.093350	0.205056	0.119485	0.128295	0.000000	2.000000	0.000000
YKL187C	YCR084C	0.376551						0.000000	-2.000000	0.000000
YLR172C	YML081W	0.376549						0.000000	2.000000	0.000000
YML058W	YIL119C	0.376548						0.000000	2.000000	0.000000
YCL028W	YNL103W	0.376546						0.000000	-2.000000	0.000000
YMR203W	YBR066C	0.376537						0.000000	2.000000	0.000000
YGL022W	YPR009W	0.376535						0.000000	2.000000	0.000000
YER088C	YDR034C	0.376526						0.000000	2.000000	0.000000
YML092C	YDR207C	0.376526	0.000000	0.093291	0.205056	0.119434	0.128239	0.000000	2.000000	0.000000
YOR176W	YJR127C	0.376525						0.000000	2.000000	0.000000
YPL091W	YPR008W	0.376525						0.000000	2.000000	0.000000
YIL117C	YBR083W	0.376520	1.000000	0.093870	0.206461	0.120353	0.129061	0.000000	2.000000	0.000000
YNL084C	YDR207C	0.376517						0.000000	2.000000	0.000000
YPL198W	YDR423C	0.376517	0.000000	0.093810	0.206461	0.120302	0.129004	0.000000	-2.000000	0.000000
YER038C	YBR066C	0.376515						0.000000	2.000000	0.000000
YMR243C	YMR042W	0.376514						0.000000	-2.000000	0.000000
YER012W	YNL103W	0.376511						0.000000	-2.000000	0.000000
YLR009W	YDR463W	0.376509						0.000000	-2.000000	0.000000
YDL091C	YPR008W	0.376508						0.000000	2.000000	0.000000
YDR168W	YPL202C	0.376506						0.000000	-2.000000	0.000000
YJL174W	YGL209W	0.376504						0.000000	2.000000	0.000000
YHR132C	YER088C	0.376503						0.000000	2.000000	0.000000
YNL005C	YPL230W	0.376498						0.000000	2.000000	0.000000
YKL181W	YPR009W	0.376496						0.000000	2.000000	0.000000
YER165W	YGL209W	0.376494						0.000000	2.000000	0.000000
YJR113C	YPL230W	0.376491						0.000000	2.000000	0.000000
YOR335C	YDR034C	0.376489						0.000000	2.000000	0.000000
YBL068W	YHR006W	0.376488						0.000000	-2.000000	0.000000
YOR286W	YDR207C	0.376486						0.000000	2.000000	0.000000
YDR092W	YGL096W	0.376479						0.000000	2.000000	0.000000
YOR036W	YJR127C	0.376478						0.000000	2.000000	0.000000
YOR354C	YNL216W	0.376472						1.000000	-2.000000	0.000000
YGL048C	YNL103W	0.376472						0.000000	-2.000000	0.000000
YBR066C	YMR037C	0.376470						1.000000	2.000000	0.000000
YMR146C	YGL209W	0.376466						0.000000	2.000000	0.000000
YKL185W	YPR008W	0.376464						0.000000	2.000000	0.000000
YBL040C	YDR174W	0.376457						0.000000	2.000000	0.000000
YER074W-A	YPR008W	0.376456						0.000000	2.000000	0.000000
YMR012W	YML081W	0.376434						0.000000	2.000000	0.000000
YFL005W	YBL021C	0.376428						0.000000	-2.000000	0.000000
YER136W	YBR066C	0.376421						0.000000	2.000000	0.000000
YOR091W	YKR099W	0.376420						0.000000	-2.000000	0.000000
YDR245W	YBR066C	0.376418						0.000000	2.000000	0.000000
YDR358W	YDL048C	0.376403						0.000000	2.000000	0.000000
YPR183W	YDR174W	0.376400						0.000000	2.000000	0.000000
YMR220W	YML081W	0.376398						0.000000	2.000000	0.000000
YKL006C-A	YNL216W	0.376397						1.000000	2.000000	0.000000
YMR286W	YGL073W	0.376397						0.000000	2.000000	0.000000
YJR075W	YDL048C	0.376392						0.000000	2.000000	0.000000
YOR098C	YHR084W	0.376389						1.000000	2.000000	0.000000
YBL057C	YML081W	0.376387						0.000000	2.000000	0.000000
YHR013C	YLR176C	0.376378						0.000000	-2.000000	0.000000
YDL238C	YOR230W	0.376374						0.000000	2.000000	0.000000
YGL002W	YDL048C	0.376369						0.000000	2.000000	0.000000
YAR015W	YBR239C	0.376367						0.000000	-2.000000	0.000000
YER088C	YDR174W	0.376364						0.000000	2.000000	0.000000
YPL220W	YPR009W	0.376354						0.000000	2.000000	0.000000
YPL232W	YJR127C	0.376347						0.000000	2.000000	0.000000
YNL248C	YDR423C	0.376347						0.000000	-2.000000	0.000000
YPL123C	YDR207C	0.376344						0.000000	2.000000	0.000000
YOL111C	YOR140W	0.376341						0.000000	-2.000000	0.000000
YAL034C	YLR256W	0.376340						0.000000	-2.000000	0.000000
YDR530C	YHL009C	0.376336						0.000000	2.000000	0.000000
YOR085W	YPR009W	0.376327						0.000000	2.000000	0.000000
YER018C	YKL185W	0.376314						0.000000	2.000000	0.000000
YMR250W	YCR084C	0.376312						0.000000	-2.000000	0.000000
YKL210W	YBL021C	0.376308						0.000000	-2.000000	0.000000
YMR318C	YHL027W	0.376300						0.000000	-2.000000	0.000000
YML048W	YMR021C	0.376295	0.000000	0.093750	0.206461	0.120250	0.128947	0.000000	2.000000	0.000000
YPR009W	YHR084W	0.376287						1.000000	-2.000000	0.000000
YLR201C	YPR008W	0.376286						0.000000	2.000000	0.000000
YNL305C	YER088C	0.376279						0.000000	2.000000	0.000000
YOL030W	YML081W	0.376279						0.000000	2.000000	0.000000
YJR017C	YDR207C	0.376274						0.000000	2.000000	0.000000
YPR010C	YDR423C	0.376272						0.000000	-2.000000	0.000000
YOR046C	YML081W	0.376268						0.000000	2.000000	0.000000
YKL128C	YHR206W	0.376267						0.000000	2.000000	0.000000
YDL046W	YPR008W	0.376267						0.000000	2.000000	0.000000
YDL065C	YPR008W	0.376264						0.000000	2.000000	0.000000
YDR462W	YPR008W	0.376261						0.000000	2.000000	0.000000
YBR146W	YML081W	0.376256						0.000000	2.000000	0.000000
YDL095W	YGL209W	0.376250						0.000000	2.000000	0.000000
YMR026C	YDL048C	0.376250						0.000000	2.000000	0.000000
YER074W-A	YER088C	0.376242						0.000000	2.000000	0.000000
YER029C	YML081W	0.376236						0.000000	2.000000	0.000000
YCL057W	YDL170W	0.376220						0.000000	-2.000000	0.000000
YAL035W	YLR098C	0.376219						0.000000	-2.000000	0.000000
YPL158C	YJR127C	0.376211						0.000000	2.000000	0.000000
YER133W	YML081W	0.376203						0.000000	2.000000	0.000000
YHR039C-A	YIL119C	0.376201						0.000000	2.000000	0.000000
YJR014W	YPR008W	0.376194						0.000000	2.000000	0.000000
YPL235W	YML081W	0.376186						0.000000	2.000000	0.000000
YOR176W	YDR174W	0.376180						0.000000	2.000000	0.000000
YOR316C	YPL202C	0.376176						0.000000	-2.000000	0.000000
YDR404C	YBR066C	0.376168						0.000000	2.000000	0.000000
YOR091W	YPR009W	0.376166						0.000000	2.000000	0.000000
YMR255W	YBR066C	0.376158						0.000000	2.000000	0.000000
YER020W	YPR008W	0.376153						0.000000	2.000000	0.000000
YBR171W	YDR034C	0.376146						0.000000	2.000000	0.000000
YAL023C	YGL209W	0.376143						0.000000	2.000000	0.000000
YMR093W	YDR423C	0.376143						0.000000	-2.000000	0.000000
YPR041W	YOR363C	0.376142						0.000000	2.000000	0.000000
YDR073W	YDR253C	0.376138						1.000000	2.000000	0.000000
YER071C	YPR008W	0.376133						0.000000	2.000000	0.000000
YJL034W	YML081W	0.376131						0.000000	2.000000	0.000000
YJL060W	YOR230W	0.376131						0.000000	2.000000	0.000000
YHR013C	YLR098C	0.376130						0.000000	-2.000000	0.000000
YFR010W	YBR066C	0.376126						0.000000	2.000000	0.000000
YAL036C	YBR240C	0.376118						0.000000	-2.000000	0.000000
YGL221C	YLR176C	0.376118						0.000000	-2.000000	0.000000
YDR519W	YDR034C	0.376117						0.000000	2.000000	0.000000
YHR135C	YIL131C	0.376083						1.000000	2.000000	0.000000
YGR076C	YOR140W	0.376075						0.000000	-2.000000	0.000000
YBL068W	YDR146C	0.376065						0.000000	-2.000000	0.000000
YGL208W	YOR140W	0.376059						0.000000	-2.000000	0.000000
YFR015C	YJR127C	0.376051						0.000000	2.000000	0.000000
YOL016C	YML081W	0.376050						0.000000	2.000000	0.000000
YGL078C	YDR423C	0.376045						0.000000	-2.000000	0.000000
YDR394W	YPR008W	0.376036						0.000000	2.000000	0.000000
YLR201C	YPL202C	0.376033						0.000000	-2.000000	0.000000
YNL186W	YML081W	0.376014						0.000000	2.000000	0.000000
YER017C	YGL013C	0.376003						0.000000	2.000000	0.000000
YJL096W	YGL013C	0.376002						0.000000	2.000000	0.000000
YKL003C	YPL202C	0.375982						0.000000	-2.000000	0.000000
YBR268W	YGL237C	0.375979						0.000000	2.000000	0.000000
YNL004W	YPR008W	0.375918						0.000000	2.000000	0.000000
YBR221C	YIL119C	0.375911						0.000000	2.000000	0.000000
YDL095W	YDR174W	0.375908						0.000000	2.000000	0.000000
YPR182W	YPR008W	0.375878						0.000000	2.000000	0.000000
YKL120W	YDR423C	0.199869						1.000000	1.000000	0.000000
YNL096C	YLR403W	0.199689	1.000000	0.094328	0.207865	0.121168	0.129768	0.000000	1.000000	0.000000
YKR094C	YLR403W	0.199511	0.000000	0.094268	0.207865	0.121117	0.129711	0.000000	1.000000	0.000000
YPR191W	YOR162C	0.199462						1.000000	1.000000	0.000000
YNL300W	YHR084W	0.199410						1.000000	1.000000	0.000000
YER055C	YKR099W	0.199289						1.000000	1.000000	0.000000
YHR193C	YPL038W	0.199268						1.000000	1.000000	0.000000
YDR500C	YML027W	0.199204						1.000000	1.000000	0.000000
YPL079W	YNL216W	0.199174	1.000000	0.094844	0.209270	0.122033	0.130530	0.000000	1.000000	0.000000
YCR010C	YDR207C	0.199117						1.000000	1.000000	0.000000
YJR104C	YOR140W	0.199061						0.000000	-1.000000	0.000000
YLR259C	YKL109W	0.199042	0.000000	0.094784	0.209270	0.121982	0.130473	0.000000	1.000000	0.000000
YBR230C	YMR037C	0.199011						1.000000	1.000000	0.000000
YNL302C	YLR403W	0.199009	1.000000	0.095359	0.210674	0.122898	0.131291	0.000000	1.000000	0.000000
YHR174W	YMR172W	0.198983						0.000000	-1.000000	0.000000
YPL154C	YDL020C	0.198964						0.000000	1.000000	0.000000
YPL043W	YHR006W	0.198891						0.000000	-1.000000	0.000000
YGR038W	YDL020C	0.198868						0.000000	1.000000	0.000000
YER073W	YEL009C	0.198853	1.000000	0.095934	0.212079	0.123813	0.132108	0.000000	1.000000	0.000000
YOR209C	YKL112W	0.198852						0.000000	1.000000	0.000000
YMR072W	YDL020C	0.198844						0.000000	1.000000	0.000000
YDR502C	YNL103W	0.198790						0.000000	1.000000	0.000000
YNL074C	YDL020C	0.198768						0.000000	1.000000	0.000000
YML028W	YDR451C	0.198741	0.000000	0.095873	0.212079	0.123761	0.132051	0.000000	1.000000	0.000000
YPR036W	YNL068C	0.198735						1.000000	1.000000	0.000000
YPL154C	YDR463W	0.198724						0.000000	-1.000000	0.000000
YDL204W	YMR172W	0.198717						0.000000	1.000000	0.000000
YNL312W	YMR021C	0.198685						0.000000	1.000000	0.000000
YBR199W	YEL009C	0.198640						0.000000	1.000000	0.000000
YMR186W	YOR162C	0.198629						0.000000	1.000000	0.000000
YIR037W	YDL020C	0.198622						0.000000	1.000000	0.000000
YNL131W	YDL020C	0.198584						0.000000	1.000000	0.000000
YFR017C	YKL109W	0.198560	0.000000	0.095812	0.212079	0.123709	0.131993	0.000000	1.000000	0.000000
YGR187C	YHR006W	0.198545						0.000000	-1.000000	0.000000
YPL093W	YHR006W	0.198514						0.000000	-1.000000	0.000000
YPL106C	YNL167C	0.198504	0.000000	0.095751	0.212079	0.123657	0.131935	0.000000	1.000000	0.000000
YIL142W	YKL112W	0.198481						0.000000	1.000000	0.000000
YDR032C	YDL020C	0.198474						0.000000	1.000000	0.000000
YGL135W	YHR006W	0.198472	0.000000	0.095691	0.212079	0.123605	0.131878	0.000000	-1.000000	0.000000
YOR261C	YJR060W	0.198463	0.000000	0.095630	0.212079	0.123553	0.131820	0.000000	1.000000	0.000000
YHR027C	YDL020C	0.198461						0.000000	1.000000	0.000000
YOR374W	YDR213W	0.198457						0.000000	-1.000000	0.000000
YFR031C-A	YDR253C	0.198405	0.000000	0.095570	0.212079	0.123501	0.131763	0.000000	-1.000000	0.000000
YKL217W	YDR213W	0.198398						0.000000	-1.000000	0.000000
YKL026C	YER184C	0.198390						0.000000	1.000000	0.000000
YDR322W	YKL109W	0.198345						0.000000	1.000000	0.000000
YDR261C	YDL056W	0.198324						0.000000	1.000000	0.000000
YPR169W	YNL027W	0.198273						0.000000	-1.000000	0.000000
YNL300W	YDL056W	0.198253						0.000000	1.000000	0.000000
YPR113W	YOL116W	0.198251						0.000000	-1.000000	0.000000
YBR101C	YMR037C	0.198241						1.000000	-1.000000	0.000000
YLR437C	YNL068C	0.198226						1.000000	1.000000	0.000000
YOR206W	YDL106C	0.198211						0.000000	1.000000	0.000000
YPR016C	YHR124W	0.198196						0.000000	1.000000	0.000000
YPL240C	YMR037C	0.198163						1.000000	1.000000	0.000000
YPR112C	YHR006W	0.198135						0.000000	-1.000000	0.000000
YLR286C	YDR146C	0.198125	0.000000	0.095509	0.212079	0.123449	0.131705	0.000000	1.000000	0.000000
YGR148C	YMR016C	0.198104						1.000000	1.000000	0.000000
YNL074C	YMR021C	0.198088						0.000000	1.000000	0.000000
YOL061W	YHR124W	0.198075						0.000000	1.000000	0.000000
YLR075W	YHR124W	0.198047						0.000000	1.000000	0.000000
YPR149W	YOR028C	0.198025						0.000000	1.000000	0.000000
YLL008W	YHR006W	0.198006						0.000000	-1.000000	0.000000
YBL024W	YHR006W	0.198001						0.000000	-1.000000	0.000000
YGR183C	YGL237C	0.197934						1.000000	1.000000	0.000000
YPL154C	YKL109W	0.197922						0.000000	1.000000	0.000000
YLR441C	YBR049C	0.197920						0.000000	1.000000	0.000000
YGR209C	YER040W	0.197911						0.000000	1.000000	0.000000
YJR073C	YGL166W	0.197895						0.000000	1.000000	0.000000
YDR435C	YNL103W	0.197895						0.000000	-1.000000	0.000000
YKR085C	YGL237C	0.197875						0.000000	1.000000	0.000000
YGR192C	YMR043W	0.197856	0.000000	0.095449	0.212079	0.123397	0.131648	0.000000	-1.000000	0.000000
YNL071W	YDL020C	0.197846						0.000000	1.000000	0.000000
YOR208W	YKL032C	0.197840						0.000000	1.000000	0.000000
YPL004C	YNL103W	0.197837						0.000000	-1.000000	0.000000
YLR325C	YIL131C	0.197824	0.000000	0.095389	0.212079	0.123346	0.131590	0.000000	1.000000	0.000000
YPL019C	YNL027W	0.197813						0.000000	-1.000000	0.000000
YLL008W	YDL106C	0.197803						0.000000	1.000000	0.000000
YLR106C	YPR104C	0.197776						0.000000	1.000000	0.000000
YIL111W	YNL103W	0.197770	0.000000	0.095328	0.212079	0.123294	0.131533	0.000000	-1.000000	0.000000
YBR031W	YHR124W	0.197765						0.000000	1.000000	0.000000
YHR029C	YHR084W	0.197754						1.000000	1.000000	0.000000
YPL146C	YNL068C	0.197744						0.000000	1.000000	0.000000
YBR181C	YIL131C	0.197744	0.000000	0.095268	0.212079	0.123242	0.131476	0.000000	1.000000	0.000000
YJR105W	YKL112W	0.197731						0.000000	1.000000	0.000000
YER053C	YOL067C	0.197726	0.000000	0.095208	0.212079	0.123191	0.131419	0.000000	1.000000	0.000000
YDR043C	YCR084C	0.197724						1.000000	1.000000	0.000000
YGR187C	YNL027W	0.197724						0.000000	-1.000000	0.000000
YHR143W	YDR146C	0.197721	1.000000	0.095778	0.213483	0.124103	0.132231	0.000000	1.000000	0.000000
YLR153C	YKL032C	0.197713						0.000000	1.000000	0.000000
YER023W	YPL075W	0.197696						0.000000	1.000000	0.000000
YER120W	YJR060W	0.197693	0.000000	0.095718	0.213483	0.124051	0.132174	0.000000	1.000000	0.000000
YER024W	YER184C	0.197660						0.000000	1.000000	0.000000
YNL024C-A	YDL020C	0.197648						0.000000	1.000000	0.000000
YNL239W	YER040W	0.197613						0.000000	1.000000	0.000000
YPR128C	YIR017C	0.197606						0.000000	1.000000	0.000000
YER058W	YKL109W	0.197581						0.000000	1.000000	0.000000
YOR285W	YDL020C	0.197578						0.000000	1.000000	0.000000
YGR254W	YKL032C	0.197552	0.000000	0.095658	0.213483	0.123999	0.132116	0.000000	1.000000	0.000000
YPR169W	YPR104C	0.197538						0.000000	1.000000	0.000000
YOR271C	YPR104C	0.197535	0.000000	0.095597	0.213483	0.123947	0.132059	0.000000	1.000000	0.000000
YDR099W	YOL089C	0.197531						0.000000	-1.000000	0.000000
YIR036C	YDL020C	0.197501						0.000000	1.000000	0.000000
YOL005C	YMR037C	0.197481						0.000000	1.000000	0.000000
YGL154C	YGL166W	0.197469						0.000000	1.000000	0.000000
YJR100C	YPL177C	0.197468						0.000000	-1.000000	0.000000
YGR241C	YGL073W	0.197466						0.000000	1.000000	0.000000
YDR330W	YGL073W	0.197461						0.000000	1.000000	0.000000
YKL058W	YDL020C	0.197454						0.000000	1.000000	0.000000
YPL048W	YDL020C	0.197443						0.000000	1.000000	0.000000
YFL038C	YEL009C	0.197401						0.000000	1.000000	0.000000
YEL027W	YFL021W	0.197398						0.000000	1.000000	0.000000
YLR204W	YKL109W	0.197396						0.000000	1.000000	0.000000
YKL053C-A	YDL020C	0.197382						0.000000	1.000000	0.000000
YBR158W	YER111C	0.197379						0.000000	1.000000	0.000000
YNL088W	YDL056W	0.197360						0.000000	1.000000	0.000000
YGR175C	YNL167C	0.197347						0.000000	1.000000	0.000000
YDR357C	YML007W	0.197332						0.000000	1.000000	0.000000
YHR174W	YMR043W	0.197322	0.000000	0.095537	0.213483	0.123895	0.132002	0.000000	-1.000000	0.000000
YDR374W-A	YKR034W	0.197320						0.000000	1.000000	0.000000
YJL034W	YNL167C	0.197316	0.000000	0.095477	0.213483	0.123844	0.131944	0.000000	1.000000	0.000000
YFR031C-A	YGR044C	0.197291						0.000000	-1.000000	0.000000
YLR153C	YBL021C	0.197279						0.000000	-1.000000	0.000000
YLR153C	YHR206W	0.197275						0.000000	1.000000	0.000000
YAL044C	YEL009C	0.197263						0.000000	1.000000	0.000000
YKR088C	YDR207C	0.197240						0.000000	1.000000	0.000000
YDL075W	YNL314W	0.197213	0.000000	0.095417	0.213483	0.123792	0.131887	0.000000	1.000000	0.000000
YBR145W	YDL020C	0.197196	0.000000	0.095358	0.213483	0.123741	0.131830	0.000000	1.000000	0.000000
YBR286W	YOR028C	0.197191						0.000000	1.000000	0.000000
YOR375C	YKL032C	0.197189	0.000000	0.095298	0.213483	0.123689	0.131773	0.000000	1.000000	0.000000
YHR123W	YMR037C	0.197180	0.000000	0.095238	0.213483	0.123638	0.131716	0.000000	1.000000	0.000000
YPL143W	YNL027W	0.197169	0.000000	0.095178	0.213483	0.123586	0.131659	0.000000	-1.000000	0.000000
YJL099W	YDL170W	0.197162						0.000000	-1.000000	0.000000
YLR175W	YHR124W	0.197149						0.000000	1.000000	0.000000
YMR088C	YIR017C	0.197114						0.000000	1.000000	0.000000
YDR182W	YDR207C	0.197104						0.000000	1.000000	0.000000
YPL143W	YHR124W	0.197083						0.000000	1.000000	0.000000
YOR132W	YDR207C	0.197082						0.000000	1.000000	0.000000
YGR027C	YKL062W	0.197076	0.000000	0.095119	0.213483	0.123535	0.131602	0.000000	-1.000000	0.000000
YMR208W	YEL009C	0.197060						0.000000	1.000000	0.000000
YPL203W	YOR028C	0.197048						0.000000	1.000000	0.000000
YHR137W	YLR451W	0.197048						0.000000	-1.000000	0.000000
YKL138C	YKL109W	0.197044						0.000000	1.000000	0.000000
YLR259C	YBL021C	0.197039	0.000000	0.095059	0.213483	0.123483	0.131545	0.000000	-1.000000	0.000000
YJL172W	YMR021C	0.197031						0.000000	1.000000	0.000000
YHL033C	YIL131C	0.197017	0.000000	0.095000	0.213483	0.123432	0.131488	0.000000	1.000000	0.000000
YDR072C	YCR084C	0.196999						1.000000	1.000000	0.000000
YGL020C	YJL089W	0.196989						0.000000	1.000000	0.000000
YKL182W	YDR253C	0.196986						1.000000	1.000000	0.000000
YOR222W	YDL056W	0.196971	0.000000	0.094941	0.213483	0.123381	0.131431	0.000000	1.000000	0.000000
YMR092C	YDL020C	0.196957						0.000000	1.000000	0.000000
YLR153C	YHL027W	0.196955						0.000000	-1.000000	0.000000
YBR093C	YNL027W	0.196945	0.000000	0.094881	0.213483	0.123330	0.131374	0.000000	-1.000000	0.000000
YJR025C	YEL009C	0.196934	1.000000	0.095446	0.214888	0.124237	0.132181	0.000000	1.000000	0.000000
YBR025C	YBR049C	0.196916						0.000000	1.000000	0.000000
YLR312W-A	YGL073W	0.196907						0.000000	1.000000	0.000000
YKR096W	YDR207C	0.196898						0.000000	1.000000	0.000000
YER019W	YKL032C	0.196892						0.000000	1.000000	0.000000
YER124C	YHR206W	0.196876	0.000000	0.095387	0.214888	0.124186	0.132124	0.000000	1.000000	0.000000
YKL120W	YHR006W	0.196861						0.000000	1.000000	0.000000
YMR174C	YER184C	0.196858						0.000000	1.000000	0.000000
YKR003W	YDR207C	0.196855						0.000000	1.000000	0.000000
YIL109C	YDR174W	0.196841						0.000000	1.000000	0.000000
YJL180C	YGL237C	0.196841						0.000000	1.000000	0.000000
YML092C	YJR060W	0.196840	0.000000	0.095327	0.214888	0.124134	0.132067	0.000000	1.000000	0.000000
YMR193W	YPL038W	0.196830						1.000000	1.000000	0.000000
YLR356W	YKL109W	0.196816						0.000000	1.000000	0.000000
YOL140W	YLR451W	0.196814	0.000000	0.095268	0.214888	0.124083	0.132010	0.000000	1.000000	0.000000
YPR187W	YIL131C	0.196811						0.000000	1.000000	0.000000
YLR276C	YGR044C	0.196806						0.000000	-1.000000	0.000000
YDL120W	YKL109W	0.196806						0.000000	1.000000	0.000000
YLR274W	YER111C	0.196804	0.000000	0.095208	0.214888	0.124032	0.131953	0.000000	-1.000000	0.000000
YDR031W	YKL109W	0.196795						0.000000	1.000000	0.000000
YGR189C	YEL009C	0.196774	0.000000	0.095149	0.214888	0.123981	0.131897	0.000000	1.000000	0.000000
YJL026W	YHL027W	0.196730	0.000000	0.095090	0.214888	0.123929	0.131840	0.000000	-1.000000	0.000000
YDR297W	YKL185W	0.196714	0.000000	0.095031	0.214888	0.123878	0.131783	0.000000	1.000000	0.000000
YGR231C	YKL109W	0.196711						0.000000	1.000000	0.000000
YBR244W	YOL028C	0.196707						0.000000	1.000000	0.000000
YNL064C	YHR124W	0.196705						0.000000	1.000000	0.000000
YGR245C	YNL068C	0.196691						0.000000	1.000000	0.000000
YHL032C	YKL109W	0.196687						0.000000	1.000000	0.000000
YDL166C	YGR044C	0.196686						0.000000	-1.000000	0.000000
YHR123W	YDR451C	0.196684	0.000000	0.094972	0.214888	0.123827	0.131726	0.000000	1.000000	0.000000
YOR344C	YCR084C	0.196683						1.000000	1.000000	0.000000
YOL002C	YEL009C	0.196678						0.000000	1.000000	0.000000
YOL086C	YKL043W	0.196676						0.000000	1.000000	0.000000
YJL210W	YDR253C	0.196673						1.000000	1.000000	0.000000
YKL013C	YEL009C	0.196671						0.000000	1.000000	0.000000
YOR209C	YDR174W	0.196664						0.000000	1.000000	0.000000
YGR049W	YGL073W	0.196651						0.000000	1.000000	0.000000
YGR173W	YIR023W	0.196647						0.000000	-1.000000	0.000000
YHR195W	YML007W	0.196643						0.000000	1.000000	0.000000
YKL152C	YHR178W	0.196632	0.000000	0.094913	0.214888	0.123776	0.131670	0.000000	1.000000	0.000000
YNL153C	YDR174W	0.196627						0.000000	1.000000	0.000000
YBL090W	YGL237C	0.196626						0.000000	1.000000	0.000000
YBR003W	YGL073W	0.196623						0.000000	1.000000	0.000000
YBL007C	YDR207C	0.196617	0.000000	0.094854	0.214888	0.123725	0.131613	0.000000	1.000000	0.000000
YDL153C	YDL106C	0.196596						0.000000	1.000000	0.000000
YNL031C	YPL177C	0.196577						0.000000	-1.000000	0.000000
YPL243W	YGR044C	0.196560						0.000000	-1.000000	0.000000
YIL022W	YGL073W	0.196552						0.000000	1.000000	0.000000
YLR167W	YDL106C	0.196548	0.000000	0.094796	0.214888	0.123674	0.131556	0.000000	-1.000000	0.000000
YKL142W	YGL073W	0.196544						0.000000	1.000000	0.000000
YNR035C	YEL009C	0.196532						0.000000	1.000000	0.000000
YPR074C	YMR016C	0.196529						1.000000	1.000000	0.000000
YIL074C	YKL112W	0.196523	0.000000	0.094737	0.214888	0.123623	0.131500	0.000000	1.000000	0.000000
YLL039C	YLR014C	0.196522						0.000000	-1.000000	0.000000
YOR007C	YDL020C	0.196508	1.000000	0.095297	0.216292	0.124527	0.132302	0.000000	1.000000	0.000000
YGR132C	YBL021C	0.196506						0.000000	-1.000000	0.000000
YOR257W	YML007W	0.196487						0.000000	1.000000	0.000000
YHR195W	YGL073W	0.196480						0.000000	1.000000	0.000000
YER009W	YMR043W	0.196478						0.000000	-1.000000	0.000000
YDR050C	YOR344C	0.196467						0.000000	1.000000	0.000000
YER012W	YJR060W	0.196455						0.000000	1.000000	0.000000
YNL262W	YKL185W	0.196453						0.000000	1.000000	0.000000
YLR043C	YJR147W	0.196451						0.000000	1.000000	0.000000
YDR284C	YMR037C	0.196443	0.000000	0.095238	0.216292	0.124476	0.132246	0.000000	1.000000	0.000000
YNL131W	YBL021C	0.196433						0.000000	-1.000000	0.000000
YFL044C	YDL020C	0.196420						0.000000	1.000000	0.000000
YGL020C	YKL038W	0.196406						0.000000	1.000000	0.000000
YDL153C	YNL068C	0.196398						0.000000	1.000000	0.000000
YOR383C	YNL103W	0.196375						0.000000	-1.000000	0.000000
YER019C-A	YEL009C	0.196375						0.000000	1.000000	0.000000
YDR500C	YNL216W	0.196365						1.000000	-1.000000	0.000000
YIL056W	YNL167C	0.196359	0.000000	0.095179	0.216292	0.124425	0.132189	0.000000	1.000000	0.000000
YDL115C	YOR140W	0.196356						0.000000	-1.000000	0.000000
YPR163C	YHR124W	0.196340						0.000000	1.000000	0.000000
YOR367W	YMR037C	0.196280	0.000000	0.095120	0.216292	0.124374	0.132132	0.000000	1.000000	0.000000
YDR055W	YBR182C	0.196271						0.000000	-1.000000	0.000000
YOL111C	YDL020C	0.196260						0.000000	1.000000	0.000000
YFR004W	YDL020C	0.196249	1.000000	0.095679	0.217697	0.125277	0.132933	0.000000	1.000000	0.000000
YGL208W	YKL109W	0.196247						0.000000	1.000000	0.000000
YPR112C	YNL068C	0.196247						0.000000	1.000000	0.000000
YKL164C	YDR451C	0.196231	0.000000	0.095620	0.217697	0.125226	0.132876	0.000000	1.000000	0.000000
YBR025C	YIR018W	0.196204						0.000000	1.000000	0.000000
YDR330W	YGL013C	0.196199						0.000000	1.000000	0.000000
YER110C	YMR043W	0.196198						1.000000	1.000000	0.000000
YKL043W	YER184C	0.196193						0.000000	1.000000	0.000000
YKR039W	YBL103C	0.196186						0.000000	1.000000	0.000000
YOL030W	YDR259C	0.196186						0.000000	1.000000	0.000000
YDR380W	YKL062W	0.196175						1.000000	1.000000	0.000000
YHR065C	YPR104C	0.196173						0.000000	1.000000	0.000000
YLR409C	YNL027W	0.196172						0.000000	-1.000000	0.000000
YPR004C	YDL056W	0.196171						0.000000	1.000000	0.000000
YOL038W	YMR016C	0.196169						1.000000	1.000000	0.000000
YLR432W	YOR028C	0.196168						1.000000	1.000000	0.000000
YDL128W	YHL027W	0.196165						0.000000	-1.000000	0.000000
YIL117C	YIR017C	0.196129	0.000000	0.095561	0.217697	0.125174	0.132819	0.000000	1.000000	0.000000
YDR408C	YJR060W	0.196126	0.000000	0.095502	0.217697	0.125123	0.132762	0.000000	1.000000	0.000000
YLR208W	YJR060W	0.196122						0.000000	1.000000	0.000000
YER063W	YMR037C	0.196121	0.000000	0.095443	0.217697	0.125072	0.132705	0.000000	1.000000	0.000000
YOR089C	YDR207C	0.196121						0.000000	1.000000	0.000000
YOR051C	YHR124W	0.196119						0.000000	1.000000	0.000000
YGR014W	YCR065W	0.196114						0.000000	1.000000	0.000000
YDR224C	YGR249W	0.196109						0.000000	1.000000	0.000000
YBR282W	YDL020C	0.196102						0.000000	1.000000	0.000000
YNL131W	YHL027W	0.196098						0.000000	-1.000000	0.000000
YLR017W	YHR124W	0.196096						0.000000	1.000000	0.000000
YDL215C	YEL009C	0.196092						1.000000	1.000000	0.000000
YBR037C	YKL109W	0.196089						0.000000	1.000000	0.000000
YCL052C	YGL013C	0.196087						0.000000	1.000000	0.000000
YLL024C	YOR162C	0.196085						0.000000	1.000000	0.000000
YGR185C	YOR344C	0.196082	0.000000	0.095385	0.217697	0.125021	0.132649	0.000000	1.000000	0.000000
YPL087W	YDL020C	0.196082						0.000000	1.000000	0.000000
YLR285W	YDR520C	0.196080						0.000000	1.000000	0.000000
YKL152C	YER184C	0.196079						0.000000	-1.000000	0.000000
YCL064C	YDR463W	0.196076	0.000000	0.095326	0.217697	0.124970	0.132592	0.000000	-1.000000	0.000000
YOR003W	YKR034W	0.196073						0.000000	1.000000	0.000000
YGR180C	YHR206W	0.196072	0.000000	0.095267	0.217697	0.124919	0.132535	0.000000	1.000000	0.000000
YLR025W	YNL103W	0.196060						0.000000	-1.000000	0.000000
YDR517W	YMR037C	0.196056						0.000000	1.000000	0.000000
YDR037W	YMR280C	0.196049						0.000000	-1.000000	0.000000
YGL202W	YFL021W	0.196048						0.000000	1.000000	0.000000
YMR002W	YBL021C	0.196046						0.000000	-1.000000	0.000000
YGR175C	YDR174W	0.196045						0.000000	1.000000	0.000000
YDL212W	YEL009C	0.196040						0.000000	1.000000	0.000000
YPL048W	YDR207C	0.196031						0.000000	1.000000	0.000000
YFR003C	YKR034W	0.196028						0.000000	1.000000	0.000000
YNL243W	YKL032C	0.195985						0.000000	1.000000	0.000000
YDL008W	YDR174W	0.195981						0.000000	1.000000	0.000000
YOR184W	YDR213W	0.195974						0.000000	1.000000	0.000000
YLR150W	YOR344C	0.195972						0.000000	1.000000	0.000000
YBR208C	YBR083W	0.195963						0.000000	1.000000	0.000000
YGR128C	YNL068C	0.195944						0.000000	1.000000	0.000000
YKL160W	YJR060W	0.195941						0.000000	1.000000	0.000000
YPL213W	YKL032C	0.195937						0.000000	1.000000	0.000000
YDL201W	YHR124W	0.195932						0.000000	1.000000	0.000000
YKL096W	YML027W	0.195931						0.000000	1.000000	0.000000
YFL038C	YOL089C	0.195926						0.000000	-1.000000	0.000000
YLR056W	YBR049C	0.195925						0.000000	1.000000	0.000000
YIR031C	YMR021C	0.195925	0.000000	0.095209	0.217697	0.124868	0.132479	0.000000	1.000000	0.000000
YML098W	YDL020C	0.195917						0.000000	1.000000	0.000000
YLR164W	YGR249W	0.195909						0.000000	1.000000	0.000000
YHR104W	YOL108C	0.195892	0.000000	0.095150	0.217697	0.124817	0.132422	0.000000	1.000000	0.000000
YMR011W	YNL314W	0.195890	0.000000	0.095092	0.217697	0.124766	0.132365	0.000000	1.000000	0.000000
YER065C	YAL051W	0.195873						1.000000	1.000000	0.000000
YPL237W	YDR253C	0.195871						0.000000	-1.000000	0.000000
YDR512C	YOL067C	0.195867						0.000000	1.000000	0.000000
YLR048W	YNL027W	0.195864	0.000000	0.095034	0.217697	0.124715	0.132309	0.000000	-1.000000	0.000000
YPR004C	YOL089C	0.195859						0.000000	-1.000000	0.000000
YPL183W-A	YKL109W	0.195854						0.000000	1.000000	0.000000
YMR040W	YML007W	0.195849						0.000000	1.000000	0.000000
YNL138W	YMR037C	0.195843						0.000000	1.000000	0.000000
YNL002C	YKL062W	0.195833						1.000000	1.000000	0.000000
YKL175W	YDR207C	0.195825						0.000000	1.000000	0.000000
YKL058W	YOL089C	0.195816						0.000000	-1.000000	0.000000
YHR143W	YMR021C	0.195801	0.000000	0.094975	0.217697	0.124665	0.132253	0.000000	1.000000	0.000000
YGR088W	YKL020C	0.195795						0.000000	1.000000	0.000000
YDL135C	YMR037C	0.195794						0.000000	1.000000	0.000000
YMR292W	YBR049C	0.195790						0.000000	1.000000	0.000000
YER165W	YIR018W	0.195787						0.000000	1.000000	0.000000
YKL080W	YKL032C	0.195772						0.000000	1.000000	0.000000
YOR281C	YDR520C	0.195771						0.000000	1.000000	0.000000
YOR361C	YHR124W	0.195768						0.000000	1.000000	0.000000
YKR062W	YNL103W	0.195765						0.000000	-1.000000	0.000000
YCL017C	YEL009C	0.195755						0.000000	1.000000	0.000000
YHL033C	YLR131C	0.195747	0.000000	0.094917	0.217697	0.124614	0.132196	0.000000	-1.000000	0.000000
YMR318C	YML007W	0.195746						1.000000	1.000000	0.000000
YKL003C	YKL109W	0.195725						0.000000	1.000000	0.000000
YBR212W	YGL073W	0.195721						0.000000	1.000000	0.000000
YCL050C	YBR049C	0.195721						0.000000	1.000000	0.000000
YOR045W	YML027W	0.195720						0.000000	1.000000	0.000000
YKL058W	YOL108C	0.195709						0.000000	1.000000	0.000000
YJL026W	YKL032C	0.195709	0.000000	0.094859	0.217697	0.124563	0.132140	0.000000	1.000000	0.000000
YBR162C	YDR216W	0.195699						0.000000	-1.000000	0.000000
YNR017W	YOL108C	0.195693	0.000000	0.094801	0.217697	0.124512	0.132084	0.000000	1.000000	0.000000
YNL159C	YNL103W	0.195684						0.000000	-1.000000	0.000000
YDR012W	YMR037C	0.195679						1.000000	1.000000	0.000000
YOR074C	YKL032C	0.195676						0.000000	1.000000	0.000000
YHR027C	YNL103W	0.195660						0.000000	-1.000000	0.000000
YML058W	YHR206W	0.195653						0.000000	1.000000	0.000000
YLR216C	YGL237C	0.195646	0.000000	0.094743	0.217697	0.124462	0.132027	0.000000	1.000000	0.000000
YDR129C	YBL021C	0.195642						0.000000	-1.000000	0.000000
YKR094C	YDR146C	0.195642	0.000000	0.094685	0.217697	0.124411	0.131971	0.000000	-1.000000	0.000000
YDR284C	YEL009C	0.195637	0.000000	0.094628	0.217697	0.124361	0.131915	0.000000	1.000000	0.000000
YJR063W	YNL068C	0.195637						0.000000	1.000000	0.000000
YLL026W	YDR310C	0.195633	0.000000	0.094570	0.217697	0.124310	0.131859	0.000000	1.000000	0.000000
YEL052W	YKL109W	0.195633						0.000000	1.000000	0.000000
YNL078W	YHR084W	0.195630						1.000000	1.000000	0.000000
YLR056W	YOR162C	0.195630						0.000000	1.000000	0.000000
YNL308C	YDL106C	0.195626						0.000000	1.000000	0.000000
YLR449W	YHR124W	0.195621						0.000000	1.000000	0.000000
YJL053W	YOL108C	0.195618						0.000000	1.000000	0.000000
YLR104W	YEL009C	0.195615	0.000000	0.094512	0.217697	0.124260	0.131803	0.000000	1.000000	0.000000
YJL001W	YEL009C	0.195607	0.000000	0.094455	0.217697	0.124209	0.131747	0.000000	1.000000	0.000000
YDR001C	YNL103W	0.195582						0.000000	-1.000000	0.000000
YDR100W	YPL177C	0.195581						0.000000	-1.000000	0.000000
YBL040C	YJR147W	0.195577						0.000000	1.000000	0.000000
YOL143C	YOL108C	0.195568						0.000000	1.000000	0.000000
YEL040W	YOR162C	0.195544						0.000000	1.000000	0.000000
YPL118W	YBL021C	0.195543						0.000000	-1.000000	0.000000
YLR056W	YKL112W	0.195543	0.000000	0.094397	0.217697	0.124159	0.131691	0.000000	1.000000	0.000000
YNL294C	YER040W	0.195535						0.000000	1.000000	0.000000
YOR150W	YOL089C	0.195530						0.000000	-1.000000	0.000000
YGR034W	YPR065W	0.195528						0.000000	1.000000	0.000000
YOR184W	YJR060W	0.195526						0.000000	1.000000	0.000000
YDR427W	YFL031W	0.195521	0.000000	0.094340	0.217697	0.124109	0.131635	0.000000	1.000000	0.000000
YOR215C	YOL067C	0.195520						0.000000	1.000000	0.000000
YIL050W	YKL109W	0.195505						0.000000	1.000000	0.000000
YDR068W	YCR084C	0.195493						0.000000	-1.000000	0.000000
YPR036W-A	YLR256W	0.195467						0.000000	-1.000000	0.000000
YDR064W	YMR280C	0.195466	0.000000	0.094282	0.217697	0.124058	0.131579	0.000000	-1.000000	0.000000
YNL189W	YHL027W	0.195463						0.000000	-1.000000	0.000000
YML056C	YDR253C	0.195453						0.000000	-1.000000	0.000000
YLR058C	YMR164C	0.195442						0.000000	-1.000000	0.000000
YOL026C	YIR017C	0.195436						0.000000	1.000000	0.000000
YJL060W	YBL103C	0.195435	0.000000	0.094225	0.217697	0.124008	0.131523	0.000000	1.000000	0.000000
YNL192W	YDR451C	0.195431						0.000000	1.000000	0.000000
YBL091C-A	YKR034W	0.195426						0.000000	1.000000	0.000000
YOR136W	YOR140W	0.195421						0.000000	-1.000000	0.000000
YER074W-A	YDL020C	0.195420						0.000000	1.000000	0.000000
YDR321W	YDR253C	0.195413						0.000000	-1.000000	0.000000
YLR017W	YMR042W	0.195409						0.000000	-1.000000	0.000000
YBR086C	YCR065W	0.195398						0.000000	1.000000	0.000000
YOR016C	YCR065W	0.195393						0.000000	1.000000	0.000000
YGL080W	YGL013C	0.195391						0.000000	1.000000	0.000000
YOR252W	YIL036W	0.195391						0.000000	1.000000	0.000000
YER120W	YEL009C	0.195382	0.000000	0.094168	0.217697	0.123958	0.131467	0.000000	1.000000	0.000000
YGL147C	YKL062W	0.195379						0.000000	-1.000000	0.000000
YHR027C	YDR174W	0.195376						0.000000	1.000000	0.000000
YAL039C	YKL109W	0.195374						0.000000	1.000000	0.000000
YLR449W	YDR253C	0.195372	0.000000	0.094111	0.217697	0.123908	0.131412	0.000000	-1.000000	0.000000
YNL189W	YBL021C	0.195371						0.000000	-1.000000	0.000000
YPL265W	YER040W	0.195371	1.000000	0.094660	0.219101	0.124804	0.132203	0.000000	1.000000	0.000000
YCL028W	YOL089C	0.195361						0.000000	-1.000000	0.000000
YJR109C	YDR421W	0.195357	0.000000	0.094603	0.219101	0.124754	0.132147	0.000000	1.000000	0.000000
YPL234C	YDR451C	0.195346						0.000000	1.000000	0.000000
YJL050W	YDL106C	0.195337						0.000000	1.000000	0.000000
YNL157W	YOL108C	0.195335						0.000000	1.000000	0.000000
YLL040C	YDL020C	0.195326						0.000000	1.000000	0.000000
YBR189W	YPR104C	0.195317	0.000000	0.094545	0.219101	0.124703	0.132091	0.000000	1.000000	0.000000
YOR128C	YOR032C	0.195315						0.000000	1.000000	0.000000
YBL050W	YKL032C	0.195291						0.000000	1.000000	0.000000
YOL053W	YML007W	0.195284						0.000000	1.000000	0.000000
YPR128C	YMR070W	0.195279						0.000000	1.000000	0.000000
YKR076W	YDR216W	0.195277						0.000000	1.000000	0.000000
YEL038W	YDR451C	0.195276						0.000000	1.000000	0.000000
YPR016C	YBR239C	0.195272						0.000000	-1.000000	0.000000
YMR012W	YJL089W	0.195267						0.000000	1.000000	0.000000
YDL200C	YNL103W	0.195259						0.000000	-1.000000	0.000000
YJL137C	YCR084C	0.195250						0.000000	-1.000000	0.000000
YDL135C	YEL009C	0.195243						0.000000	1.000000	0.000000
YDR168W	YOL089C	0.195230						0.000000	-1.000000	0.000000
YIL043C	YPL038W	0.195229						0.000000	-1.000000	0.000000
YDR212W	YHR124W	0.195224						0.000000	1.000000	0.000000
YOR369C	YMR280C	0.195224						0.000000	-1.000000	0.000000
YGR146C	YIL131C	0.195212						1.000000	1.000000	0.000000
YER175C	YJR147W	0.195200						0.000000	1.000000	0.000000
YNL274C	YDR463W	0.195199						0.000000	-1.000000	0.000000
YNL243W	YDR207C	0.195198						0.000000	1.000000	0.000000
YOL119C	YMR021C	0.195195	0.000000	0.094488	0.219101	0.124653	0.132036	0.000000	1.000000	0.000000
YOR383C	YOR140W	0.195194						0.000000	-1.000000	0.000000
YLR359W	YDR423C	0.195192						0.000000	-1.000000	0.000000
YJL159W	YDR174W	0.195184						0.000000	1.000000	0.000000
YOL026C	YJR147W	0.195177						0.000000	1.000000	0.000000
YOR084W	YKL185W	0.195176						0.000000	1.000000	0.000000
YDR309C	YDL056W	0.195176	0.000000	0.094431	0.219101	0.124603	0.131980	0.000000	1.000000	0.000000
YER042W	YIL036W	0.195172						0.000000	1.000000	0.000000
YGR282C	YDR123C	0.195170						0.000000	1.000000	0.000000
YKL129C	YGR249W	0.195170						0.000000	-1.000000	0.000000
YLR388W	YNL068C	0.195169	0.000000	0.094374	0.219101	0.124553	0.131924	0.000000	1.000000	0.000000
YBR252W	YOR344C	0.195160						0.000000	1.000000	0.000000
YOR021C	YKL038W	0.195159						0.000000	1.000000	0.000000
YLR060W	YDR253C	0.195150						0.000000	-1.000000	0.000000
YDR427W	YEL009C	0.195147	0.000000	0.094317	0.219101	0.124502	0.131868	0.000000	1.000000	0.000000
YFL037W	YIR017C	0.195146						0.000000	1.000000	0.000000
YLR380W	YPL133C	0.195139						0.000000	-1.000000	0.000000
YBR222C	YOR028C	0.195133						0.000000	1.000000	0.000000
YHR013C	YMR016C	0.195132						1.000000	1.000000	0.000000
YBL022C	YOR140W	0.195131						0.000000	-1.000000	0.000000
YJL145W	YDR520C	0.195126						0.000000	1.000000	0.000000
YKL104C	YEL009C	0.195123						0.000000	1.000000	0.000000
YHR037W	YDR174W	0.195120						0.000000	1.000000	0.000000
YOL053W	YGL073W	0.195115						0.000000	1.000000	0.000000
YBR282W	YOL089C	0.195105						0.000000	-1.000000	0.000000
YDR343C	YGL237C	0.195105						0.000000	1.000000	0.000000
YDR429C	YIR018W	0.195087						0.000000	1.000000	0.000000
YNL244C	YNL314W	0.195079						0.000000	1.000000	0.000000
YEL039C	YKL032C	0.195072						0.000000	1.000000	0.000000
YGR061C	YBR239C	0.195068						0.000000	-1.000000	0.000000
YBR218C	YOL089C	0.195067						0.000000	-1.000000	0.000000
YKL002W	YNL103W	0.195065						0.000000	-1.000000	0.000000
YMR058W	YOL028C	0.195047						0.000000	1.000000	0.000000
YDR404C	YDR174W	0.195036						0.000000	1.000000	0.000000
YER036C	YHR006W	0.195026						0.000000	-1.000000	0.000000
YPR183W	YKL185W	0.195024						0.000000	1.000000	0.000000
YPR191W	YGL073W	0.195011						0.000000	1.000000	0.000000
YAL023C	YOR162C	0.195009						0.000000	1.000000	0.000000
YDR242W	YHR084W	0.195008						1.000000	1.000000	0.000000
YPL237W	YIR018W	0.195000						0.000000	1.000000	0.000000
YGL048C	YJR060W	0.194999						0.000000	1.000000	0.000000
YLR192C	YKL112W	0.194991						0.000000	1.000000	0.000000
YNL220W	YKL112W	0.194971						0.000000	1.000000	0.000000
YGR185C	YBL005W	0.194961	0.000000	0.094260	0.219101	0.124452	0.131812	0.000000	1.000000	0.000000
YLR267W	YCR084C	0.194958						0.000000	-1.000000	0.000000
YBR031W	YDR253C	0.194932	0.000000	0.094203	0.219101	0.124402	0.131757	0.000000	-1.000000	0.000000
YIL065C	YNL103W	0.194930						0.000000	-1.000000	0.000000
YBR109C	YMR021C	0.194924						0.000000	1.000000	0.000000
YLR241W	YDR207C	0.194919						0.000000	1.000000	0.000000
YER142C	YKL032C	0.194919	0.000000	0.094146	0.219101	0.124352	0.131701	0.000000	1.000000	0.000000
YNL075W	YHR124W	0.194918						0.000000	1.000000	0.000000
YOR340C	YNL068C	0.194910						0.000000	1.000000	0.000000
YHR123W	YMR021C	0.194908	0.000000	0.094089	0.219101	0.124302	0.131646	0.000000	1.000000	0.000000
YHR019C	YOR344C	0.194907	0.000000	0.094033	0.219101	0.124252	0.131590	0.000000	1.000000	0.000000
YNL159C	YKL032C	0.194876						0.000000	1.000000	0.000000
YNL231C	YKL185W	0.194873						0.000000	1.000000	0.000000
YCR003W	YGL073W	0.194872						0.000000	1.000000	0.000000
YDR530C	YDL020C	0.194863						0.000000	1.000000	0.000000
YLR375W	YHL027W	0.194859						0.000000	-1.000000	0.000000
YIL155C	YDR123C	0.194858						1.000000	1.000000	0.000000
YCL040W	YPL177C	0.194851						0.000000	-1.000000	0.000000
YHR143W-A	YKL038W	0.194848						0.000000	1.000000	0.000000
YMR058W	YOL116W	0.194842	0.000000	0.093976	0.219101	0.124202	0.131535	0.000000	-1.000000	0.000000
YCL050C	YGL035C	0.194840						0.000000	1.000000	0.000000
YJL053W	YNL103W	0.194836						0.000000	-1.000000	0.000000
YER126C	YHR124W	0.194835						0.000000	1.000000	0.000000
YMR142C	YIL131C	0.194827	0.000000	0.093919	0.219101	0.124153	0.131479	0.000000	1.000000	0.000000
YGL011C	YDR451C	0.194825						0.000000	1.000000	0.000000
YIL160C	YMR172W	0.194815						0.000000	1.000000	0.000000
YER049W	YNL027W	0.194800						0.000000	-1.000000	0.000000
YKL058W	YNL103W	0.194800						0.000000	-1.000000	0.000000
YER081W	YER169W	0.194799						0.000000	-1.000000	0.000000
YPL154C	YNL103W	0.194791						0.000000	-1.000000	0.000000
YDL174C	YDR213W	0.194771						0.000000	-1.000000	0.000000
YMR148W	YKL109W	0.194768						0.000000	1.000000	0.000000
YJL121C	YOL028C	0.194761						0.000000	1.000000	0.000000
YAL044C	YDR174W	0.194760						0.000000	1.000000	0.000000
YDR347W	YGL013C	0.194759						0.000000	1.000000	0.000000
YFR053C	YMR016C	0.194752						1.000000	1.000000	0.000000
YDR424C	YGL013C	0.194748						0.000000	1.000000	0.000000
YDR337W	YJL056C	0.194744						0.000000	1.000000	0.000000
YLR066W	YHR178W	0.194735						0.000000	1.000000	0.000000
YPL220W	YPL248C	0.194732	0.000000	0.093863	0.219101	0.124103	0.131424	0.000000	-1.000000	0.000000
YIL043C	YKL112W	0.194732						0.000000	1.000000	0.000000
YPR004C	YIR017C	0.194725						0.000000	1.000000	0.000000
YLR192C	YBR049C	0.194718						0.000000	1.000000	0.000000
YDR092W	YOL089C	0.194706						0.000000	-1.000000	0.000000
YML056C	YBR240C	0.194703						0.000000	-1.000000	0.000000
YOR036W	YOR140W	0.194697						0.000000	-1.000000	0.000000
YPL059W	YIR023W	0.194692						0.000000	1.000000	0.000000
YKL152C	YDR213W	0.194690						0.000000	1.000000	0.000000
YMR241W	YBR239C	0.194678						0.000000	-1.000000	0.000000
YGR183C	YLR451W	0.194672						0.000000	-1.000000	0.000000
YBR268W	YDL020C	0.194668						0.000000	1.000000	0.000000
YDL130W	YMR043W	0.194665	0.000000	0.093806	0.219101	0.124053	0.131368	0.000000	-1.000000	0.000000
YKL096W	YBR083W	0.194663						1.000000	1.000000	0.000000
YNL002C	YGR044C	0.194659						0.000000	-1.000000	0.000000
YOL143C	YGL013C	0.194648						0.000000	1.000000	0.000000
YNL055C	YIR023W	0.194647						0.000000	1.000000	0.000000
YLR406C	YOR363C	0.194642	0.000000	0.093750	0.219101	0.124003	0.131313	0.000000	1.000000	0.000000
YGR020C	YFL021W	0.194639						0.000000	1.000000	0.000000
YOR103C	YEL009C	0.194635						0.000000	1.000000	0.000000
YDR086C	YIR017C	0.194624						0.000000	1.000000	0.000000
YPL186C	YDR216W	0.194614						0.000000	1.000000	0.000000
YJR076C	YCR065W	0.194610						0.000000	1.000000	0.000000
YJL117W	YHR124W	0.194606						0.000000	1.000000	0.000000
YBL092W	YPL038W	0.194602						0.000000	-1.000000	0.000000
YMR238W	YDL020C	0.194598						0.000000	1.000000	0.000000
YBL089W	YNL103W	0.194577						0.000000	-1.000000	0.000000
YJR025C	YMR021C	0.194568	0.000000	0.093694	0.219101	0.123954	0.131258	0.000000	1.000000	0.000000
YDL184C	YOR162C	0.194565						0.000000	1.000000	0.000000
YKL216W	YIR023W	0.194546						0.000000	-1.000000	0.000000
YIL062C	YEL009C	0.194539						0.000000	1.000000	0.000000
YGL002W	YDR174W	0.194515						0.000000	1.000000	0.000000
YLR270W	YOR140W	0.194495						0.000000	-1.000000	0.000000
YJL001W	YGL166W	0.194495	0.000000	0.093637	0.219101	0.123904	0.131203	0.000000	1.000000	0.000000
YML067C	YHL009C	0.194491						0.000000	1.000000	0.000000
YGR194C	YKL109W	0.194481						0.000000	1.000000	0.000000
YER122C	YLR131C	0.194476						0.000000	-1.000000	0.000000
YKL093W	YOL067C	0.194471						0.000000	1.000000	0.000000
YNL008C	YGL073W	0.194457						0.000000	1.000000	0.000000
YGL106W	YDR463W	0.194449						0.000000	-1.000000	0.000000
YJL063C	YOL108C	0.194447	0.000000	0.093581	0.219101	0.123854	0.131148	0.000000	1.000000	0.000000
YLL039C	YDR123C	0.194440	0.000000	0.093525	0.219101	0.123805	0.131092	0.000000	1.000000	0.000000
YDR508C	YBR083W	0.194436						1.000000	1.000000	0.000000
YJL121C	YLR131C	0.194431						0.000000	-1.000000	0.000000
YDL014W	YKL062W	0.194428						1.000000	1.000000	0.000000
YHR013C	YKL112W	0.194425						0.000000	1.000000	0.000000
YBR093C	YPR104C	0.194423	0.000000	0.093469	0.219101	0.123755	0.131037	0.000000	1.000000	0.000000
YKL013C	YOL089C	0.194420						0.000000	-1.000000	0.000000
YDR494W	YOL067C	0.194416						0.000000	1.000000	0.000000
YHR068W	YDR253C	0.194415						0.000000	-1.000000	0.000000
YMR120C	YML007W	0.194406						1.000000	1.000000	0.000000
YKL086W	YPL089C	0.194403	0.000000	0.093413	0.219101	0.123706	0.130982	0.000000	1.000000	0.000000
YDR368W	YDL020C	0.194400						0.000000	1.000000	0.000000
YCL040W	YIR023W	0.194399						0.000000	1.000000	0.000000
YMR120C	YDL056W	0.194398						0.000000	1.000000	0.000000
YOR362C	YEL009C	0.194395						0.000000	1.000000	0.000000
YMR058W	YGL035C	0.194394	0.000000	0.093357	0.219101	0.123656	0.130927	0.000000	1.000000	0.000000
YOR198C	YDR081C	0.194386						0.000000	-1.000000	0.000000
YDR378C	YOL089C	0.194383						0.000000	-1.000000	0.000000
YMR298W	YEL009C	0.194378						0.000000	1.000000	0.000000
YJL050W	YIL101C	0.194367						0.000000	-1.000000	0.000000
YPR183W	YEL009C	0.194356						0.000000	1.000000	0.000000
YGL106W	YBL103C	0.194349						0.000000	1.000000	0.000000
YBL058W	YOR140W	0.194340						0.000000	-1.000000	0.000000
YER049W	YPR104C	0.194332						0.000000	1.000000	0.000000
YGR256W	YFL021W	0.194331						0.000000	-1.000000	0.000000
YBR084C-A	YGR044C	0.194330						0.000000	-1.000000	0.000000
YLR017W	YNL027W	0.194318						0.000000	-1.000000	0.000000
YGR060W	YFR034C	0.194318						0.000000	1.000000	0.000000
YNL220W	YKL038W	0.194313						0.000000	1.000000	0.000000
YGL154C	YDR034C	0.194312						0.000000	1.000000	0.000000
YGR007W	YGL096W	0.194310						0.000000	1.000000	0.000000
YNL044W	YDR123C	0.194303						1.000000	1.000000	0.000000
YPR118W	YKL112W	0.194289						0.000000	1.000000	0.000000
YDR083W	YNL068C	0.194275						0.000000	1.000000	0.000000
YLR325C	YKL038W	0.194261	0.000000	0.093301	0.219101	0.123607	0.130872	0.000000	1.000000	0.000000
YKL146W	YGL073W	0.194259						0.000000	1.000000	0.000000
YFR044C	YLR451W	0.194258						0.000000	-1.000000	0.000000
YPR113W	YPL038W	0.194257						0.000000	-1.000000	0.000000
YLR154W-C	YIL036W	0.194248						0.000000	1.000000	0.000000
YDR294C	YER088C	0.194245						0.000000	1.000000	0.000000
YBR214W	YOR140W	0.194244						0.000000	-1.000000	0.000000
YLL061W	YGR249W	0.194230						0.000000	1.000000	0.000000
YIR006C	YOR140W	0.194228						0.000000	-1.000000	0.000000
YKL032C	YGL073W	0.194226						0.000000	1.000000	0.000000
YDR365C	YHR124W	0.194225						0.000000	1.000000	0.000000
YOR184W	YMR037C	0.194223						0.000000	1.000000	0.000000
YJR025C	YBR083W	0.194219	0.000000	0.093246	0.219101	0.123558	0.130818	0.000000	1.000000	0.000000
YNL281W	YBR049C	0.194213						0.000000	1.000000	0.000000
YLR413W	YDL106C	0.194204						0.000000	1.000000	0.000000
YLR312W-A	YGL013C	0.194193						0.000000	1.000000	0.000000
YBR036C	YDR174W	0.194187						0.000000	1.000000	0.000000
YGL106W	YER040W	0.194185						0.000000	1.000000	0.000000
YGR132C	YGR249W	0.194183						0.000000	-1.000000	0.000000
YHL004W	YGL237C	0.194182						0.000000	1.000000	0.000000
YKL065C	YKL032C	0.194176						0.000000	1.000000	0.000000
YPR060C	YOR344C	0.194165						0.000000	1.000000	0.000000
YER074W-A	YOL108C	0.194165						0.000000	1.000000	0.000000
YLL040C	YDR463W	0.194161						0.000000	-1.000000	0.000000
YNL307C	YGL209W	0.194160						0.000000	1.000000	0.000000
YLR142W	YDR043C	0.194158						0.000000	-1.000000	0.000000
YER038C	YDR259C	0.194154						0.000000	1.000000	0.000000
YBR147W	YDR207C	0.194151	0.000000	0.093190	0.219101	0.123508	0.130763	0.000000	1.000000	0.000000
YFR053C	YDR207C	0.194150						0.000000	1.000000	0.000000
YPL059W	YMR021C	0.194142						0.000000	1.000000	0.000000
YOR085W	YDL056W	0.194140						0.000000	1.000000	0.000000
YGR075C	YLR013W	0.194139						0.000000	1.000000	0.000000
YBR149W	YPL177C	0.194134						0.000000	-1.000000	0.000000
YNL112W	YIR023W	0.194131						0.000000	-1.000000	0.000000
YDL018C	YOR140W	0.194131						0.000000	-1.000000	0.000000
YNL294C	YMR021C	0.194125						0.000000	1.000000	0.000000
YFL014W	YMR043W	0.194122						1.000000	1.000000	0.000000
YKL181W	YNL068C	0.194121						0.000000	1.000000	0.000000
YOR021C	YOR363C	0.194117						0.000000	1.000000	0.000000
YOR021C	YDL106C	0.194111						0.000000	1.000000	0.000000
YBR122C	YGL237C	0.194111						0.000000	1.000000	0.000000
YML055W	YHL009C	0.194107						0.000000	1.000000	0.000000
YOR045W	YIR023W	0.194106						0.000000	1.000000	0.000000
YIL078W	YPR199C	0.194105						0.000000	-1.000000	0.000000
YKL109W	YPL133C	0.194103						0.000000	1.000000	0.000000
YJR014W	YKL038W	0.194097						0.000000	1.000000	0.000000
YDL120W	YOL067C	0.194093						0.000000	1.000000	0.000000
YEL051W	YIR017C	0.194093						0.000000	1.000000	0.000000
YPL081W	YDR253C	0.194089	0.000000	0.093134	0.219101	0.123459	0.130708	0.000000	-1.000000	0.000000
YBR072W	YMR172W	0.194085						0.000000	1.000000	0.000000
YOR020C	YDR174W	0.194081						0.000000	1.000000	0.000000
YHR088W	YGL209W	0.194081						0.000000	1.000000	0.000000
YOR016C	YGL096W	0.194077						0.000000	1.000000	0.000000
YBR290W	YGL013C	0.194072						0.000000	1.000000	0.000000
YOR132W	YHL009C	0.194069						0.000000	1.000000	0.000000
YHR136C	YBR239C	0.194065						0.000000	-1.000000	0.000000
YHR200W	YJR060W	0.194062						0.000000	1.000000	0.000000
YDR519W	YIR017C	0.194060						0.000000	1.000000	0.000000
YGR189C	YLR176C	0.194052	0.000000	0.093079	0.219101	0.123410	0.130653	0.000000	-1.000000	0.000000
YML067C	YLR013W	0.194043						0.000000	1.000000	0.000000
YLR258W	YIR033W	0.194043	0.000000	0.093023	0.219101	0.123360	0.130599	0.000000	1.000000	0.000000
YLR003C	YHR124W	0.194042						0.000000	1.000000	0.000000
YOR130C	YJR147W	0.194029						0.000000	1.000000	0.000000
YGL078C	YHR124W	0.194027						0.000000	1.000000	0.000000
YMR015C	YDR034C	0.194023						0.000000	1.000000	0.000000
YLR241W	YDR034C	0.194022						0.000000	1.000000	0.000000
YIL112W	YBL103C	0.194022						0.000000	1.000000	0.000000
YNL024C-A	YDR421W	0.194021						0.000000	1.000000	0.000000
YGR161C	YDR207C	0.194008	0.000000	0.092968	0.219101	0.123311	0.130544	0.000000	1.000000	0.000000
YOR133W	YDR174W	0.194005						0.000000	1.000000	0.000000
YML101C	YDR174W	0.194001						0.000000	1.000000	0.000000
YOR133W	YHL027W	0.193992						0.000000	-1.000000	0.000000
YCL050C	YOL028C	0.193989						0.000000	1.000000	0.000000
YLR287C-A	YKL038W	0.193985	0.000000	0.092912	0.219101	0.123262	0.130489	0.000000	1.000000	0.000000
YAL035W	YIR018W	0.193981						0.000000	1.000000	0.000000
YGL137W	YMR021C	0.193980						0.000000	1.000000	0.000000
YLR370C	YOL089C	0.193978						0.000000	-1.000000	0.000000
YML055W	YGL096W	0.193969						0.000000	1.000000	0.000000
YIR031C	YER088C	0.193968						0.000000	1.000000	0.000000
YOR145C	YDR253C	0.193967						0.000000	-1.000000	0.000000
YJL184W	YJR147W	0.193964						0.000000	1.000000	0.000000
YFR050C	YDR451C	0.193961	0.000000	0.092857	0.219101	0.123213	0.130435	0.000000	1.000000	0.000000
YDL100C	YPL075W	0.193958						0.000000	1.000000	0.000000
YGR008C	YOL108C	0.193957						0.000000	1.000000	0.000000
YGR277C	YLR013W	0.193948						0.000000	1.000000	0.000000
YBR162C	YMR164C	0.193938						0.000000	-1.000000	0.000000
YOR298C-A	YMR016C	0.193925						0.000000	1.000000	0.000000
YMR302C	YJL056C	0.193921						0.000000	1.000000	0.000000
YPR191W	YER184C	0.193918						0.000000	-1.000000	0.000000
YOR182C	YML099C	0.193915						0.000000	-1.000000	0.000000
YML056C	YPL089C	0.193904						0.000000	-1.000000	0.000000
YGL195W	YDR520C	0.193903						0.000000	1.000000	0.000000
YDL236W	YLR013W	0.193901						0.000000	1.000000	0.000000
YOL129W	YMR021C	0.193892						0.000000	1.000000	0.000000
YMR208W	YDR451C	0.193889						0.000000	1.000000	0.000000
YDL064W	YBR049C	0.193884						0.000000	1.000000	0.000000
YEL051W	YMR037C	0.193883						0.000000	1.000000	0.000000
YKR094C	YPR104C	0.193883	0.000000	0.092802	0.219101	0.123164	0.130380	0.000000	1.000000	0.000000
YDR343C	YOR358W	0.193876						0.000000	1.000000	0.000000
YJR058C	YKR034W	0.193874						0.000000	1.000000	0.000000
YOL096C	YOL067C	0.193873						0.000000	1.000000	0.000000
YKL021C	YDR253C	0.193872						0.000000	-1.000000	0.000000
YAR015W	YBR049C	0.193865						0.000000	1.000000	0.000000
YML123C	YIL036W	0.193862						0.000000	1.000000	0.000000
YKL093W	YGL071W	0.193859						0.000000	1.000000	0.000000
YPL230W	YDR423C	0.193859						0.000000	1.000000	0.000000
YGR132C	YGL073W	0.193857						0.000000	1.000000	0.000000
YIL078W	YDR253C	0.193841						0.000000	-1.000000	0.000000
YGR094W	YLR131C	0.193840						0.000000	-1.000000	0.000000
YDR516C	YDR207C	0.193836	0.000000	0.092747	0.219101	0.123115	0.130326	0.000000	1.000000	0.000000
YLR256W	YJR147W	0.193836						0.000000	1.000000	0.000000
YOR340C	YBR083W	0.193835						0.000000	-1.000000	0.000000
YDL065C	YGL073W	0.193825						0.000000	1.000000	0.000000
YDR429C	YJL089W	0.193824						0.000000	1.000000	0.000000
YDL147W	YGL237C	0.193819						0.000000	1.000000	0.000000
YKL164C	YFL021W	0.193802						0.000000	1.000000	0.000000
YLR246W	YDL170W	0.193799						0.000000	-1.000000	0.000000
YBR006W	YKR034W	0.193798						0.000000	-1.000000	0.000000
YER083C	YIR017C	0.193791						0.000000	1.000000	0.000000
YLR113W	YGL013C	0.193791						0.000000	1.000000	0.000000
YGL225W	YDR216W	0.193788	0.000000	0.092692	0.219101	0.123066	0.130271	0.000000	-1.000000	0.000000
YJR051W	YHL009C	0.193785						0.000000	1.000000	0.000000
YHR071W	YKL020C	0.193784						0.000000	1.000000	0.000000
YLR388W	YDL106C	0.193783	0.000000	0.092637	0.219101	0.123017	0.130217	0.000000	1.000000	0.000000
YJR017C	YMR021C	0.193779						0.000000	1.000000	0.000000
YPL013C	YOL067C	0.193763						0.000000	1.000000	0.000000
YDL054C	YDR034C	0.193762						0.000000	1.000000	0.000000
YLR074C	YIL036W	0.193761						0.000000	1.000000	0.000000
YHR063C	YIR017C	0.193760						0.000000	1.000000	0.000000
YAL038W	YOL028C	0.193760						0.000000	1.000000	0.000000
YIR038C	YDR043C	0.193759	0.000000	0.092582	0.219101	0.122968	0.130163	0.000000	-1.000000	0.000000
YJR025C	YDR421W	0.193758	0.000000	0.092527	0.219101	0.122919	0.130108	0.000000	1.000000	0.000000
YOR323C	YKL112W	0.193755						0.000000	1.000000	0.000000
YBL064C	YCR084C	0.193754						0.000000	-1.000000	0.000000
YNR002C	YOL067C	0.193754						0.000000	1.000000	0.000000
YOL097C	YOR344C	0.193750						0.000000	1.000000	0.000000
YNL255C	YBR049C	0.193747						0.000000	1.000000	0.000000
YPR069C	YGL035C	0.193738						0.000000	1.000000	0.000000
YMR072W	YBL021C	0.193730						0.000000	-1.000000	0.000000
YBR222C	YDL020C	0.193730						0.000000	1.000000	0.000000
YER119C	YPL177C	0.193726						0.000000	-1.000000	0.000000
YDR085C	YKL020C	0.193725						0.000000	1.000000	0.000000
YPL131W	YIL131C	0.193721						1.000000	1.000000	0.000000
YNL177C	YOR140W	0.193719						0.000000	-1.000000	0.000000
YOL108C	YPL230W	0.193718						0.000000	1.000000	0.000000
YMR096W	YIR033W	0.193714						0.000000	1.000000	0.000000
YOL058W	YKR034W	0.193711						0.000000	-1.000000	0.000000
YNL321W	YER088C	0.193708						0.000000	1.000000	0.000000
YBR001C	YOL067C	0.193706						0.000000	1.000000	0.000000
YOR311C	YLR013W	0.193706						0.000000	1.000000	0.000000
YER024W	YEL009C	0.193704						1.000000	1.000000	0.000000
YOR006C	YGL209W	0.193700						0.000000	1.000000	0.000000
YBR130C	YLR013W	0.193696						0.000000	1.000000	0.000000
YNL024C-A	YKR034W	0.193696						0.000000	1.000000	0.000000
YKL185W	YHL027W	0.193689	0.000000	0.092472	0.219101	0.122871	0.130054	0.000000	-1.000000	0.000000
YFL044C	YMR021C	0.193682						0.000000	1.000000	0.000000
YNL330C	YER088C	0.193682						0.000000	1.000000	0.000000
YML057W	YER088C	0.193679						0.000000	1.000000	0.000000
YJL196C	YDR207C	0.193672						0.000000	1.000000	0.000000
YGR124W	YIR017C	0.193672						0.000000	1.000000	0.000000
YLR066W	YFR034C	0.193670						0.000000	1.000000	0.000000
YPL237W	YNL027W	0.193669						0.000000	-1.000000	0.000000
YDR129C	YDR207C	0.193669						0.000000	1.000000	0.000000
YNL016W	YDR451C	0.193652						0.000000	1.000000	0.000000
YKR014C	YDR034C	0.193651						0.000000	1.000000	0.000000
YPR187W	YPR065W	0.193650						0.000000	1.000000	0.000000
YFR050C	YEL009C	0.193646	0.000000	0.092417	0.219101	0.122822	0.130000	0.000000	1.000000	0.000000
YLR259C	YGL096W	0.193643						0.000000	1.000000	0.000000
YOR079C	YDR034C	0.193641						0.000000	1.000000	0.000000
YPR145W	YMR070W	0.193639						0.000000	1.000000	0.000000
YBR109C	YOL089C	0.193638						0.000000	-1.000000	0.000000
YMR220W	YFL031W	0.193633						0.000000	1.000000	0.000000
YJL012C	YNL314W	0.193632						0.000000	1.000000	0.000000
YOR344C	YNL068C	0.193632						1.000000	1.000000	0.000000
YDL075W	YNL027W	0.193631	0.000000	0.092362	0.219101	0.122773	0.129946	0.000000	-1.000000	0.000000
YDR119W	YDR034C	0.193629						0.000000	1.000000	0.000000
YER150W	YDR310C	0.193624						0.000000	1.000000	0.000000
YBR046C	YKR034W	0.193620						0.000000	1.000000	0.000000
YJL111W	YNL314W	0.193616						0.000000	1.000000	0.000000
YML128C	YKL015W	0.193612						0.000000	1.000000	0.000000
YBR264C	YER088C	0.193598						0.000000	1.000000	0.000000
YBL101C	YER088C	0.193595						0.000000	1.000000	0.000000
YJR007W	YKL112W	0.193595						0.000000	1.000000	0.000000
YHR163W	YDR213W	0.193595						0.000000	1.000000	0.000000
YBL039C	YIR023W	0.193593						0.000000	-1.000000	0.000000
YBR122C	YOR028C	0.193592						0.000000	1.000000	0.000000
YDR188W	YER088C	0.193583						0.000000	1.000000	0.000000
YAL042W	YMR021C	0.193572						0.000000	1.000000	0.000000
YNL263C	YKL185W	0.193572						0.000000	1.000000	0.000000
YOL147C	YER088C	0.193570						0.000000	1.000000	0.000000
YPR199C	YPL230W	0.193566						0.000000	1.000000	0.000000
YEL031W	YFR034C	0.193560						0.000000	1.000000	0.000000
YIR028W	YKR034W	0.193553						0.000000	-1.000000	0.000000
YJL167W	YDR451C	0.193553						0.000000	1.000000	0.000000
YMR194W	YIL101C	0.193551						0.000000	-1.000000	0.000000
YKR001C	YIR017C	0.193543						0.000000	1.000000	0.000000
YIL016W	YJR060W	0.193540						0.000000	1.000000	0.000000
YLR261C	YER088C	0.193538						0.000000	1.000000	0.000000
YHR132W-A	YER088C	0.193521						0.000000	1.000000	0.000000
YJL123C	YGL073W	0.193519						0.000000	1.000000	0.000000
YKL157W	YKL032C	0.193517						0.000000	1.000000	0.000000
YDR150W	YGL237C	0.193513						0.000000	1.000000	0.000000
YIL074C	YHL027W	0.193510	0.000000	0.092308	0.219101	0.122724	0.129892	0.000000	-1.000000	0.000000
YFL044C	YDR259C	0.193509						0.000000	1.000000	0.000000
YLR034C	YDR034C	0.193509						0.000000	1.000000	0.000000
YDL136W	YKL038W	0.193506	0.000000	0.092253	0.219101	0.122676	0.129838	0.000000	1.000000	0.000000
YJL097W	YEL009C	0.193504						0.000000	1.000000	0.000000
YPL037C	YKR099W	0.193500						0.000000	-1.000000	0.000000
YBR014C	YCR084C	0.193496						0.000000	-1.000000	0.000000
YGR086C	YOL108C	0.193496						0.000000	1.000000	0.000000
YPR023C	YOL108C	0.193494						0.000000	1.000000	0.000000
YLR429W	YDR034C	0.193492						0.000000	1.000000	0.000000
YBL058W	YOL108C	0.193487						0.000000	1.000000	0.000000
YDR197W	YPL230W	0.193481						0.000000	1.000000	0.000000
YDL168W	YIL036W	0.193476						0.000000	1.000000	0.000000
YDL040C	YLR013W	0.193474						0.000000	1.000000	0.000000
YJL111W	YPR065W	0.193471						0.000000	1.000000	0.000000
YJL080C	YBR049C	0.193470						0.000000	1.000000	0.000000
YJL123C	YHL009C	0.193470						0.000000	1.000000	0.000000
YNL243W	YDL170W	0.193468						0.000000	-1.000000	0.000000
YOR260W	YGR044C	0.193468						0.000000	-1.000000	0.000000
YJR005W	YDR034C	0.193467						0.000000	1.000000	0.000000
YMR205C	YER088C	0.193455						0.000000	1.000000	0.000000
YOR317W	YDR123C	0.193455	0.000000	0.092199	0.219101	0.122627	0.129784	0.000000	1.000000	0.000000
YDR335W	YER088C	0.193450						0.000000	1.000000	0.000000
YBR189W	YDL106C	0.193448	0.000000	0.092144	0.219101	0.122579	0.129730	0.000000	-1.000000	0.000000
YKL146W	YOL067C	0.193443						0.000000	1.000000	0.000000
YKL099C	YHR124W	0.193437						0.000000	1.000000	0.000000
YOR089C	YOL108C	0.193414						0.000000	1.000000	0.000000
YIL041W	YMR070W	0.193414						0.000000	1.000000	0.000000
YDL237W	YER040W	0.193413						0.000000	1.000000	0.000000
YDR329C	YKL020C	0.193412						0.000000	1.000000	0.000000
YNL294C	YOR140W	0.193411						0.000000	-1.000000	0.000000
YDR330W	YKL020C	0.193402						0.000000	1.000000	0.000000
YCL052C	YER088C	0.193401						0.000000	1.000000	0.000000
YKL119C	YDR034C	0.193395						0.000000	1.000000	0.000000
YPR102C	YMR280C	0.193387						0.000000	-1.000000	0.000000
YAL014C	YDL020C	0.193386						0.000000	1.000000	0.000000
YNL274C	YKL020C	0.193378						0.000000	1.000000	0.000000
YBR036C	YBL021C	0.193376						0.000000	-1.000000	0.000000
YGR148C	YIR018W	0.193373						0.000000	1.000000	0.000000
YGL225W	YFL031W	0.193371	0.000000	0.092090	0.219101	0.122530	0.129676	0.000000	1.000000	0.000000
YLR413W	YNL199C	0.193369						0.000000	1.000000	0.000000
YDR358W	YER088C	0.193365						0.000000	1.000000	0.000000
YLR100W	YPL075W	0.193352						0.000000	1.000000	0.000000
YHR181W	YHL009C	0.193349						0.000000	1.000000	0.000000
YJL111W	YHR178W	0.193347						0.000000	1.000000	0.000000
YOR016C	YKL185W	0.193343						0.000000	1.000000	0.000000
YGR184C	YDR034C	0.193342						0.000000	1.000000	0.000000
YOL108C	YER088C	0.193342						0.000000	1.000000	0.000000
YDL145C	YDR034C	0.193340						0.000000	1.000000	0.000000
YDR424C	YER088C	0.193337						0.000000	1.000000	0.000000
YLR450W	YDR034C	0.193325						0.000000	1.000000	0.000000
YHR057C	YOR028C	0.193323						0.000000	1.000000	0.000000
YDR347W	YGL096W	0.193314						0.000000	1.000000	0.000000
YGL196W	YDR463W	0.193313						0.000000	-1.000000	0.000000
YPL131W	YMR280C	0.193310						0.000000	-1.000000	0.000000
YGL077C	YDR123C	0.193309						0.000000	1.000000	0.000000
YOR310C	YDR463W	0.193307						0.000000	1.000000	0.000000
YML048W	YIR017C	0.193302	0.000000	0.092035	0.219101	0.122482	0.129622	0.000000	1.000000	0.000000
YHR049W	YOR344C	0.193298						0.000000	1.000000	0.000000
YDR055W	YDR207C	0.193292	0.000000	0.091981	0.219101	0.122433	0.129568	0.000000	1.000000	0.000000
YOR270C	YPL075W	0.193291						0.000000	1.000000	0.000000
YIR026C	YBR083W	0.193291						0.000000	-1.000000	0.000000
YLR168C	YGL071W	0.193288						0.000000	1.000000	0.000000
YGL198W	YGL166W	0.193279						0.000000	1.000000	0.000000
YKL113C	YLR013W	0.193277						0.000000	1.000000	0.000000
YLR058C	YBR182C	0.193261						0.000000	-1.000000	0.000000
YBL047C	YMR021C	0.193258						0.000000	1.000000	0.000000
YBR035C	YKR034W	0.193256						0.000000	1.000000	0.000000
YER026C	YDR207C	0.193255						0.000000	1.000000	0.000000
YIL157C	YOL067C	0.193253						0.000000	1.000000	0.000000
YER044C	YJR147W	0.193250						0.000000	1.000000	0.000000
YDR508C	YJL089W	0.193248						0.000000	1.000000	0.000000
YDR063W	YDR421W	0.193245						0.000000	1.000000	0.000000
YNL232W	YGR044C	0.193232						0.000000	-1.000000	0.000000
YHR072W-A	YBL005W	0.193232						0.000000	1.000000	0.000000
YOR374W	YOR140W	0.193220						0.000000	-1.000000	0.000000
YKR006C	YGL096W	0.193217						0.000000	1.000000	0.000000
YCR011C	YIR023W	0.193215						0.000000	1.000000	0.000000
YKL185W	YDR174W	0.193213						0.000000	1.000000	0.000000
YBR127C	YGR249W	0.193206						0.000000	-1.000000	0.000000
YER063W	YOL108C	0.193203	0.000000	0.091927	0.219101	0.122385	0.129514	0.000000	1.000000	0.000000
YPL234C	YOL089C	0.193198						0.000000	-1.000000	0.000000
YJL174W	YMR070W	0.193197						0.000000	1.000000	0.000000
YHR183W	YOR028C	0.193195						1.000000	1.000000	0.000000
YBL015W	YIL036W	0.193189						0.000000	1.000000	0.000000
YML078W	YIR023W	0.193181						0.000000	1.000000	0.000000
YMR003W	YDL056W	0.193178						0.000000	1.000000	0.000000
YMR033W	YGL209W	0.193164						0.000000	1.000000	0.000000
YOR115C	YDR034C	0.193160						0.000000	1.000000	0.000000
YOL016C	YOL108C	0.193151						0.000000	1.000000	0.000000
YCL059C	YBL005W	0.193147						0.000000	1.000000	0.000000
YGR019W	YMR021C	0.193144	0.000000	0.091873	0.219101	0.122336	0.129461	0.000000	1.000000	0.000000
YGL137W	YDR421W	0.193136						0.000000	1.000000	0.000000
YKR093W	YLR228C	0.193136	0.000000	0.091819	0.219101	0.122288	0.129407	0.000000	1.000000	0.000000
YMR170C	YPL177C	0.193134						0.000000	-1.000000	0.000000
YNL183C	YDR034C	0.193132						0.000000	1.000000	0.000000
YDL064W	YDL056W	0.193128						0.000000	1.000000	0.000000
YKR042W	YHR178W	0.193127						0.000000	1.000000	0.000000
YOL048C	YOR028C	0.193118						0.000000	1.000000	0.000000
YDL100C	YPL133C	0.193117						0.000000	-1.000000	0.000000
YNR046W	YIL036W	0.193116						0.000000	1.000000	0.000000
YIL026C	YDR034C	0.193109						0.000000	1.000000	0.000000
YEL027W	YBL021C	0.193105						0.000000	-1.000000	0.000000
YNL327W	YBR182C	0.193103						0.000000	-1.000000	0.000000
YOL016C	YOR140W	0.193091						0.000000	-1.000000	0.000000
YMR225C	YJL056C	0.193090						0.000000	1.000000	0.000000
YGR185C	YFR034C	0.193083	0.000000	0.091765	0.219101	0.122240	0.129353	0.000000	1.000000	0.000000
YPL092W	YNL103W	0.193079	0.000000	0.091711	0.219101	0.122191	0.129300	0.000000	-1.000000	0.000000
YPR052C	YGL209W	0.193072						0.000000	1.000000	0.000000
YPL135W	YKL062W	0.193072						1.000000	1.000000	0.000000
YPR140W	YOL067C	0.193071						0.000000	1.000000	0.000000
YGL135W	YPR199C	0.193068						0.000000	-1.000000	0.000000
YLR258W	YOR140W	0.193068						0.000000	-1.000000	0.000000
YNL336W	YER088C	0.193067						0.000000	1.000000	0.000000
YIL009C-A	YHR084W	0.193059						1.000000	1.000000	0.000000
YDL136W	YDL106C	0.193055	0.000000	0.091657	0.219101	0.122143	0.129246	0.000000	1.000000	0.000000
YAL035W	YKL112W	0.193054						0.000000	1.000000	0.000000
YDR405W	YGL013C	0.193054						0.000000	1.000000	0.000000
YBR235W	YDR034C	0.193047						0.000000	1.000000	0.000000
YHR037W	YDR123C	0.193046						0.000000	1.000000	0.000000
YNL220W	YHR178W	0.193039						0.000000	1.000000	0.000000
YJL151C	YMR021C	0.193037						0.000000	1.000000	0.000000
YGR086C	YDR174W	0.193036						0.000000	1.000000	0.000000
YIL087C	YNL103W	0.193033						0.000000	-1.000000	0.000000
YMR148W	YPL177C	0.193031						0.000000	-1.000000	0.000000
YBR115C	YKL032C	0.193028	0.000000	0.091603	0.219101	0.122095	0.129193	0.000000	1.000000	0.000000
YLR256W	YEL009C	0.193027						0.000000	1.000000	0.000000
YML070W	YDR207C	0.193026						0.000000	1.000000	0.000000
YOR221C	YDR463W	0.193020						0.000000	-1.000000	0.000000
YCR009C	YBL021C	0.193019						0.000000	-1.000000	0.000000
YJL145W	YDR123C	0.193017						0.000000	-1.000000	0.000000
YOR196C	YER088C	0.193016						0.000000	1.000000	0.000000
YOR016C	YER088C	0.193016						0.000000	1.000000	0.000000
YOR357C	YPL230W	0.193012						0.000000	1.000000	0.000000
YPR133C	YER088C	0.193006						0.000000	1.000000	0.000000
YKL006W	YMR280C	0.192999	0.000000	0.091549	0.219101	0.122047	0.129139	0.000000	-1.000000	0.000000
YOR185C	YKL020C	0.192996						0.000000	1.000000	0.000000
YJR021C	YDR034C	0.192990						0.000000	1.000000	0.000000
YIL070C	YGL013C	0.192984						0.000000	1.000000	0.000000
YAL042W	YML099C	0.192982						0.000000	1.000000	0.000000
YGR038W	YDR034C	0.192971						0.000000	1.000000	0.000000
YMR236W	YMR021C	0.192970						0.000000	1.000000	0.000000
YER019W	YKL020C	0.192968						0.000000	1.000000	0.000000
YGR037C	YMR070W	0.192959						0.000000	1.000000	0.000000
YOR115C	YER088C	0.192951						0.000000	1.000000	0.000000
YNL137C	YCR084C	0.192949						0.000000	-1.000000	0.000000
YML098W	YDR259C	0.192947						0.000000	1.000000	0.000000
YGR103W	YMR042W	0.192936						0.000000	-1.000000	0.000000
YJL063C	YGL073W	0.192932	0.000000	0.091496	0.219101	0.121999	0.129086	0.000000	1.000000	0.000000
YHR025W	YKL062W	0.192928	0.000000	0.091442	0.219101	0.121951	0.129032	0.000000	-1.000000	0.000000
YBR122C	YPL177C	0.192924						0.000000	-1.000000	0.000000
YOR043W	YDR034C	0.192924						0.000000	1.000000	0.000000
YKR025W	YIL036W	0.192917						0.000000	1.000000	0.000000
YLR351C	YOL108C	0.192917						0.000000	1.000000	0.000000
YIL157C	YGL237C	0.192910						0.000000	1.000000	0.000000
YKR088C	YER088C	0.192904						0.000000	1.000000	0.000000
YER018C	YDR259C	0.192897						0.000000	1.000000	0.000000
YIL009C-A	YDR174W	0.192896						0.000000	1.000000	0.000000
YIL062C	YKL032C	0.192888						0.000000	1.000000	0.000000
YFL005W	YDL020C	0.192885						0.000000	1.000000	0.000000
YOR086C	YGL166W	0.192883						0.000000	1.000000	0.000000
YDR494W	YOR140W	0.192882						0.000000	-1.000000	0.000000
YER020W	YGL013C	0.192872						0.000000	1.000000	0.000000
YGR214W	YDL106C	0.192870						0.000000	1.000000	0.000000
YLR167W	YPR065W	0.192865	0.000000	0.091388	0.219101	0.121903	0.128979	0.000000	1.000000	0.000000
YDL195W	YNL103W	0.192864						0.000000	-1.000000	0.000000
YER018C	YML099C	0.192860						0.000000	1.000000	0.000000
YGR038W	YCR065W	0.192849						0.000000	1.000000	0.000000
YMR302C	YGL013C	0.192846						0.000000	1.000000	0.000000
YBL041W	YNL103W	0.192846						0.000000	-1.000000	0.000000
YGR159C	YDR146C	0.192842	0.000000	0.091335	0.219101	0.121855	0.128926	0.000000	-1.000000	0.000000
YML058W	YCR084C	0.192838						0.000000	-1.000000	0.000000
YMR072W	YDR034C	0.192837						0.000000	1.000000	0.000000
YDR453C	YIR023W	0.192829	0.000000	0.091281	0.219101	0.121807	0.128872	0.000000	1.000000	0.000000
YLR208W	YDL020C	0.192822						0.000000	1.000000	0.000000
YGL173C	YOL089C	0.192819						0.000000	-1.000000	0.000000
YKL094W	YDR253C	0.192816						1.000000	1.000000	0.000000
YIL117C	YBR182C	0.192815						0.000000	1.000000	0.000000
YOR123C	YER088C	0.192815						0.000000	1.000000	0.000000
YDL045W-A	YGL013C	0.192811						0.000000	1.000000	0.000000
YOL133W	YHL027W	0.192810						0.000000	-1.000000	0.000000
YBL068W	YPL089C	0.192809						0.000000	-1.000000	0.000000
YCR028C-A	YDL020C	0.192809						0.000000	1.000000	0.000000
YBR218C	YGL013C	0.192807	0.000000	0.091228	0.219101	0.121759	0.128819	0.000000	1.000000	0.000000
YDR007W	YDL020C	0.192802						0.000000	1.000000	0.000000
YPR023C	YOL067C	0.192797						0.000000	1.000000	0.000000
YMR260C	YIR018W	0.192795						0.000000	1.000000	0.000000
YNL310C	YDR451C	0.192794						0.000000	1.000000	0.000000
YDL083C	YDR423C	0.192787						0.000000	-1.000000	0.000000
YDR032C	YPL177C	0.192786						0.000000	-1.000000	0.000000
YDR432W	YJR147W	0.192784						0.000000	1.000000	0.000000
YDR122W	YDR034C	0.192782						0.000000	1.000000	0.000000
YLR099W-A	YDL020C	0.192781						0.000000	1.000000	0.000000
YNL079C	YDR421W	0.192776						0.000000	1.000000	0.000000
YDR059C	YOL067C	0.192774						0.000000	1.000000	0.000000
YMR002W	YGL096W	0.192765						0.000000	1.000000	0.000000
YCL018W	YDL048C	0.192759						0.000000	1.000000	0.000000
YHR027C	YHL009C	0.192758						0.000000	1.000000	0.000000
YLR437C	YPL075W	0.192749						0.000000	1.000000	0.000000
YLR025W	YDR207C	0.192748						0.000000	1.000000	0.000000
YAL049C	YDR174W	0.192747						0.000000	1.000000	0.000000
YBR058C-A	YOL089C	0.192746						0.000000	-1.000000	0.000000
YLR186W	YBR083W	0.192739						0.000000	-1.000000	0.000000
YPR194C	YDR207C	0.192738						0.000000	1.000000	0.000000
YCL045C	YHL009C	0.192730						0.000000	1.000000	0.000000
YDR374W-A	YER088C	0.192728						0.000000	1.000000	0.000000
YDR175C	YIL036W	0.192726						0.000000	1.000000	0.000000
YPL179W	YPL230W	0.192714						0.000000	1.000000	0.000000
YPR183W	YDL020C	0.192711						0.000000	1.000000	0.000000
YBR147W	YKL032C	0.192709	0.000000	0.091175	0.219101	0.121711	0.128766	0.000000	1.000000	0.000000
YGR156W	YBR066C	0.192707						0.000000	1.000000	0.000000
YOR175C	YDR034C	0.192703						0.000000	1.000000	0.000000
YDL097C	YDR207C	0.192695	0.000000	0.091121	0.219101	0.121663	0.128713	0.000000	1.000000	0.000000
YNL141W	YPR104C	0.192679						0.000000	1.000000	0.000000
YHR193C	YDR146C	0.192678						0.000000	-1.000000	0.000000
YGL221C	YIR017C	0.192677						0.000000	1.000000	0.000000
YDR337W	YCR084C	0.192677						0.000000	-1.000000	0.000000
YMR011W	YIL036W	0.192676						0.000000	1.000000	0.000000
YOR133W	YOR032C	0.192672						0.000000	1.000000	0.000000
YPL227C	YGL209W	0.192662						0.000000	1.000000	0.000000
YDR429C	YPL089C	0.192660						0.000000	-1.000000	0.000000
YOL133W	YDR421W	0.192650						0.000000	1.000000	0.000000
YFL045C	YNL167C	0.192643						0.000000	1.000000	0.000000
YER068W	YGL073W	0.192640						0.000000	1.000000	0.000000
YBR047W	YLR451W	0.192640						0.000000	-1.000000	0.000000
YLR303W	YDR123C	0.192639						0.000000	1.000000	0.000000
YPR100W	YOL108C	0.192638						0.000000	1.000000	0.000000
YIR037W	YDR034C	0.192637						0.000000	1.000000	0.000000
YJL026W	YDR174W	0.192634						0.000000	1.000000	0.000000
YDL171C	YBL103C	0.192627						0.000000	1.000000	0.000000
YMR148W	YDR207C	0.192626						0.000000	1.000000	0.000000
YJL012C	YIR018W	0.192625						0.000000	1.000000	0.000000
YCL064C	YMR070W	0.192625	0.000000	0.091068	0.219101	0.121615	0.128660	0.000000	1.000000	0.000000
YPR006C	YPL177C	0.192618	0.000000	0.091015	0.219101	0.121568	0.128607	0.000000	-1.000000	0.000000
YDR345C	YDR213W	0.192615						0.000000	1.000000	0.000000
YBR101C	YGL071W	0.192609						0.000000	1.000000	0.000000
YNR022C	YGL013C	0.192609						0.000000	1.000000	0.000000
YPR138C	YER088C	0.192607						0.000000	1.000000	0.000000
YBR082C	YEL009C	0.192599	0.000000	0.090962	0.219101	0.121520	0.128554	0.000000	1.000000	0.000000
YDR529C	YER184C	0.192597						0.000000	1.000000	0.000000
YPL096C-A	YDR034C	0.192594						0.000000	1.000000	0.000000
YLR438W	YKR034W	0.192594						0.000000	1.000000	0.000000
YNL121C	YCR084C	0.192591						0.000000	-1.000000	0.000000
YPR163C	YKL038W	0.192589						0.000000	1.000000	0.000000
YML048W	YHR206W	0.192583	0.000000	0.090909	0.219101	0.121472	0.128501	0.000000	1.000000	0.000000
YIL034C	YBL021C	0.192577						0.000000	-1.000000	0.000000
YDR033W	YOR032C	0.192576						0.000000	1.000000	0.000000
YIL010W	YOL089C	0.192574						0.000000	-1.000000	0.000000
YPL087W	YIR023W	0.192563						0.000000	1.000000	0.000000
YOL012C	YMR037C	0.192560						0.000000	1.000000	0.000000
YJR025C	YOL108C	0.192558	0.000000	0.090856	0.219101	0.121425	0.128448	0.000000	1.000000	0.000000
YLR078C	YLR176C	0.192557						0.000000	-1.000000	0.000000
YDR380W	YMR037C	0.192556						1.000000	1.000000	0.000000
YLR201C	YOR028C	0.192553						0.000000	1.000000	0.000000
YPL259C	YGL209W	0.192551						0.000000	1.000000	0.000000
YDR536W	YGL013C	0.192549						0.000000	1.000000	0.000000
YAL039C	YGL073W	0.192549						0.000000	1.000000	0.000000
YDR100W	YLR451W	0.192548						0.000000	-1.000000	0.000000
YJL155C	YNL103W	0.192536						0.000000	-1.000000	0.000000
YJR017C	YGL166W	0.192523						0.000000	1.000000	0.000000
YLR375W	YPR009W	0.192522						0.000000	1.000000	0.000000
YBL091C	YEL009C	0.192521						0.000000	1.000000	0.000000
YLR073C	YBR083W	0.192517						0.000000	-1.000000	0.000000
YML012W	YCR065W	0.192509						0.000000	1.000000	0.000000
YLL014W	YEL009C	0.192507						0.000000	1.000000	0.000000
YHR203C	YGL209W	0.192501	0.000000	0.090803	0.219101	0.121377	0.128395	0.000000	1.000000	0.000000
YHL015W	YGL209W	0.192488	0.000000	0.090750	0.219101	0.121329	0.128342	0.000000	1.000000	0.000000
YLR258W	YDR174W	0.192487						0.000000	1.000000	0.000000
YBR269C	YDR081C	0.192486						0.000000	-1.000000	0.000000
YJR152W	YNL068C	0.192486	0.000000	0.090698	0.219101	0.121282	0.128289	0.000000	-1.000000	0.000000
YDR519W	YBL021C	0.192485						0.000000	-1.000000	0.000000
YCL050C	YJL089W	0.192483						0.000000	1.000000	0.000000
YFR051C	YIR017C	0.192479						0.000000	1.000000	0.000000
YKL067W	YNL103W	0.192477						0.000000	-1.000000	0.000000
YPL098C	YDR174W	0.192477						0.000000	1.000000	0.000000
YDR342C	YLR176C	0.192476	0.000000	0.090645	0.219101	0.121234	0.128237	0.000000	1.000000	0.000000
YDR019C	YLR451W	0.192470						0.000000	-1.000000	0.000000
YLR413W	YDR081C	0.192465						0.000000	1.000000	0.000000
YGR240C	YFR034C	0.192464	0.000000	0.090592	0.219101	0.121187	0.128184	0.000000	1.000000	0.000000
YCL030C	YBR083W	0.192463	0.000000	0.090540	0.219101	0.121139	0.128131	0.000000	1.000000	0.000000
YDR345C	YER111C	0.192462						0.000000	-1.000000	0.000000
YHR203C	YMR280C	0.192461	0.000000	0.090487	0.219101	0.121092	0.128079	0.000000	-1.000000	0.000000
YJR135W-A	YIR023W	0.192450						0.000000	1.000000	0.000000
YJR072C	YMR042W	0.192446						0.000000	-1.000000	0.000000
YNL080C	YPL230W	0.192444						0.000000	1.000000	0.000000
YPR030W	YDR123C	0.192443						0.000000	-1.000000	0.000000
YNR037C	YGL073W	0.192440						0.000000	1.000000	0.000000
YLR390W-A	YHR206W	0.192438						0.000000	1.000000	0.000000
YDL065C	YML007W	0.192438						0.000000	1.000000	0.000000
YDR001C	YGR249W	0.192434						0.000000	-1.000000	0.000000
Q0130	YOR358W	0.192433						0.000000	1.000000	0.000000
YDR347W	YHL009C	0.192424						0.000000	1.000000	0.000000
YDL191W	YNL314W	0.192424						0.000000	1.000000	0.000000
YHR057C	YBL021C	0.192424						0.000000	-1.000000	0.000000
YLR113W	YGR249W	0.192422						0.000000	1.000000	0.000000
YDR411C	YER088C	0.192420						0.000000	1.000000	0.000000
YIR032C	YDR421W	0.192418						0.000000	1.000000	0.000000
YNL244C	YOR363C	0.192414						0.000000	1.000000	0.000000
YDR284C	YKR034W	0.192414						0.000000	1.000000	0.000000
YOR133W	YPR199C	0.192413						0.000000	-1.000000	0.000000
YOL059W	YDR034C	0.192408						0.000000	1.000000	0.000000
YJL191W	YPL089C	0.192406						0.000000	-1.000000	0.000000
YNL101W	YKL032C	0.192401						0.000000	1.000000	0.000000
YFL017C	YER088C	0.192399						0.000000	1.000000	0.000000
YEL038W	YHL027W	0.192387						0.000000	-1.000000	0.000000
YLR192C	YFR034C	0.192387						0.000000	1.000000	0.000000
YGR075C	YPR009W	0.192386						0.000000	1.000000	0.000000
YOL002C	YDR451C	0.192386						0.000000	1.000000	0.000000
YJR017C	YBL103C	0.192384						0.000000	1.000000	0.000000
YDR404C	YLR013W	0.192383						0.000000	1.000000	0.000000
YJR045C	YOR140W	0.192381						0.000000	-1.000000	0.000000
YNL308C	YGL209W	0.192372						0.000000	1.000000	0.000000
YKL186C	YLR176C	0.192366						0.000000	-1.000000	0.000000
YKR030W	YIL119C	0.192365						0.000000	1.000000	0.000000
YDL208W	YBR240C	0.192357						0.000000	-1.000000	0.000000
YOR224C	YDR146C	0.192350						0.000000	-1.000000	0.000000
YNL141W	YDR463W	0.192349						0.000000	1.000000	0.000000
YDR071C	YNL103W	0.192341						0.000000	-1.000000	0.000000
YGR245C	YGL209W	0.192341						0.000000	1.000000	0.000000
YBR222C	YOL067C	0.192340						0.000000	1.000000	0.000000
YGR082W	YKL112W	0.192338						0.000000	1.000000	0.000000
YAL056W	YPR008W	0.192337						0.000000	1.000000	0.000000
YOR326W	YDL056W	0.192335						0.000000	1.000000	0.000000
YDL128W	YBR182C	0.192334						0.000000	-1.000000	0.000000
YLR201C	YGL237C	0.192332						0.000000	1.000000	0.000000
YJL002C	YPL075W	0.192332						0.000000	1.000000	0.000000
YJL196C	YHL027W	0.192325						0.000000	1.000000	0.000000
YMR292W	YJL089W	0.192319						0.000000	1.000000	0.000000
YOR271C	YLR013W	0.192311						0.000000	1.000000	0.000000
YPL063W	YGL209W	0.192310						0.000000	1.000000	0.000000
YJL173C	YMR021C	0.192307						0.000000	1.000000	0.000000
YOL147C	YDR207C	0.192297	0.000000	0.090435	0.219101	0.121045	0.128026	0.000000	1.000000	0.000000
YBL087C	YIR018W	0.192296	0.000000	0.090382	0.219101	0.120997	0.127974	0.000000	1.000000	0.000000
YPL129W	YGL209W	0.192276						0.000000	1.000000	0.000000
YDR284C	YDR463W	0.192270	0.000000	0.090330	0.219101	0.120950	0.127921	0.000000	-1.000000	0.000000
YLR197W	YIR023W	0.192268						0.000000	-1.000000	0.000000
YER163C	YJR147W	0.192265						0.000000	1.000000	0.000000
YGR180C	YMR070W	0.192261	0.000000	0.090278	0.219101	0.120903	0.127869	0.000000	1.000000	0.000000
YDR002W	YIR017C	0.192261						0.000000	1.000000	0.000000
YKL186C	YPL230W	0.192256						0.000000	1.000000	0.000000
YER146W	YMR021C	0.192249						0.000000	1.000000	0.000000
YJR102C	YBR066C	0.192248						0.000000	1.000000	0.000000
YLR074C	YGR044C	0.192247						0.000000	-1.000000	0.000000
YMR058W	YKL043W	0.192247						0.000000	1.000000	0.000000
YCR004C	YCR084C	0.192241						0.000000	-1.000000	0.000000
YML064C	YBR066C	0.192239						0.000000	1.000000	0.000000
YNL074C	YER088C	0.192239						0.000000	1.000000	0.000000
YBL087C	YPR104C	0.192237	0.000000	0.090226	0.219101	0.120856	0.127816	0.000000	1.000000	0.000000
YDL182W	YMR037C	0.192237						1.000000	-1.000000	0.000000
YGL027C	YER088C	0.192236						0.000000	1.000000	0.000000
YDR496C	YML099C	0.192235						0.000000	-1.000000	0.000000
YHR037W	YPL177C	0.192233						0.000000	-1.000000	0.000000
YNL189W	YPL230W	0.192231						0.000000	1.000000	0.000000
YOL097C	YIR018W	0.192229						0.000000	1.000000	0.000000
YDR496C	YBR083W	0.192227						0.000000	-1.000000	0.000000
YFL017C	YLR013W	0.192227						0.000000	1.000000	0.000000
YJL138C	YMR164C	0.192224						0.000000	-1.000000	0.000000
YPL123C	YDR463W	0.192217						0.000000	-1.000000	0.000000
YMR189W	YBL103C	0.192217	0.000000	0.090173	0.219101	0.120809	0.127764	0.000000	1.000000	0.000000
YNR006W	YPR008W	0.192217						0.000000	1.000000	0.000000
YGL232W	YPL202C	0.192217						0.000000	-1.000000	0.000000
YOR004W	YOR028C	0.192216						1.000000	1.000000	0.000000
YLR330W	YCR084C	0.192216						0.000000	-1.000000	0.000000
YGR007W	YDR034C	0.192214						0.000000	1.000000	0.000000
YML092C	YMR021C	0.192212	0.000000	0.090121	0.219101	0.120761	0.127712	0.000000	1.000000	0.000000
YGR020C	YHL027W	0.192211						0.000000	-1.000000	0.000000
YGR281W	YDR207C	0.192209						0.000000	1.000000	0.000000
YCR069W	YDR463W	0.192205						0.000000	-1.000000	0.000000
YEL021W	YJL089W	0.192199						0.000000	1.000000	0.000000
YBL068W	YML099C	0.192199						0.000000	-1.000000	0.000000
YMR105C	YKL185W	0.192196						0.000000	1.000000	0.000000
YJL151C	YLR451W	0.192194						0.000000	-1.000000	0.000000
YPR060C	YNL314W	0.192193						0.000000	1.000000	0.000000
YDR002W	YHR178W	0.192188						0.000000	1.000000	0.000000
YKL181W	YBL005W	0.192187						0.000000	1.000000	0.000000
YMR139W	YKL020C	0.192186						0.000000	1.000000	0.000000
YBR043C	YBR066C	0.192185						0.000000	1.000000	0.000000
YLR413W	YPR104C	0.192184						0.000000	1.000000	0.000000
YIR026C	YML099C	0.192183						0.000000	-1.000000	0.000000
YJL173C	YJR147W	0.192176						0.000000	1.000000	0.000000
YEL065W	YPL133C	0.192174						0.000000	-1.000000	0.000000
YBR121C	YBR239C	0.192172						0.000000	-1.000000	0.000000
YGR231C	YGL073W	0.192171						0.000000	1.000000	0.000000
YJR072C	YLR098C	0.192169						0.000000	-1.000000	0.000000
YPR118W	YIR018W	0.192166						0.000000	1.000000	0.000000
YDR346C	YBR066C	0.192164						0.000000	1.000000	0.000000
YLR065C	YJR060W	0.192155						0.000000	1.000000	0.000000
YOR253W	YNL199C	0.192150						0.000000	1.000000	0.000000
YCR011C	YKL020C	0.192146						0.000000	1.000000	0.000000
YJL122W	YGR044C	0.192143						0.000000	-1.000000	0.000000
YCL035C	YPL177C	0.192138						0.000000	-1.000000	0.000000
YMR208W	YDR174W	0.192136						0.000000	1.000000	0.000000
YER080W	YML007W	0.192134						0.000000	1.000000	0.000000
YDL143W	YOR162C	0.192128						0.000000	1.000000	0.000000
YLR256W	YDL170W	0.192128						0.000000	-1.000000	0.000000
YDR408C	YDR421W	0.192124	0.000000	0.090069	0.219101	0.120714	0.127660	0.000000	1.000000	0.000000
YBL076C	YMR280C	0.192113						0.000000	-1.000000	0.000000
YLR350W	YJL056C	0.192112						0.000000	1.000000	0.000000
YPR128C	YIL119C	0.192112						0.000000	1.000000	0.000000
YOR344C	YJR060W	0.192103						1.000000	-1.000000	0.000000
YJL101C	YDR253C	0.192100						1.000000	1.000000	0.000000
YLR079W	YER088C	0.192100						0.000000	1.000000	0.000000
YDR296W	YOL067C	0.192097						0.000000	1.000000	0.000000
YHR025W	YOL116W	0.192094	0.000000	0.090017	0.219101	0.120667	0.127607	0.000000	-1.000000	0.000000
YKL185W	YBL103C	0.192089	0.000000	0.089965	0.219101	0.120620	0.127555	0.000000	1.000000	0.000000
YBR169C	YDR310C	0.192086	0.000000	0.089914	0.219101	0.120573	0.127503	0.000000	1.000000	0.000000
YGR105W	YIR018W	0.192085						0.000000	1.000000	0.000000
YPR043W	YKL043W	0.192084						0.000000	1.000000	0.000000
YNL294C	YGL096W	0.192083						0.000000	1.000000	0.000000
YDR140W	YPR009W	0.192081						0.000000	1.000000	0.000000
YNL306W	YDL020C	0.192080						0.000000	1.000000	0.000000
YJL003W	YGL013C	0.192080						0.000000	1.000000	0.000000
YDR264C	YJR127C	0.192078						0.000000	1.000000	0.000000
YOR016C	YDR034C	0.192078						0.000000	1.000000	0.000000
YDR530C	YPL177C	0.192075						0.000000	-1.000000	0.000000
YMR015C	YBR066C	0.192075						0.000000	1.000000	0.000000
YDL065C	YCR084C	0.192052						0.000000	-1.000000	0.000000
YML022W	YBL005W	0.192051						0.000000	1.000000	0.000000
YOR003W	YDR034C	0.192047						0.000000	1.000000	0.000000
YAL035W	YHR006W	0.192043						0.000000	-1.000000	0.000000
YIR030C	YBR083W	0.192039						0.000000	1.000000	0.000000
YER018C	YLR228C	0.192037						0.000000	1.000000	0.000000
YBR077C	YPL177C	0.192034						0.000000	-1.000000	0.000000
YPL234C	YMR021C	0.192028						0.000000	1.000000	0.000000
YOR089C	YKL020C	0.192027						0.000000	1.000000	0.000000
YPR113W	YEL009C	0.192026						0.000000	1.000000	0.000000
YHR064C	YKL112W	0.192019						0.000000	1.000000	0.000000
YEL040W	YDR520C	0.192012						0.000000	1.000000	0.000000
YOR270C	YDR451C	0.192010						0.000000	1.000000	0.000000
YGR147C	YPL230W	0.192009						0.000000	1.000000	0.000000
YPL143W	YBL005W	0.191998	0.000000	0.089862	0.219101	0.120526	0.127451	0.000000	1.000000	0.000000
YBR145W	YDR463W	0.191992	0.000000	0.089810	0.219101	0.120479	0.127399	0.000000	-1.000000	0.000000
YGL027C	YML027W	0.191973						0.000000	1.000000	0.000000
YDR452W	YBL021C	0.191972						0.000000	-1.000000	0.000000
YPL222W	YGR249W	0.191970						0.000000	1.000000	0.000000
YJL109C	YKR099W	0.191969						0.000000	-1.000000	0.000000
YBL039C	YOR363C	0.191965						0.000000	1.000000	0.000000
YJL093C	YJR127C	0.191964						0.000000	1.000000	0.000000
YDR379C-A	YKL109W	0.191960						0.000000	1.000000	0.000000
YJL133W	YPL230W	0.191958						0.000000	1.000000	0.000000
YOR294W	YIL036W	0.191956						0.000000	1.000000	0.000000
YMR041C	YMR016C	0.191955						0.000000	1.000000	0.000000
YOL039W	YHR084W	0.191950						0.000000	-1.000000	0.000000
YMR235C	YBL005W	0.191945						0.000000	1.000000	0.000000
YGR106C	YFR034C	0.191945						0.000000	1.000000	0.000000
YMR236W	YGL166W	0.191936						0.000000	1.000000	0.000000
YBL101C	YDR034C	0.191936						0.000000	1.000000	0.000000
YJL111W	YDR253C	0.191934						0.000000	-1.000000	0.000000
YPR033C	YIR018W	0.191930						0.000000	1.000000	0.000000
YBR005W	YKL020C	0.191930						0.000000	1.000000	0.000000
YDR487C	YDR421W	0.191927						0.000000	1.000000	0.000000
YGR161C	YPL089C	0.191926	0.000000	0.089758	0.219101	0.120433	0.127347	0.000000	1.000000	0.000000
YHR203C	YDR146C	0.191924	0.000000	0.089707	0.219101	0.120386	0.127295	0.000000	1.000000	0.000000
YER006W	YIR023W	0.191919						0.000000	-1.000000	0.000000
YKL067W	YDR174W	0.191918						0.000000	1.000000	0.000000
YKL046C	YGL209W	0.191913						0.000000	1.000000	0.000000
YDL185W	YBL021C	0.191909						0.000000	-1.000000	0.000000
YLR146C	YPR009W	0.191908						0.000000	1.000000	0.000000
YDR296W	YKL185W	0.191908						0.000000	-1.000000	0.000000
YDR119W-A	YGL013C	0.191905						0.000000	1.000000	0.000000
YMR205C	YGL209W	0.191904	0.000000	0.089655	0.219101	0.120339	0.127243	0.000000	1.000000	0.000000
YDL230W	YJR127C	0.191904						0.000000	1.000000	0.000000
YJL024C	YPR009W	0.191902						0.000000	1.000000	0.000000
YDL137W	YKL032C	0.191901						0.000000	1.000000	0.000000
YLR099W-A	YNL103W	0.191895						0.000000	-1.000000	0.000000
YDR119W-A	YKL015W	0.191894						0.000000	1.000000	0.000000
YER083C	YBL021C	0.191891						0.000000	-1.000000	0.000000
YNL141W	YPL089C	0.191886						0.000000	-1.000000	0.000000
YNL173C	YKL015W	0.191886						0.000000	1.000000	0.000000
YDR079W	YJL056C	0.191886						0.000000	1.000000	0.000000
YKL129C	YPR008W	0.191885						0.000000	1.000000	0.000000
YMR148W	YKL020C	0.191883						0.000000	1.000000	0.000000
YPL160W	YKR099W	0.191881						0.000000	1.000000	0.000000
YLR073C	YJL110C	0.191879						0.000000	1.000000	0.000000
YMR189W	YDR034C	0.191868						0.000000	1.000000	0.000000
YIR032C	YDR034C	0.191861						0.000000	1.000000	0.000000
YOL123W	YPL230W	0.191860						0.000000	1.000000	0.000000
YOL030W	YHL027W	0.191860						0.000000	-1.000000	0.000000
YJR099W	YBR066C	0.191860						0.000000	1.000000	0.000000
YEL040W	YLR176C	0.191855	0.000000	0.089604	0.219101	0.120292	0.127191	0.000000	-1.000000	0.000000
YER052C	YKR099W	0.191850						0.000000	1.000000	0.000000
YOL005C	YDR034C	0.191849						0.000000	1.000000	0.000000
YLR388W	YBR240C	0.191848	0.000000	0.089552	0.219101	0.120246	0.127139	0.000000	-1.000000	0.000000
YDR454C	YHR178W	0.191847						0.000000	1.000000	0.000000
YGR270W	YPR008W	0.191843						0.000000	1.000000	0.000000
YGL030W	YDR146C	0.191835						0.000000	1.000000	0.000000
YMR199W	YPR008W	0.191832						0.000000	1.000000	0.000000
YFL038C	YDR034C	0.191832						0.000000	1.000000	0.000000
YNL189W	YOR032C	0.191825						0.000000	1.000000	0.000000
YGL099W	YPR009W	0.191822						0.000000	1.000000	0.000000
YCR030C	YPR008W	0.191819						0.000000	1.000000	0.000000
YIL074C	YHR178W	0.191818	0.000000	0.089501	0.219101	0.120199	0.127088	0.000000	1.000000	0.000000
YER175C	YKR034W	0.191815						0.000000	-1.000000	0.000000
YFL010W-A	YBL103C	0.191811						0.000000	1.000000	0.000000
YML106W	YKL112W	0.191807						0.000000	1.000000	0.000000
YCR082W	YOL089C	0.191806						0.000000	-1.000000	0.000000
YHR123W	YDR259C	0.191806						0.000000	1.000000	0.000000
YNL274C	YIR023W	0.191801						0.000000	1.000000	0.000000
YAL005C	YBL021C	0.191800						0.000000	-1.000000	0.000000
YBR052C	YDR174W	0.191797						0.000000	1.000000	0.000000
YDR152W	YNL068C	0.191797						0.000000	1.000000	0.000000
YMR092C	YDR207C	0.191785						0.000000	1.000000	0.000000
YNR043W	YMR043W	0.191780						0.000000	-1.000000	0.000000
YNR001C	YOR140W	0.191774						0.000000	-1.000000	0.000000
YOR175C	YBR066C	0.191767						0.000000	1.000000	0.000000
YGR192C	YBR182C	0.191766						0.000000	-1.000000	0.000000
YBR093C	YGR249W	0.191765						0.000000	-1.000000	0.000000
YJL097W	YMR021C	0.191764						0.000000	1.000000	0.000000
YAL014C	YKL032C	0.191764						0.000000	1.000000	0.000000
YJL196C	YKR034W	0.191762						0.000000	1.000000	0.000000
YBL068W	YIL036W	0.191762						0.000000	1.000000	0.000000
YNR059W	YIL119C	0.191759						0.000000	1.000000	0.000000
YDR037W	YGL035C	0.191756						0.000000	1.000000	0.000000
YER007C-A	YMR043W	0.191755						0.000000	-1.000000	0.000000
YGL161C	YOL108C	0.191752						0.000000	1.000000	0.000000
YOR270C	YHR178W	0.191752						0.000000	1.000000	0.000000
YPL053C	YGL209W	0.191747						0.000000	1.000000	0.000000
YER048W-A	YDR259C	0.191747						0.000000	1.000000	0.000000
YBR187W	YKL112W	0.191746						0.000000	1.000000	0.000000
YDL136W	YER169W	0.191745						0.000000	1.000000	0.000000
YPL003W	YGL013C	0.191743						0.000000	1.000000	0.000000
YOL120C	YMR172W	0.191737						0.000000	-1.000000	0.000000
YGL100W	YMR042W	0.191736						0.000000	-1.000000	0.000000
YBR031W	YNL314W	0.191736	0.000000	0.089450	0.219101	0.120152	0.127036	0.000000	1.000000	0.000000
YKL154W	YBR066C	0.191733						0.000000	1.000000	0.000000
YJL008C	YBR066C	0.191732						0.000000	1.000000	0.000000
YDR226W	YDR174W	0.191732						0.000000	-1.000000	0.000000
YMR136W	YPR008W	0.191730						0.000000	1.000000	0.000000
YIL010W	YOL108C	0.191727						0.000000	1.000000	0.000000
YER065C	YOR028C	0.191724						0.000000	1.000000	0.000000
YDR418W	YNL216W	0.191722						1.000000	1.000000	0.000000
YIR036C	YML007W	0.191719						0.000000	1.000000	0.000000
YBR080C	YEL009C	0.191709						0.000000	1.000000	0.000000
YPR184W	YGL073W	0.191704	0.000000	0.089398	0.219101	0.120106	0.126984	0.000000	1.000000	0.000000
YOL053W	YCR084C	0.191703						0.000000	-1.000000	0.000000
YBR263W	YPR009W	0.191700						0.000000	1.000000	0.000000
YPL237W	YBR066C	0.191699						0.000000	1.000000	0.000000
YCR079W	YPR008W	0.191699						0.000000	1.000000	0.000000
YMR108W	YHR006W	0.191697						0.000000	1.000000	0.000000
YHR071W	YDR207C	0.191695	0.000000	0.089347	0.219101	0.120059	0.126932	0.000000	1.000000	0.000000
YNL064C	YDR043C	0.191693						0.000000	1.000000	0.000000
YNL294C	YOL108C	0.191690						0.000000	1.000000	0.000000
YPL206C	YLR451W	0.191688						0.000000	-1.000000	0.000000
YHR200W	YLR176C	0.191685						0.000000	-1.000000	0.000000
YKR028W	YJR127C	0.191682						0.000000	1.000000	0.000000
YDR321W	YIL101C	0.191681						0.000000	-1.000000	0.000000
YMR072W	YKL185W	0.191679						0.000000	-1.000000	0.000000
YER048C	YOR140W	0.191676						0.000000	-1.000000	0.000000
YDR404C	YGL096W	0.191672						0.000000	1.000000	0.000000
YMR256C	YIL036W	0.191669						0.000000	1.000000	0.000000
YDR204W	YDR207C	0.191668						0.000000	1.000000	0.000000
YBR122C	YIR023W	0.191666						0.000000	1.000000	0.000000
YOR271C	YGL209W	0.191666	0.000000	0.089296	0.219101	0.120012	0.126881	0.000000	1.000000	0.000000
YML106W	YNL027W	0.191665						0.000000	-1.000000	0.000000
YMR148W	YIR023W	0.191663						0.000000	1.000000	0.000000
YJR073C	YNL216W	0.191663						1.000000	1.000000	0.000000
YOR275C	YPR008W	0.191661						0.000000	1.000000	0.000000
YER080W	YGL096W	0.191660						0.000000	1.000000	0.000000
YJR034W	YJL056C	0.191657						0.000000	1.000000	0.000000
YIL121W	YDR123C	0.191657						0.000000	1.000000	0.000000
YKL086W	YDR421W	0.191653	0.000000	0.089245	0.219101	0.119966	0.126829	0.000000	1.000000	0.000000
YHR024C	YBR066C	0.191652						0.000000	1.000000	0.000000
YKL217W	YGL073W	0.191651	0.000000	0.089194	0.219101	0.119920	0.126778	0.000000	1.000000	0.000000
YKL104C	YNL103W	0.191651						0.000000	-1.000000	0.000000
YNL263C	YLR176C	0.191649						0.000000	-1.000000	0.000000
YKR080W	YDR034C	0.191649						0.000000	1.000000	0.000000
YOR061W	YBR066C	0.191643						0.000000	1.000000	0.000000
YJL014W	YDR207C	0.191641						0.000000	1.000000	0.000000
YDR236C	YBL103C	0.191640						0.000000	1.000000	0.000000
YNL110C	YPR104C	0.191640						0.000000	1.000000	0.000000
YGL232W	YGL209W	0.191639						0.000000	1.000000	0.000000
YBL039C	YPL089C	0.191638						0.000000	-1.000000	0.000000
YNL302C	YIL101C	0.191637	0.000000	0.089143	0.219101	0.119873	0.126726	0.000000	-1.000000	0.000000
YIL078W	YDR423C	0.191634						0.000000	-1.000000	0.000000
YBR234C	YMR070W	0.191633						0.000000	1.000000	0.000000
YDL046W	YIR023W	0.191633						0.000000	1.000000	0.000000
YNL215W	YPR008W	0.191629						0.000000	1.000000	0.000000
YNL189W	YCR065W	0.191627						0.000000	1.000000	0.000000
YGR285C	YGR044C	0.191620						0.000000	-1.000000	0.000000
YHR025W	YGL035C	0.191616	0.000000	0.089092	0.219101	0.119827	0.126675	0.000000	1.000000	0.000000
YNR049C	YJR127C	0.191616						0.000000	1.000000	0.000000
YOR285W	YPL177C	0.191615						0.000000	-1.000000	0.000000
YDR041W	YGL013C	0.191612						0.000000	-1.000000	0.000000
YDL029W	YKL032C	0.191609						0.000000	1.000000	0.000000
YER148W	YER088C	0.191607						0.000000	1.000000	0.000000
YLR218C	YOL108C	0.191606						0.000000	1.000000	0.000000
YLR167W	YDR146C	0.191603	0.000000	0.089041	0.219101	0.119780	0.126623	0.000000	1.000000	0.000000
YMR009W	YOL108C	0.191602						0.000000	1.000000	0.000000
YBR187W	YNL314W	0.191601						0.000000	1.000000	0.000000
YER074W-A	YDR421W	0.191599						0.000000	1.000000	0.000000
YOR383C	YBR066C	0.191598						0.000000	1.000000	0.000000
YDL097C	YOR140W	0.191594						0.000000	-1.000000	0.000000
YMR171C	YPR008W	0.191588						0.000000	1.000000	0.000000
YGR063C	YPR009W	0.191588						0.000000	1.000000	0.000000
YGR102C	YPL230W	0.191586						0.000000	1.000000	0.000000
YOR042W	YML007W	0.191586						0.000000	1.000000	0.000000
YOL142W	YPR009W	0.191584						0.000000	1.000000	0.000000
YMR242C	YNL027W	0.191583	0.000000	0.088990	0.219101	0.119734	0.126572	0.000000	-1.000000	0.000000
YER063W	YGL209W	0.191581	0.000000	0.088940	0.219101	0.119688	0.126521	0.000000	1.000000	0.000000
YHR073W	YJR127C	0.191575						0.000000	1.000000	0.000000
YOR045W	YOR140W	0.191574						0.000000	-1.000000	0.000000
YNL131W	YDL170W	0.191573						0.000000	-1.000000	0.000000
YJL104W	YDR174W	0.191571						0.000000	1.000000	0.000000
YCL045C	YDR034C	0.191562						0.000000	1.000000	0.000000
YDR454C	YPL038W	0.191555						0.000000	-1.000000	0.000000
YPR113W	YPR009W	0.191554						0.000000	1.000000	0.000000
YPL177C	YLR451W	0.191551						0.000000	-1.000000	0.000000
YLR192C	YHR178W	0.191550						0.000000	1.000000	0.000000
YJL052W	YGL013C	0.191549						0.000000	1.000000	0.000000
YOR253W	YJL089W	0.191545						0.000000	1.000000	0.000000
YDR378C	YKL032C	0.191545						0.000000	1.000000	0.000000
YDR212W	YFR034C	0.191543						0.000000	1.000000	0.000000
YNL016W	YGL209W	0.191534						0.000000	1.000000	0.000000
YBR160W	YPR009W	0.191532						0.000000	1.000000	0.000000
YDR037W	YHR084W	0.191531						1.000000	1.000000	0.000000
YNL287W	YER088C	0.191530						0.000000	1.000000	0.000000
YPR124W	YKL185W	0.191528						0.000000	-1.000000	0.000000
YLR192C	YGL096W	0.191525						0.000000	1.000000	0.000000
YIL044C	YBR066C	0.191524						0.000000	1.000000	0.000000
YIL076W	YNL167C	0.191519						0.000000	1.000000	0.000000
YOR367W	YMR070W	0.191518	0.000000	0.088889	0.219101	0.119642	0.126469	0.000000	1.000000	0.000000
YNL175C	YDR253C	0.191518						0.000000	-1.000000	0.000000
YGR184C	YER088C	0.191516						0.000000	1.000000	0.000000
YJL155C	YIR023W	0.191515						0.000000	1.000000	0.000000
YCR082W	YDR207C	0.191511	0.000000	0.088838	0.219101	0.119595	0.126418	0.000000	1.000000	0.000000
YGL021W	YBR066C	0.191509						0.000000	1.000000	0.000000
YNL153C	YPR009W	0.191507						0.000000	1.000000	0.000000
YJL210W	YGL166W	0.191506						0.000000	1.000000	0.000000
YGR215W	YGL013C	0.191505						0.000000	1.000000	0.000000
YDR238C	YOL089C	0.191503						0.000000	-1.000000	0.000000
YCL045C	YLR013W	0.191501						0.000000	1.000000	0.000000
YFL017C	YPR008W	0.191500						0.000000	1.000000	0.000000
YPR199C	YBR066C	0.191493						0.000000	1.000000	0.000000
YOR130C	YMR021C	0.191492						0.000000	1.000000	0.000000
YLR441C	YNL027W	0.191491	0.000000	0.088788	0.219101	0.119549	0.126367	0.000000	1.000000	0.000000
YPL273W	YDR520C	0.191490						0.000000	1.000000	0.000000
YMR236W	YDL170W	0.191489						0.000000	-1.000000	0.000000
YMR292W	YFR034C	0.191487						0.000000	1.000000	0.000000
YDL095W	YHR178W	0.191482						0.000000	1.000000	0.000000
YNL091W	YBR066C	0.191473						0.000000	1.000000	0.000000
YPR004C	YKL043W	0.191472						0.000000	1.000000	0.000000
YPL237W	YKR099W	0.191472						0.000000	-1.000000	0.000000
YJL034W	YDR034C	0.191469						0.000000	1.000000	0.000000
YAL016W	YPR008W	0.191469						0.000000	1.000000	0.000000
YIL050W	YGL013C	0.191467						0.000000	1.000000	0.000000
YHR215W	YDR423C	0.191464	0.000000	0.088737	0.219101	0.119503	0.126316	0.000000	-1.000000	0.000000
YGL037C	YOR140W	0.191461						0.000000	-1.000000	0.000000
YJL030W	YIL119C	0.191460						0.000000	1.000000	0.000000
YER049W	YGL209W	0.191460						0.000000	1.000000	0.000000
YAL055W	YDL048C	0.191457						0.000000	1.000000	0.000000
YIL142W	YBR066C	0.191457						0.000000	1.000000	0.000000
YJL184W	YFL031W	0.191455						0.000000	1.000000	0.000000
YCR021C	YOL067C	0.191450	0.000000	0.088687	0.219101	0.119457	0.126265	0.000000	1.000000	0.000000
YKL058W	YHL027W	0.191447						0.000000	-1.000000	0.000000
YCR088W	YLR228C	0.191441						0.000000	1.000000	0.000000
YAR002C-A	YOR032C	0.191440						0.000000	1.000000	0.000000
YLR193C	YIL036W	0.191437						0.000000	1.000000	0.000000
YGR085C	YHR124W	0.191437						0.000000	1.000000	0.000000
YOL018C	YPR008W	0.191429						0.000000	1.000000	0.000000
YJR005W	YBR066C	0.191419						0.000000	1.000000	0.000000
YEL012W	YCR084C	0.191418						0.000000	-1.000000	0.000000
YNL071W	YPL177C	0.191417						0.000000	-1.000000	0.000000
YDR517W	YGL166W	0.191416						0.000000	1.000000	0.000000
YOR042W	YOL067C	0.191412						0.000000	1.000000	0.000000
YJL143W	YOL108C	0.191411						0.000000	1.000000	0.000000
YPR037C	YJR127C	0.191410						0.000000	1.000000	0.000000
YJL088W	YPL133C	0.191409						0.000000	1.000000	0.000000
YHR064C	YKL038W	0.191409						0.000000	1.000000	0.000000
YDR085C	YLR256W	0.191408	0.000000	0.088636	0.219101	0.119411	0.126214	0.000000	-1.000000	0.000000
YHR198C	YOL108C	0.191406						0.000000	1.000000	0.000000
YHR051W	YGL013C	0.191404	0.000000	0.088586	0.219101	0.119365	0.126163	0.000000	1.000000	0.000000
YMR062C	YDL170W	0.191404	0.000000	0.088536	0.219101	0.119319	0.126112	0.000000	-1.000000	0.000000
YLR048W	YIL101C	0.191403	0.000000	0.088486	0.219101	0.119273	0.126061	0.000000	-1.000000	0.000000
YCR046C	YBL021C	0.191399						0.000000	-1.000000	0.000000
YDL212W	YKL038W	0.191398						0.000000	1.000000	0.000000
YGL085W	YIL119C	0.191395						0.000000	1.000000	0.000000
YIL022W	YDL048C	0.191395						0.000000	1.000000	0.000000
YOR153W	YPL038W	0.191393						0.000000	-1.000000	0.000000
YOR150W	YGL073W	0.191389						0.000000	1.000000	0.000000
YOR267C	YKL020C	0.191388						0.000000	1.000000	0.000000
YDR002W	YNL167C	0.191386						0.000000	1.000000	0.000000
YGR118W	YDR146C	0.191384						0.000000	1.000000	0.000000
YIL049W	YDL048C	0.191384						0.000000	1.000000	0.000000
YGR108W	YCR065W	0.191383						0.000000	1.000000	0.000000
YPR194C	YKR034W	0.191383						0.000000	1.000000	0.000000
YPR067W	YPL177C	0.191382						0.000000	-1.000000	0.000000
YKL146W	YGL013C	0.191378						0.000000	1.000000	0.000000
YHR192W	YBR066C	0.191378						0.000000	1.000000	0.000000
YNL031C	YDL170W	0.191373						0.000000	-1.000000	0.000000
YKR071C	YGL209W	0.191372						0.000000	1.000000	0.000000
YLR439W	YGL073W	0.191370	0.000000	0.088435	0.219101	0.119227	0.126010	0.000000	1.000000	0.000000
YKL058W	YDR207C	0.191365						0.000000	1.000000	0.000000
YKL034W	YJR127C	0.191362						0.000000	1.000000	0.000000
YLL029W	YDR034C	0.191362						0.000000	1.000000	0.000000
YNL131W	YGL013C	0.191354						0.000000	1.000000	0.000000
YGR267C	YOL089C	0.191349						0.000000	-1.000000	0.000000
YGL190C	YIL119C	0.191344						0.000000	1.000000	0.000000
YDL053C	YGL096W	0.191342						0.000000	1.000000	0.000000
YPR062W	YDR207C	0.191341						0.000000	1.000000	0.000000
YGL173C	YGL237C	0.191336						0.000000	1.000000	0.000000
YDR245W	YLR131C	0.191335						0.000000	-1.000000	0.000000
YJL062W-A	YIR023W	0.191333						0.000000	1.000000	0.000000
YDR378C	YMR021C	0.191332						0.000000	1.000000	0.000000
YNR046W	YPR065W	0.191332						0.000000	1.000000	0.000000
YBR146W	YML007W	0.191332						0.000000	1.000000	0.000000
YPL243W	YPR009W	0.191328						0.000000	1.000000	0.000000
YDL188C	YBR066C	0.191327						0.000000	1.000000	0.000000
YOL073C	YPR008W	0.191326						0.000000	1.000000	0.000000
YPR183W	YMR021C	0.191326						0.000000	1.000000	0.000000
YLL024C	YLR098C	0.191326	0.000000	0.088385	0.219101	0.119181	0.125959	0.000000	-1.000000	0.000000
YNL112W	YKL062W	0.191324						1.000000	1.000000	0.000000
YBR059C	YBR066C	0.191324						0.000000	1.000000	0.000000
YJR121W	YGL013C	0.191318						0.000000	1.000000	0.000000
YDR284C	YMR021C	0.191313	0.000000	0.088335	0.219101	0.119135	0.125908	0.000000	1.000000	0.000000
YDR486C	YOL108C	0.191312						0.000000	1.000000	0.000000
YIR039C	YER088C	0.191308						0.000000	1.000000	0.000000
YML116W	YKR034W	0.191308						0.000000	1.000000	0.000000
YPR118W	YOL028C	0.191299						0.000000	1.000000	0.000000
YDR427W	YBR066C	0.191298						0.000000	1.000000	0.000000
YNL178W	YDR253C	0.191295						0.000000	-1.000000	0.000000
YOL062C	YPR009W	0.191292						0.000000	1.000000	0.000000
YHL031C	YDR034C	0.191290						0.000000	1.000000	0.000000
YGL120C	YNL068C	0.191286						0.000000	1.000000	0.000000
YIR006C	YDL020C	0.191286						0.000000	1.000000	0.000000
YJL196C	YDR034C	0.191285						0.000000	-1.000000	0.000000
YPR073C	YPR008W	0.191282						0.000000	1.000000	0.000000
YLR034C	YJR127C	0.191282						0.000000	1.000000	0.000000
YDL045C	YBR066C	0.191275						0.000000	1.000000	0.000000
YLR342W	YKR034W	0.191274						0.000000	1.000000	0.000000
YCL052C	YJR127C	0.191271						0.000000	1.000000	0.000000
YPL095C	YDR034C	0.191270						0.000000	1.000000	0.000000
YOR007C	YGL013C	0.191269	0.000000	0.088285	0.219101	0.119089	0.125857	0.000000	1.000000	0.000000
YER048C	YLR013W	0.191268						0.000000	1.000000	0.000000
YOR272W	YGR044C	0.191268						0.000000	-1.000000	0.000000
YJL155C	YML007W	0.191267						0.000000	1.000000	0.000000
YIL022W	YBR066C	0.191266						0.000000	1.000000	0.000000
YHR049W	YFR034C	0.191265						0.000000	1.000000	0.000000
YOR197W	YDR034C	0.191264						0.000000	1.000000	0.000000
YGR207C	YHL009C	0.191264						0.000000	1.000000	0.000000
YER078C	YPR008W	0.191260						0.000000	1.000000	0.000000
YGR063C	YPR008W	0.191251						0.000000	1.000000	0.000000
YML094W	YPR009W	0.191249						0.000000	1.000000	0.000000
YFL028C	YKR034W	0.191247						0.000000	1.000000	0.000000
YGR128C	YPR104C	0.191241						0.000000	1.000000	0.000000
YPR073C	YBR066C	0.191239						0.000000	1.000000	0.000000
YGL147C	YDR253C	0.191238						0.000000	-1.000000	0.000000
YAL042W	YDR207C	0.191235						0.000000	1.000000	0.000000
YGR220C	YPR009W	0.191233						0.000000	1.000000	0.000000
YMR152W	YGL166W	0.191233						0.000000	1.000000	0.000000
YNL213C	YPL230W	0.191228						0.000000	1.000000	0.000000
YFR049W	YJL056C	0.191227						0.000000	1.000000	0.000000
YML074C	YKR099W	0.191226						0.000000	-1.000000	0.000000
YPL131W	YHR124W	0.191226						0.000000	1.000000	0.000000
YPL064C	YBR066C	0.191226						0.000000	1.000000	0.000000
YJL034W	YGL013C	0.191222	0.000000	0.088235	0.219101	0.119044	0.125806	0.000000	1.000000	0.000000
YOL082W	YOL067C	0.191214						0.000000	1.000000	0.000000
YER023W	YNL103W	0.191212						0.000000	-1.000000	0.000000
YPR052C	YIL119C	0.191211						0.000000	1.000000	0.000000
YOR251C	YIL119C	0.191210						0.000000	1.000000	0.000000
YLR248W	YML007W	0.191210						0.000000	1.000000	0.000000
YEL040W	YER184C	0.191209						0.000000	-1.000000	0.000000
YAL054C	YGR249W	0.191207						0.000000	1.000000	0.000000
YKR085C	YPR008W	0.191206						0.000000	1.000000	0.000000
YJL192C	YHR178W	0.191197						0.000000	1.000000	0.000000
YNR030W	YIL119C	0.191196						0.000000	1.000000	0.000000
YLR113W	YDR207C	0.191196						0.000000	1.000000	0.000000
YER007C-A	YDR310C	0.191193						0.000000	-1.000000	0.000000
YGL234W	YLR131C	0.191192						0.000000	-1.000000	0.000000
YGR174C	YJL056C	0.191191						0.000000	1.000000	0.000000
YGL026C	YGR249W	0.191189						0.000000	-1.000000	0.000000
YGL020C	YDR034C	0.191188						0.000000	1.000000	0.000000
YIL133C	YNL027W	0.191186	0.000000	0.088185	0.219101	0.118998	0.125756	0.000000	-1.000000	0.000000
YGR106C	YLR228C	0.191186						0.000000	1.000000	0.000000
YER136W	YPL230W	0.191183						0.000000	1.000000	0.000000
YIL121W	YER111C	0.191183						1.000000	1.000000	0.000000
YDR435C	YPR008W	0.191182						0.000000	1.000000	0.000000
YOL016C	YDR034C	0.191182						0.000000	1.000000	0.000000
YBL026W	YIL119C	0.191181						0.000000	1.000000	0.000000
YDL007W	YOR140W	0.191179						0.000000	-1.000000	0.000000
YLR216C	YGL209W	0.191178	0.000000	0.088136	0.219101	0.118952	0.125705	0.000000	1.000000	0.000000
YDR347W	YPL202C	0.191172						0.000000	-1.000000	0.000000
YBL064C	YKL020C	0.191172						0.000000	1.000000	0.000000
YDL181W	YPL133C	0.191171						0.000000	1.000000	0.000000
YGR133W	YIL119C	0.191171						0.000000	1.000000	0.000000
YHR068W	YPL248C	0.191169						0.000000	-1.000000	0.000000
YDR347W	YPL230W	0.191169						0.000000	1.000000	0.000000
YHL002W	YER088C	0.191165						0.000000	1.000000	0.000000
YDR354W	YMR021C	0.191163						0.000000	1.000000	0.000000
YAL035W	YDR520C	0.191161						0.000000	1.000000	0.000000
YGR202C	YJR127C	0.191161						0.000000	1.000000	0.000000
YPR167C	YHR206W	0.191159						0.000000	1.000000	0.000000
YOR327C	YIR017C	0.191155						0.000000	1.000000	0.000000
YOR356W	YDL048C	0.191150						0.000000	1.000000	0.000000
YOL155C	YKL062W	0.191149						1.000000	-1.000000	0.000000
YPL096C-A	YIL119C	0.191147						0.000000	1.000000	0.000000
YLR175W	YPL089C	0.191132						0.000000	-1.000000	0.000000
YOL004W	YJR127C	0.191130						0.000000	1.000000	0.000000
YHR181W	YER088C	0.191128						0.000000	1.000000	0.000000
YDL236W	YIL119C	0.191128						0.000000	1.000000	0.000000
YPR128C	YBR066C	0.191126						0.000000	1.000000	0.000000
YNL189W	YLR228C	0.191125						0.000000	1.000000	0.000000
YBR129C	YGL209W	0.191123						0.000000	1.000000	0.000000
YGL067W	YPR009W	0.191119						0.000000	1.000000	0.000000
YHR181W	YLR013W	0.191115						0.000000	1.000000	0.000000
YDR064W	YNL314W	0.191114	0.000000	0.088086	0.219101	0.118906	0.125654	0.000000	1.000000	0.000000
YBR235W	YPR009W	0.191114						0.000000	1.000000	0.000000
YJR051W	YBR066C	0.191113						0.000000	1.000000	0.000000
YOR016C	YPR009W	0.191112						0.000000	1.000000	0.000000
YOR159C	YPR009W	0.191105						0.000000	1.000000	0.000000
YJL110C	YPR008W	0.191104						0.000000	1.000000	0.000000
YIL026C	YIL119C	0.191102						0.000000	1.000000	0.000000
YMR002W	YBR066C	0.191101						0.000000	1.000000	0.000000
YIL158W	YDR081C	0.191100						0.000000	1.000000	0.000000
YNL301C	YPL248C	0.191098	0.000000	0.088036	0.219101	0.118861	0.125604	0.000000	-1.000000	0.000000
YNL312W	YKL185W	0.191092						0.000000	1.000000	0.000000
YOR326W	YKL043W	0.191092						0.000000	1.000000	0.000000
YIL064W	YIL101C	0.191092						0.000000	-1.000000	0.000000
YBL026W	YPR009W	0.191089						0.000000	1.000000	0.000000
YHR025W	YKL043W	0.191089						0.000000	1.000000	0.000000
YPL237W	YPR009W	0.191086						0.000000	1.000000	0.000000
YPR033C	YJL089W	0.191084						0.000000	1.000000	0.000000
YLR017W	YDR520C	0.191084						0.000000	1.000000	0.000000
YAL061W	YJL056C	0.191080	0.000000	0.087986	0.219101	0.118815	0.125553	0.000000	1.000000	0.000000
YDR434W	YPR008W	0.191078						0.000000	1.000000	0.000000
YIL075C	YBR182C	0.191078						0.000000	-1.000000	0.000000
YOR209C	YPR009W	0.191077						0.000000	1.000000	0.000000
YDL054C	YJR127C	0.191076						0.000000	1.000000	0.000000
YMR241W	YBL103C	0.191070						0.000000	1.000000	0.000000
YIL035C	YGL209W	0.191063						0.000000	1.000000	0.000000
YDR516C	YGL209W	0.191062	0.000000	0.087937	0.219101	0.118770	0.125503	0.000000	1.000000	0.000000
YKL035W	YGL073W	0.191062						1.000000	1.000000	0.000000
YLR333C	YNL216W	0.191062						1.000000	1.000000	0.000000
YDL145C	YBR066C	0.191061						0.000000	1.000000	0.000000
YMR092C	YLR451W	0.191060						0.000000	-1.000000	0.000000
YMR243C	YHR006W	0.191059						0.000000	-1.000000	0.000000
YAL042W	YBL021C	0.191058						0.000000	-1.000000	0.000000
YHL033C	YPL248C	0.191057	0.000000	0.087887	0.219101	0.118724	0.125452	0.000000	-1.000000	0.000000
YDR202C	YER088C	0.191055						0.000000	1.000000	0.000000
YPR016C	YPR009W	0.191053						0.000000	1.000000	0.000000
YER012W	YEL009C	0.191048						0.000000	1.000000	0.000000
YHR043C	YGL013C	0.191047						0.000000	1.000000	0.000000
YCR031C	YHR124W	0.191045						0.000000	-1.000000	0.000000
YIL050W	YLR451W	0.191045						0.000000	-1.000000	0.000000
YBR031W	YOR344C	0.191042	0.000000	0.087838	0.219101	0.118679	0.125402	0.000000	1.000000	0.000000
YKL026C	YIL036W	0.191040						0.000000	1.000000	0.000000
YPR132W	YHR124W	0.191040						0.000000	-1.000000	0.000000
YDL084W	YOR162C	0.191039						0.000000	1.000000	0.000000
YOL122C	YPR008W	0.191038						0.000000	1.000000	0.000000
YNL202W	YDR423C	0.191035						0.000000	1.000000	0.000000
YNL220W	YOR032C	0.191035						0.000000	1.000000	0.000000
YPL239W	YDR043C	0.191035						0.000000	1.000000	0.000000
YNL263C	YBR066C	0.191033						0.000000	1.000000	0.000000
YLR342W	YJR147W	0.191030						0.000000	1.000000	0.000000
YMR242C	YHR006W	0.191027	0.000000	0.087788	0.219101	0.118633	0.125352	0.000000	1.000000	0.000000
YPL177C	YMR070W	0.191024						0.000000	1.000000	0.000000
YPL050C	YDL048C	0.191021						0.000000	1.000000	0.000000
YBR145W	YER088C	0.191018						0.000000	1.000000	0.000000
YBL102W	YLR228C	0.191016	0.000000	0.087739	0.219101	0.118588	0.125301	0.000000	1.000000	0.000000
YOR167C	YKL043W	0.191015						0.000000	1.000000	0.000000
YGR207C	YGL013C	0.191015						0.000000	1.000000	0.000000
YKL021C	YNL027W	0.191010						0.000000	-1.000000	0.000000
YDL217C	YJR127C	0.191010						0.000000	1.000000	0.000000
YBR003W	YBR066C	0.191006						0.000000	1.000000	0.000000
YPR057W	YPR008W	0.191004						0.000000	1.000000	0.000000
YPR113W	YNL167C	0.191003						0.000000	1.000000	0.000000
YLR314C	YBR066C	0.190998						0.000000	1.000000	0.000000
YAL039C	YOR140W	0.190993						0.000000	-1.000000	0.000000
YBR014C	YPR008W	0.190990						0.000000	1.000000	0.000000
YOR061W	YJR127C	0.190990						0.000000	1.000000	0.000000
YPR188C	YHL009C	0.190990						0.000000	1.000000	0.000000
YGR232W	YOR140W	0.190982						0.000000	-1.000000	0.000000
YBR046C	YDR034C	0.190980						0.000000	1.000000	0.000000
YER018C	YDL056W	0.190979						0.000000	1.000000	0.000000
YDR238C	YKL043W	0.190974						0.000000	1.000000	0.000000
YNL330C	YIL119C	0.190974						0.000000	1.000000	0.000000
YDR016C	YBL103C	0.190973						0.000000	1.000000	0.000000
YBR162W-A	YKL185W	0.190970						0.000000	1.000000	0.000000
YDL229W	YOR358W	0.190969						0.000000	-1.000000	0.000000
YBR041W	YJR127C	0.190966						0.000000	1.000000	0.000000
YAL055W	YJR127C	0.190966						0.000000	1.000000	0.000000
YOR128C	YBR066C	0.190963						0.000000	1.000000	0.000000
YJR080C	YOL108C	0.190962						0.000000	1.000000	0.000000
YHL032C	YPL133C	0.190960						0.000000	1.000000	0.000000
YKR096W	YMR019W	0.190954						0.000000	1.000000	0.000000
YBR014C	YGL209W	0.190953						0.000000	1.000000	0.000000
YDL053C	YLR013W	0.190951						0.000000	1.000000	0.000000
YML041C	YPR008W	0.190950						0.000000	1.000000	0.000000
YFR033C	YOR140W	0.190949						0.000000	-1.000000	0.000000
YPR132W	YNL027W	0.190947						0.000000	1.000000	0.000000
YDL064W	YCR065W	0.190944						0.000000	1.000000	0.000000
YMR203W	YDR207C	0.190939						0.000000	1.000000	0.000000
YOL041C	YBR240C	0.190937						0.000000	-1.000000	0.000000
YAL053W	YNL167C	0.190932						0.000000	1.000000	0.000000
YBL087C	YDR146C	0.190931	0.000000	0.087690	0.219101	0.118542	0.125251	0.000000	1.000000	0.000000
YNL175C	YDR463W	0.190931						0.000000	1.000000	0.000000
YDR453C	YLR256W	0.190931	0.000000	0.087640	0.219101	0.118497	0.125201	0.000000	-1.000000	0.000000
YHR043C	YGL209W	0.190925						0.000000	1.000000	0.000000
YMR241W	YMR182C	0.190924						0.000000	-1.000000	0.000000
YHR089C	YDR146C	0.190922						0.000000	-1.000000	0.000000
YCR046C	YGL073W	0.190920						0.000000	1.000000	0.000000
YBL047C	YIR023W	0.190920						0.000000	1.000000	0.000000
YBR170C	YJR127C	0.190918						0.000000	1.000000	0.000000
YLL024C	YGL035C	0.190917	0.000000	0.087591	0.219101	0.118451	0.125150	0.000000	1.000000	0.000000
YDR214W	YCR084C	0.190915						0.000000	-1.000000	0.000000
YML126C	YFR034C	0.190914	0.000000	0.087542	0.219101	0.118406	0.125100	0.000000	1.000000	0.000000
YPL163C	YER088C	0.190913						0.000000	1.000000	0.000000
YIR026C	YBR240C	0.190911						0.000000	-1.000000	0.000000
YNL327W	YML007W	0.190908						1.000000	1.000000	0.000000
YMR170C	YLR451W	0.190904						0.000000	-1.000000	0.000000
YPL249C-A	YBR239C	0.190903						0.000000	-1.000000	0.000000
YJR103W	YHL009C	0.190902						0.000000	1.000000	0.000000
YKL141W	YGL013C	0.190901						0.000000	1.000000	0.000000
YKR001C	YMR070W	0.190890						0.000000	1.000000	0.000000
YHR107C	YML081W	0.190887						0.000000	1.000000	0.000000
YNL183C	YBR066C	0.190886						0.000000	1.000000	0.000000
YNL004W	YKL020C	0.190882						0.000000	1.000000	0.000000
YKL086W	YDL170W	0.190879	0.000000	0.087493	0.219101	0.118361	0.125050	0.000000	-1.000000	0.000000
YNL219C	YJR127C	0.190878						0.000000	1.000000	0.000000
YGL080W	YPR008W	0.190878						0.000000	1.000000	0.000000
YLR429W	YBR066C	0.190877						0.000000	1.000000	0.000000
YEL055C	YKR099W	0.190876						0.000000	-1.000000	0.000000
YCL028W	YOL108C	0.190870						0.000000	1.000000	0.000000
YMR205C	YJR127C	0.190870						0.000000	1.000000	0.000000
YDR404C	YGL209W	0.190865	0.000000	0.087444	0.219101	0.118316	0.125000	0.000000	1.000000	0.000000
YLR056W	YMR070W	0.190861	0.000000	0.087395	0.219101	0.118271	0.124950	0.000000	1.000000	0.000000
YLR192C	YBL021C	0.190859						0.000000	-1.000000	0.000000
YKR097W	YOL067C	0.190859						0.000000	-1.000000	0.000000
YLR216C	YBR066C	0.190859						0.000000	1.000000	0.000000
YOR074C	YER088C	0.190858						0.000000	1.000000	0.000000
YAR002C-A	YPL075W	0.190856						0.000000	1.000000	0.000000
YAL053W	YGL013C	0.190853						0.000000	1.000000	0.000000
YOL077C	YPR104C	0.190851						0.000000	1.000000	0.000000
YBR077C	YER040W	0.190849						0.000000	1.000000	0.000000
YDR122W	YPR008W	0.190846						0.000000	1.000000	0.000000
YBL022C	YER088C	0.190838						0.000000	1.000000	0.000000
YJL020C	YGL166W	0.190837						0.000000	1.000000	0.000000
YJL123C	YPR009W	0.190835						0.000000	1.000000	0.000000
YEL002C	YDL020C	0.190830						0.000000	1.000000	0.000000
YER146W	YNL314W	0.190829						0.000000	1.000000	0.000000
YCL017C	YDR174W	0.190826						0.000000	1.000000	0.000000
YCR069W	YNL216W	0.190824						1.000000	-1.000000	0.000000
YNL284C	YHL009C	0.190823						0.000000	1.000000	0.000000
YBR252W	YOR363C	0.190821						0.000000	1.000000	0.000000
YOR096W	YBL005W	0.190817						0.000000	1.000000	0.000000
YPL156C	YOR140W	0.190814						0.000000	-1.000000	0.000000
YKL138C	YOR140W	0.190814						0.000000	-1.000000	0.000000
YLL027W	YGL071W	0.190813						0.000000	1.000000	0.000000
YPR128C	YJR127C	0.190812						0.000000	1.000000	0.000000
YDR092W	YKL032C	0.190808						0.000000	1.000000	0.000000
YOR175C	YJR127C	0.190807						0.000000	1.000000	0.000000
YBR022W	YBR066C	0.190805						0.000000	1.000000	0.000000
YDR427W	YLR176C	0.190804	0.000000	0.087346	0.219101	0.118225	0.124900	0.000000	-1.000000	0.000000
YDL005C	YPR008W	0.190803						0.000000	1.000000	0.000000
YDR005C	YDL048C	0.190801						0.000000	1.000000	0.000000
YPR028W	YIR017C	0.190799						0.000000	1.000000	0.000000
YIL039W	YIL119C	0.190796						0.000000	1.000000	0.000000
YBR077C	YPL089C	0.190795						0.000000	1.000000	0.000000
YCR004C	YBL021C	0.190794						0.000000	-1.000000	0.000000
YPR140W	YGL013C	0.190792						0.000000	1.000000	0.000000
YNL032W	YPR009W	0.190791						0.000000	1.000000	0.000000
YMR222C	YJR127C	0.190791						0.000000	1.000000	0.000000
YCL052C	YIL119C	0.190784						0.000000	1.000000	0.000000
YDR037W	YFR034C	0.190782						0.000000	1.000000	0.000000
YML072C	YER088C	0.190781						0.000000	1.000000	0.000000
YMR002W	YHR084W	0.190775						1.000000	1.000000	0.000000
YOR042W	YHL009C	0.190773						0.000000	1.000000	0.000000
YDR435C	YPL230W	0.190770						0.000000	1.000000	0.000000
YNR053C	YBR240C	0.190770						0.000000	-1.000000	0.000000
YOR104W	YIL119C	0.190768						0.000000	1.000000	0.000000
YER074W	YMR280C	0.190766						0.000000	-1.000000	0.000000
YGL026C	YDL170W	0.190764	0.000000	0.087297	0.219101	0.118180	0.124850	0.000000	-1.000000	0.000000
YLL009C	YEL009C	0.190762						1.000000	-1.000000	0.000000
YIR037W	YGL096W	0.190761						0.000000	1.000000	0.000000
YPR165W	YKR034W	0.190755						0.000000	1.000000	0.000000
YGR007W	YBR066C	0.190754						0.000000	1.000000	0.000000
YPL111W	YDL170W	0.190753	0.000000	0.087248	0.219101	0.118135	0.124800	0.000000	1.000000	0.000000
YER122C	YDR174W	0.190753						0.000000	1.000000	0.000000
YDR084C	YOL108C	0.190748						0.000000	1.000000	0.000000
YBL087C	YBL005W	0.190747	0.000000	0.087200	0.219101	0.118090	0.124750	0.000000	1.000000	0.000000
YDR212W	YOR363C	0.190746						0.000000	1.000000	0.000000
YGR193C	YGL096W	0.190745						0.000000	1.000000	0.000000
YKR081C	YML099C	0.190741						0.000000	-1.000000	0.000000
YJR145C	YOR344C	0.190740	0.000000	0.087151	0.219101	0.118045	0.124700	0.000000	1.000000	0.000000
YGL103W	YOR344C	0.190738	0.000000	0.087102	0.219101	0.118000	0.124650	0.000000	1.000000	0.000000
YLR229C	YMR037C	0.190737						0.000000	1.000000	0.000000
YKL046C	YJR127C	0.190735						0.000000	1.000000	0.000000
YGL006W	YPL177C	0.190733						0.000000	-1.000000	0.000000
YPL019C	YDR253C	0.190731						1.000000	1.000000	0.000000
YFL016C	YLR176C	0.190731	0.000000	0.087054	0.219101	0.117955	0.124601	0.000000	1.000000	0.000000
YDR457W	YJR147W	0.190726						0.000000	1.000000	0.000000
YEL052W	YHL009C	0.190726						0.000000	1.000000	0.000000
YER143W	YBR066C	0.190723						0.000000	1.000000	0.000000
YGR118W	YHR124W	0.190722						0.000000	1.000000	0.000000
YOL119C	YDL170W	0.190721	0.000000	0.087005	0.219101	0.117910	0.124551	0.000000	-1.000000	0.000000
YEL052W	YOL067C	0.190719						0.000000	1.000000	0.000000
YPL013C	YOR028C	0.190719						0.000000	1.000000	0.000000
YMR272C	YKL020C	0.190717						0.000000	1.000000	0.000000
YDL061C	YKL038W	0.190715						0.000000	1.000000	0.000000
YMR041C	YDR310C	0.190711						0.000000	1.000000	0.000000
YDR033W	YDR034C	0.190707						0.000000	1.000000	0.000000
YKR084C	YIL119C	0.190707						0.000000	1.000000	0.000000
YNL314W	YPR008W	0.190706						0.000000	1.000000	0.000000
YHR009C	YHL009C	0.190705						0.000000	1.000000	0.000000
YPL013C	YML007W	0.190704						0.000000	1.000000	0.000000
YOR344C	YEL009C	0.190698						1.000000	1.000000	0.000000
YOL083W	YDR216W	0.190697						0.000000	1.000000	0.000000
YLR328W	YDR123C	0.190690						0.000000	-1.000000	0.000000
YAL056W	YDL048C	0.190687						0.000000	1.000000	0.000000
YDR335W	YIL119C	0.190685						0.000000	1.000000	0.000000
YOR187W	YGL096W	0.190681						0.000000	1.000000	0.000000
YER122C	YMR019W	0.190681						0.000000	1.000000	0.000000
YGL231C	YDR451C	0.190680						0.000000	1.000000	0.000000
YBR092C	YIL036W	0.190679						0.000000	1.000000	0.000000
YGR232W	YOL108C	0.190676						0.000000	1.000000	0.000000
YGR135W	YGL096W	0.190675						0.000000	1.000000	0.000000
YDR019C	YCR065W	0.190674						0.000000	1.000000	0.000000
YBR149W	YDR207C	0.190669						0.000000	1.000000	0.000000
YKR092C	YER111C	0.190668						1.000000	1.000000	0.000000
YDR122W	YIL119C	0.190665						0.000000	1.000000	0.000000
YFL045C	YPR009W	0.190663						0.000000	1.000000	0.000000
YOL119C	YBR066C	0.190661						0.000000	1.000000	0.000000
YOR265W	YJR127C	0.190661						0.000000	1.000000	0.000000
YJR058C	YLR451W	0.190660						0.000000	-1.000000	0.000000
YLR065C	YOR344C	0.190660						0.000000	1.000000	0.000000
YER008C	YJR127C	0.190658						0.000000	1.000000	0.000000
YMR092C	YPL230W	0.190657						0.000000	1.000000	0.000000
YHR104W	YER088C	0.190656						0.000000	1.000000	0.000000
YJR069C	YMR172W	0.190655						0.000000	-1.000000	0.000000
YNR035C	YGL209W	0.190655						0.000000	1.000000	0.000000
YOR036W	YNL103W	0.190654						0.000000	-1.000000	0.000000
YER074W	YNL314W	0.190651						0.000000	1.000000	0.000000
YJR072C	YLR176C	0.190651						0.000000	-1.000000	0.000000
YCR003W	YIL036W	0.190648						0.000000	1.000000	0.000000
YGL190C	YDL048C	0.190647						0.000000	1.000000	0.000000
YOR267C	YIL119C	0.190646						0.000000	1.000000	0.000000
YDL137W	YDR174W	0.190642						0.000000	1.000000	0.000000
YJL063C	YGL096W	0.190637						0.000000	1.000000	0.000000
YHR052W	YBL005W	0.190635						0.000000	1.000000	0.000000
YOR130C	YBR083W	0.190630						0.000000	1.000000	0.000000
YER145C	YJL089W	0.190628						0.000000	1.000000	0.000000
YPL084W	YJR127C	0.190625						0.000000	1.000000	0.000000
YOR197W	YHL009C	0.190625						0.000000	1.000000	0.000000
YHR113W	YOL108C	0.190625						0.000000	1.000000	0.000000
YLR420W	YDR043C	0.190621						0.000000	1.000000	0.000000
YAR015W	YDR310C	0.190618						0.000000	-1.000000	0.000000
YDL061C	YHR006W	0.190617						0.000000	-1.000000	0.000000
YMR110C	YPL230W	0.190615						0.000000	1.000000	0.000000
YPL262W	YML007W	0.190615						0.000000	1.000000	0.000000
YER178W	YOR140W	0.190614						0.000000	-1.000000	0.000000
YBR165W	YPR008W	0.190608						0.000000	1.000000	0.000000
YBR187W	YNL199C	0.190608						0.000000	1.000000	0.000000
YNL287W	YGL209W	0.190606						0.000000	1.000000	0.000000
YOR241W	YIL119C	0.190605						0.000000	1.000000	0.000000
YPR102C	YOR344C	0.190603						0.000000	1.000000	0.000000
YOL049W	YGL096W	0.190602						0.000000	1.000000	0.000000
YIL062C	YDR421W	0.190601						0.000000	1.000000	0.000000
YHR026W	YGL071W	0.190601						0.000000	-1.000000	0.000000
YDL185W	YDR207C	0.190596						0.000000	1.000000	0.000000
YBR093C	YGL209W	0.190592	0.000000	0.086957	0.219101	0.117865	0.124501	0.000000	1.000000	0.000000
YPR065W	YBR066C	0.190582						0.000000	1.000000	0.000000
YJL014W	YOL089C	0.190581						0.000000	-1.000000	0.000000
YDR322W	YGL013C	0.190579						0.000000	1.000000	0.000000
YOR247W	YKL185W	0.190573	0.000000	0.086908	0.219101	0.117820	0.124452	0.000000	-1.000000	0.000000
YOR051C	YDR253C	0.190568						0.000000	-1.000000	0.000000
YJL020C	YPL177C	0.190567						0.000000	-1.000000	0.000000
YGR223C	YPL230W	0.190567						0.000000	1.000000	0.000000
YJL137C	YDL048C	0.190566						0.000000	1.000000	0.000000
YDR452W	YCR065W	0.190565						0.000000	1.000000	0.000000
YFR051C	YFL031W	0.190564						0.000000	1.000000	0.000000
YOR239W	YPR008W	0.190560						0.000000	1.000000	0.000000
YLR377C	YJL056C	0.190559						0.000000	1.000000	0.000000
YBR059C	YIL119C	0.190557						0.000000	1.000000	0.000000
YDR519W	YDR421W	0.190555						0.000000	1.000000	0.000000
YGL068W	YGL013C	0.190554						0.000000	1.000000	0.000000
YNL248C	YBR240C	0.190552						0.000000	-1.000000	0.000000
YDR453C	YPL177C	0.190551	0.000000	0.086860	0.219101	0.117776	0.124402	0.000000	-1.000000	0.000000
YOR224C	YDR423C	0.190548						0.000000	-1.000000	0.000000
YGR038W	YIL119C	0.190547						0.000000	1.000000	0.000000
YOL133W	YBR066C	0.190547						0.000000	1.000000	0.000000
YOR089C	YNL103W	0.190543						0.000000	-1.000000	0.000000
YOL143C	YGL096W	0.190541						0.000000	1.000000	0.000000
YCR077C	YIL119C	0.190540						0.000000	1.000000	0.000000
YNL322C	YMR182C	0.190537						0.000000	1.000000	0.000000
YJL004C	YBR066C	0.190536						0.000000	1.000000	0.000000
YBR170C	YIL119C	0.190536						0.000000	1.000000	0.000000
YGR133W	YPR008W	0.190535						0.000000	1.000000	0.000000
YBR263W	YIL119C	0.190533						0.000000	1.000000	0.000000
YMR292W	YER111C	0.190533						0.000000	1.000000	0.000000
YMR241W	YOR032C	0.190531						0.000000	1.000000	0.000000
YGR270W	YIL119C	0.190531						0.000000	1.000000	0.000000
YDL204W	YPL230W	0.190530						0.000000	1.000000	0.000000
YGL154C	YPR008W	0.190529						0.000000	1.000000	0.000000
YOR132W	YPR008W	0.190527						0.000000	1.000000	0.000000
YLR286C	YPR008W	0.190524						0.000000	1.000000	0.000000
YPR023C	YDR034C	0.190523						0.000000	1.000000	0.000000
YLR166C	YML081W	0.190518						0.000000	1.000000	0.000000
YIL088C	YLR228C	0.190517						0.000000	1.000000	0.000000
YDL236W	YBR066C	0.190513						0.000000	1.000000	0.000000
YMR286W	YOL108C	0.190509						0.000000	1.000000	0.000000
YNL263C	YPR009W	0.190507						0.000000	1.000000	0.000000
YKL212W	YPR009W	0.190506						0.000000	1.000000	0.000000
YBR059C	YPR008W	0.190506						0.000000	1.000000	0.000000
YBL105C	YJR127C	0.190505						0.000000	1.000000	0.000000
YGR120C	YIL119C	0.190503						0.000000	1.000000	0.000000
YDR462W	YHL009C	0.190502						0.000000	1.000000	0.000000
YDR345C	YDL048C	0.190499						0.000000	1.000000	0.000000
YER133W	YBL021C	0.190497						0.000000	-1.000000	0.000000
YHR181W	YNL103W	0.190496						0.000000	-1.000000	0.000000
YKL126W	YKL032C	0.190494						0.000000	1.000000	0.000000
YBL030C	YJL056C	0.190493	0.000000	0.086811	0.219101	0.117731	0.124352	0.000000	-1.000000	0.000000
YNL030W	YKL185W	0.190489						0.000000	1.000000	0.000000
YER048W-A	YKL020C	0.190488						0.000000	1.000000	0.000000
YJR065C	YOL089C	0.190486						0.000000	-1.000000	0.000000
YNR017W	YOL067C	0.190483	0.000000	0.086763	0.219101	0.117686	0.124303	0.000000	1.000000	0.000000
Q0130	YIL036W	0.190482						0.000000	1.000000	0.000000
YFL024C	YMR037C	0.190482						1.000000	1.000000	0.000000
YHR179W	YPL075W	0.190482						0.000000	1.000000	0.000000
YJL137C	YJR127C	0.190481						0.000000	1.000000	0.000000
YJR014W	YMR042W	0.190480						0.000000	-1.000000	0.000000
YDR388W	YMR021C	0.190477						0.000000	1.000000	0.000000
YFR024C-A	YKL020C	0.190477						0.000000	1.000000	0.000000
YLR038C	YGL013C	0.190476	0.000000	0.086715	0.219101	0.117641	0.124253	0.000000	1.000000	0.000000
YOR042W	YGL073W	0.190475						0.000000	1.000000	0.000000
YML121W	YIL119C	0.190474						0.000000	1.000000	0.000000
YFL046W	YBR066C	0.190469						0.000000	1.000000	0.000000
YGR189C	YBR182C	0.190468						0.000000	-1.000000	0.000000
YGL189C	YDR310C	0.190467	0.000000	0.086667	0.219101	0.117597	0.124204	0.000000	-1.000000	0.000000
YDL081C	YPL038W	0.190467						0.000000	-1.000000	0.000000
YOR228C	YHR084W	0.190464						0.000000	1.000000	0.000000
YCL045C	YPR009W	0.190461						0.000000	1.000000	0.000000
YLR048W	YPR009W	0.190459						0.000000	1.000000	0.000000
YPR158W	YMR016C	0.190457						0.000000	1.000000	0.000000
YNL003C	YJR127C	0.190457						0.000000	1.000000	0.000000
YGL161C	YHL009C	0.190456						0.000000	1.000000	0.000000
YPR188C	YPR009W	0.190456						0.000000	1.000000	0.000000
YBR162W-A	YBL021C	0.190453						0.000000	-1.000000	0.000000
YBR077C	YIR023W	0.190452						0.000000	1.000000	0.000000
YNR046W	YER169W	0.190450						0.000000	1.000000	0.000000
YAL023C	YNL167C	0.190444						0.000000	1.000000	0.000000
YNL183C	YML081W	0.190443						0.000000	1.000000	0.000000
YKL145W	YEL009C	0.190441						0.000000	1.000000	0.000000
YDR190C	YBR239C	0.190440						0.000000	-1.000000	0.000000
YOL127W	YMR280C	0.190439						0.000000	-1.000000	0.000000
YFR030W	YDR123C	0.190438	0.000000	0.086619	0.219101	0.117552	0.124154	0.000000	1.000000	0.000000
YHR179W	YGL209W	0.190437						0.000000	1.000000	0.000000
YMR022W	YMR021C	0.190434						0.000000	1.000000	0.000000
YMR271C	YMR037C	0.190432						1.000000	1.000000	0.000000
YPR102C	YPR065W	0.190432						0.000000	1.000000	0.000000
YGR132C	YLR451W	0.190431						0.000000	-1.000000	0.000000
YGR048W	YPR009W	0.190431						0.000000	1.000000	0.000000
YEL040W	YMR172W	0.190427						0.000000	-1.000000	0.000000
YNL159C	YDR034C	0.190426						0.000000	1.000000	0.000000
YOR153W	YGL035C	0.190422						0.000000	1.000000	0.000000
YDR498C	YBR066C	0.190420						0.000000	1.000000	0.000000
YBR127C	YBR182C	0.190419						0.000000	-1.000000	0.000000
YMR215W	YKL062W	0.190418						0.000000	-1.000000	0.000000
YLR028C	YGL209W	0.190415	0.000000	0.086570	0.219101	0.117507	0.124105	0.000000	1.000000	0.000000
YEL066W	YBR083W	0.190412						0.000000	1.000000	0.000000
YOR089C	YER088C	0.190406						0.000000	1.000000	0.000000
YDR434W	YBR066C	0.190405						0.000000	1.000000	0.000000
YGL221C	YLR013W	0.190401						0.000000	1.000000	0.000000
YGL226C-A	YJR060W	0.190400						0.000000	1.000000	0.000000
YLR267W	YPR008W	0.190399						0.000000	1.000000	0.000000
YLR292C	YDR174W	0.190399						0.000000	1.000000	0.000000
YKR088C	YOR230W	0.190396						0.000000	1.000000	0.000000
YJR105W	YPR009W	0.190396						0.000000	1.000000	0.000000
YLR022C	YIL119C	0.190394						0.000000	1.000000	0.000000
YNL084C	YBL021C	0.190393						0.000000	-1.000000	0.000000
YJL088W	YNL103W	0.190392	0.000000	0.086522	0.219101	0.117463	0.124056	0.000000	1.000000	0.000000
YKR081C	YDR081C	0.190386						0.000000	1.000000	0.000000
YGL001C	YMR021C	0.190384						0.000000	1.000000	0.000000
YGR203W	YLR451W	0.190383						0.000000	-1.000000	0.000000
YOR316C	YHL009C	0.190382						0.000000	1.000000	0.000000
YGL050W	YBR066C	0.190382						0.000000	1.000000	0.000000
YOR150W	YIL119C	0.190376						0.000000	1.000000	0.000000
YGR180C	YDR174W	0.190374						0.000000	1.000000	0.000000
YDL169C	YKL020C	0.190372						0.000000	1.000000	0.000000
YDR168W	YGL096W	0.190368						0.000000	1.000000	0.000000
YOR021C	YKR099W	0.190367						0.000000	-1.000000	0.000000
YBR026C	YIL036W	0.190367						0.000000	1.000000	0.000000
YOL061W	YGL209W	0.190366						0.000000	1.000000	0.000000
YBL047C	YLR451W	0.190364						0.000000	-1.000000	0.000000
YGR241C	YKL020C	0.190362						0.000000	1.000000	0.000000
YDR287W	YOR140W	0.190361						0.000000	-1.000000	0.000000
YBR291C	YBR066C	0.190359						0.000000	1.000000	0.000000
YNR037C	YOR140W	0.190359						0.000000	-1.000000	0.000000
YER004W	YGL166W	0.190358						0.000000	1.000000	0.000000
YBR046C	YOR140W	0.190356						0.000000	-1.000000	0.000000
YLR104W	YLR013W	0.190356						0.000000	1.000000	0.000000
YDR208W	YDL048C	0.190355						0.000000	1.000000	0.000000
YPL100W	YDL048C	0.190354						0.000000	1.000000	0.000000
YOL041C	YIL101C	0.190354						0.000000	-1.000000	0.000000
YEL040W	YMR070W	0.190353	0.000000	0.086475	0.219101	0.117418	0.124006	0.000000	1.000000	0.000000
YMR208W	YDR034C	0.190353						0.000000	1.000000	0.000000
YPL206C	YGL013C	0.190350						0.000000	1.000000	0.000000
YOR196C	YDL048C	0.190344						0.000000	1.000000	0.000000
YDR483W	YBL021C	0.190341						0.000000	-1.000000	0.000000
YOL143C	YDR034C	0.190337						0.000000	1.000000	0.000000
YJL205C	YER184C	0.190337						0.000000	1.000000	0.000000
YIL076W	YDR451C	0.190335						0.000000	1.000000	0.000000
YDR393W	YCR084C	0.190333						0.000000	-1.000000	0.000000
YLL029W	YBR066C	0.190330						0.000000	1.000000	0.000000
YKL058W	YPR008W	0.190329						0.000000	1.000000	0.000000
YKR014C	YJR127C	0.190329						0.000000	1.000000	0.000000
YER048W-A	YBL021C	0.190327						0.000000	-1.000000	0.000000
YDR156W	YDR123C	0.190325						0.000000	-1.000000	0.000000
YJR059W	YOL108C	0.190324						0.000000	1.000000	0.000000
YLR421C	YHL027W	0.190324						0.000000	-1.000000	0.000000
YGL156W	YKL015W	0.190319						0.000000	1.000000	0.000000
YBL101C	YIL119C	0.190317						0.000000	1.000000	0.000000
YFR033C	YGL073W	0.190314	0.000000	0.086427	0.219101	0.117374	0.123957	0.000000	1.000000	0.000000
YDL188C	YPR008W	0.190314						0.000000	1.000000	0.000000
YMR169C	YLR256W	0.190314	0.000000	0.086379	0.219101	0.117329	0.123908	0.000000	-1.000000	0.000000
YOR142W	YIL119C	0.190310						0.000000	1.000000	0.000000
YAL044C	YLR228C	0.190307						0.000000	1.000000	0.000000
YBR036C	YGL237C	0.190306						0.000000	1.000000	0.000000
YDL135C	YKL032C	0.190302						0.000000	1.000000	0.000000
YPR004C	YER111C	0.190300						0.000000	1.000000	0.000000
YDR368W	YDR207C	0.190300						0.000000	1.000000	0.000000
YDL088C	YBR066C	0.190299						0.000000	1.000000	0.000000
YER146W	YKL112W	0.190299						0.000000	1.000000	0.000000
YHR043C	YDR207C	0.190296						0.000000	1.000000	0.000000
YEL060C	YDR034C	0.190296						0.000000	1.000000	0.000000
YER145C	YFR034C	0.190293	0.000000	0.086331	0.219101	0.117285	0.123859	0.000000	1.000000	0.000000
YML055W	YGL209W	0.190290						0.000000	1.000000	0.000000
YCR097W	YGL013C	0.190290						0.000000	1.000000	0.000000
YBR025C	YJL089W	0.190290						0.000000	1.000000	0.000000
YDR242W	YMR070W	0.190289						0.000000	1.000000	0.000000
YBR214W	YPR008W	0.190289						0.000000	1.000000	0.000000
YBR218C	YMR021C	0.190288	0.000000	0.086283	0.219101	0.117240	0.123810	0.000000	1.000000	0.000000
YDL142C	YPR008W	0.190286						0.000000	1.000000	0.000000
YDR462W	YIL036W	0.190282						0.000000	1.000000	0.000000
YNL290W	YML081W	0.190278						0.000000	1.000000	0.000000
YBR122C	YLR451W	0.190276						0.000000	-1.000000	0.000000
YNL001W	YDL048C	0.190275						0.000000	1.000000	0.000000
YOR311C	YIL119C	0.190275						0.000000	1.000000	0.000000
YOL092W	YKL038W	0.190274						0.000000	1.000000	0.000000
YFL046W	YJR127C	0.190272						0.000000	1.000000	0.000000
YGL130W	YIL119C	0.190270						0.000000	1.000000	0.000000
YJL121C	YFL031W	0.190264						0.000000	1.000000	0.000000
YDR074W	YJR127C	0.190263						0.000000	1.000000	0.000000
YDR531W	YJR147W	0.190263						0.000000	1.000000	0.000000
YNL024C-A	YER088C	0.190262						0.000000	1.000000	0.000000
YER012W	YDR207C	0.190259						0.000000	1.000000	0.000000
YBR022W	YJR127C	0.190256						0.000000	1.000000	0.000000
YFL022C	YOR162C	0.190255						0.000000	1.000000	0.000000
YBR129C	YBR066C	0.190255						0.000000	1.000000	0.000000
YDR016C	YJR147W	0.190254						0.000000	1.000000	0.000000
YJL097W	YIR033W	0.190251						0.000000	1.000000	0.000000
YER095W	YIR033W	0.190250						0.000000	1.000000	0.000000
YHR012W	YIL119C	0.190248						0.000000	1.000000	0.000000
YMR044W	YIL119C	0.190247						0.000000	1.000000	0.000000
YLR208W	YHL027W	0.190241						0.000000	-1.000000	0.000000
YDR353W	YDR207C	0.190238	0.000000	0.086235	0.219101	0.117196	0.123760	0.000000	1.000000	0.000000
YJR059W	YGR249W	0.190237						0.000000	-1.000000	0.000000
YBR079C	YKL038W	0.190237						0.000000	1.000000	0.000000
YPR069C	YKL038W	0.190236						0.000000	1.000000	0.000000
YJR017C	YER088C	0.190234						0.000000	1.000000	0.000000
YGR284C	YHL027W	0.190234						0.000000	-1.000000	0.000000
YML057W	YJR127C	0.190231						0.000000	1.000000	0.000000
YMR136W	YDL048C	0.190229						0.000000	1.000000	0.000000
YOR209C	YPR008W	0.190226						0.000000	1.000000	0.000000
YER122C	YHL009C	0.190225						0.000000	1.000000	0.000000
YBL005W	YDR034C	0.190225						0.000000	1.000000	0.000000
YBL075C	YML007W	0.190224						0.000000	1.000000	0.000000
YLR244C	YDL106C	0.190224						0.000000	1.000000	0.000000
YDR063W	YGL096W	0.190221						0.000000	1.000000	0.000000
YGL008C	YMR172W	0.190218						0.000000	-1.000000	0.000000
YAL023C	YKL043W	0.190217						0.000000	1.000000	0.000000
YHR193C	YMR042W	0.190217						0.000000	-1.000000	0.000000
YOR267C	YER088C	0.190215						0.000000	1.000000	0.000000
YOR221C	YJR147W	0.190215						0.000000	1.000000	0.000000
YJR145C	YHR124W	0.190215						0.000000	1.000000	0.000000
YLR435W	YIL101C	0.190214						0.000000	-1.000000	0.000000
YLR333C	YDL106C	0.190211						0.000000	1.000000	0.000000
YER048C	YDR034C	0.190211						0.000000	1.000000	0.000000
YPL189C-A	YDR043C	0.190207						0.000000	1.000000	0.000000
YML126C	YDL020C	0.190207	0.000000	0.086188	0.219101	0.117152	0.123711	0.000000	1.000000	0.000000
YCR082W	YGL166W	0.190206	0.000000	0.086140	0.219101	0.117107	0.123662	0.000000	1.000000	0.000000
YOR175C	YIL119C	0.190204						0.000000	1.000000	0.000000
YOR089C	YPL202C	0.190203						0.000000	-1.000000	0.000000
YNL294C	YIR023W	0.190203						0.000000	1.000000	0.000000
YPR082C	YDR207C	0.190203						0.000000	1.000000	0.000000
YJL123C	YCR084C	0.190199						0.000000	-1.000000	0.000000
YNR017W	YLR176C	0.190198	0.000000	0.086093	0.219101	0.117063	0.123613	0.000000	-1.000000	0.000000
YHR064C	YOR358W	0.190197						0.000000	-1.000000	0.000000
YNL263C	YPR008W	0.190192						0.000000	1.000000	0.000000
YGR132C	YDR034C	0.190191						0.000000	1.000000	0.000000
YPL052W	YBR066C	0.190191						0.000000	1.000000	0.000000
YLR354C	YBR182C	0.190190						0.000000	-1.000000	0.000000
YML100W	YOL108C	0.190189						0.000000	-1.000000	0.000000
YLR025W	YIL036W	0.190187						0.000000	1.000000	0.000000
YOR043W	YJR127C	0.190184						0.000000	1.000000	0.000000
YDR424C	YCR084C	0.190181						0.000000	-1.000000	0.000000
YML070W	YDR123C	0.190179						0.000000	1.000000	0.000000
YML055W	YBR066C	0.190178						0.000000	1.000000	0.000000
YBR263W	YML081W	0.190177						0.000000	1.000000	0.000000
YBR050C	YOR140W	0.190175						0.000000	-1.000000	0.000000
YGL157W	YOR028C	0.190173						1.000000	1.000000	0.000000
YNL241C	YNL103W	0.190172						0.000000	-1.000000	0.000000
YOR220W	YML007W	0.190170						0.000000	1.000000	0.000000
YPR158W	YDR253C	0.190169						1.000000	-1.000000	0.000000
YGR105W	YDR207C	0.190168						0.000000	1.000000	0.000000
YPL222W	YKL020C	0.190167						0.000000	1.000000	0.000000
YDR329C	YGL209W	0.190167						0.000000	1.000000	0.000000
YPL092W	YDR043C	0.190166	0.000000	0.086045	0.219101	0.117019	0.123564	0.000000	-1.000000	0.000000
YBR001C	YOL108C	0.190166						0.000000	1.000000	0.000000
YMR261C	YHL027W	0.190165						0.000000	-1.000000	0.000000
YER038C	YDL170W	0.190163						0.000000	-1.000000	0.000000
YPL232W	YOR140W	0.190161						0.000000	-1.000000	0.000000
YLR256W	YHL027W	0.190159						0.000000	-1.000000	0.000000
YOL096C	YCR084C	0.190158						0.000000	-1.000000	0.000000
YGR241C	YJR127C	0.190158						0.000000	1.000000	0.000000
YER124C	YIL119C	0.190158						0.000000	1.000000	0.000000
YHR137W	YMR037C	0.190156						1.000000	1.000000	0.000000
YJL014W	YDR520C	0.190155						0.000000	1.000000	0.000000
YBL042C	YBR066C	0.190154						0.000000	1.000000	0.000000
YOR003W	YMR019W	0.190153						0.000000	1.000000	0.000000
YHR071W	YDL170W	0.190151	0.000000	0.085998	0.219101	0.116975	0.123515	0.000000	-1.000000	0.000000
YAL062W	YAL051W	0.190149						0.000000	1.000000	0.000000
YGR254W	YPL202C	0.190146	0.000000	0.085950	0.219101	0.116930	0.123467	0.000000	-1.000000	0.000000
YKR006C	YPR008W	0.190145						0.000000	1.000000	0.000000
YOR185C	YDR207C	0.190140						0.000000	1.000000	0.000000
YDL237W	YMR021C	0.190139						0.000000	1.000000	0.000000
YHR026W	YHL027W	0.190132						0.000000	-1.000000	0.000000
YCL033C	YPL177C	0.190131						0.000000	-1.000000	0.000000
YJR069C	YOR162C	0.190129						0.000000	1.000000	0.000000
YBL056W	YBR066C	0.190128						0.000000	1.000000	0.000000
YHR057C	YCR084C	0.190127						0.000000	-1.000000	0.000000
YBR087W	YPR009W	0.190123						0.000000	1.000000	0.000000
YMR215W	YGL209W	0.190121						0.000000	1.000000	0.000000
YLR107W	YBR066C	0.190120						0.000000	1.000000	0.000000
YPL198W	YLR098C	0.190118	0.000000	0.085903	0.219101	0.116886	0.123418	0.000000	-1.000000	0.000000
YIR022W	YFL031W	0.190116						0.000000	1.000000	0.000000
YIR031C	YML099C	0.190115	0.000000	0.085856	0.219101	0.116842	0.123369	0.000000	1.000000	0.000000
YDR471W	YOR363C	0.190107	0.000000	0.085809	0.219101	0.116798	0.123320	0.000000	1.000000	0.000000
YMR174C	YOR140W	0.190107						0.000000	-1.000000	0.000000
YLR262C-A	YBR239C	0.190105						0.000000	-1.000000	0.000000
YLR204W	YGL073W	0.190102						0.000000	1.000000	0.000000
YLR097C	YPR008W	0.190101						0.000000	1.000000	0.000000
YOL111C	YDR207C	0.190099						0.000000	1.000000	0.000000
YNL066W	YOR230W	0.190097						0.000000	1.000000	0.000000
YEL038W	YKL032C	0.190094						0.000000	1.000000	0.000000
YNL098C	YPR008W	0.190092						0.000000	1.000000	0.000000
YKR001C	YKL032C	0.190090						0.000000	1.000000	0.000000
YOR045W	YBL021C	0.190090						0.000000	-1.000000	0.000000
YJL109C	YPR009W	0.190088						0.000000	1.000000	0.000000
YOR239W	YKL185W	0.190088						0.000000	1.000000	0.000000
YNL244C	YLR176C	0.190087						0.000000	-1.000000	0.000000
YMR286W	YOL067C	0.190087						0.000000	1.000000	0.000000
YKR081C	YML081W	0.190086						0.000000	1.000000	0.000000
YKR065C	YOL108C	0.190086						0.000000	1.000000	0.000000
YBR183W	YGL209W	0.190086	0.000000	0.085761	0.219101	0.116754	0.123271	0.000000	1.000000	0.000000
YPR058W	YML099C	0.190084	0.000000	0.085714	0.219101	0.116710	0.123223	0.000000	1.000000	0.000000
YDL008W	YER088C	0.190083						0.000000	1.000000	0.000000
YNR067C	YDR174W	0.190083						0.000000	1.000000	0.000000
YDL229W	YIL101C	0.190080						0.000000	-1.000000	0.000000
YNL147W	YJR127C	0.190077						0.000000	1.000000	0.000000
YGR055W	YML081W	0.190076						0.000000	1.000000	0.000000
YFL028C	YMR070W	0.190075						0.000000	1.000000	0.000000
YNL251C	YPL230W	0.190074						0.000000	1.000000	0.000000
YDR382W	YBR049C	0.190069						0.000000	1.000000	0.000000
YBR151W	YDR174W	0.190066						0.000000	1.000000	0.000000
YLR439W	YCR084C	0.190066						0.000000	-1.000000	0.000000
YGR234W	YMR021C	0.190065						0.000000	1.000000	0.000000
YER048W-A	YDR174W	0.190064						0.000000	1.000000	0.000000
YOR286W	YLR451W	0.190064						0.000000	-1.000000	0.000000
YMR189W	YHL027W	0.190062	0.000000	0.085667	0.219101	0.116666	0.123174	0.000000	-1.000000	0.000000
YHL011C	YBL005W	0.190058						0.000000	1.000000	0.000000
YDL191W	YLR131C	0.190058						0.000000	1.000000	0.000000
YPR082C	YMR019W	0.190055						0.000000	1.000000	0.000000
YKL058W	YDR174W	0.190052						0.000000	1.000000	0.000000
YML094W	YML081W	0.190050						0.000000	1.000000	0.000000
YOR043W	YDL048C	0.190048						0.000000	1.000000	0.000000
YNL239W	YPL177C	0.190048						0.000000	-1.000000	0.000000
YLR027C	YDR207C	0.190044	0.000000	0.085620	0.219101	0.116622	0.123125	0.000000	1.000000	0.000000
YHR052W	YBR240C	0.190042						0.000000	-1.000000	0.000000
YDR202C	YLR256W	0.190042						0.000000	-1.000000	0.000000
YIL075C	YPL230W	0.190041						0.000000	1.000000	0.000000
YDR196C	YGL073W	0.190037						0.000000	1.000000	0.000000
YHR147C	YHL009C	0.190036						0.000000	1.000000	0.000000
YGL020C	YPR009W	0.190033						0.000000	1.000000	0.000000
YFL044C	YDR207C	0.190030						0.000000	1.000000	0.000000
YMR311C	YJL056C	0.190027						0.000000	1.000000	0.000000
YPL050C	YML081W	0.190027						0.000000	1.000000	0.000000
YIL142W	YLR176C	0.190027						0.000000	-1.000000	0.000000
YGL186C	YJR127C	0.190027						0.000000	1.000000	0.000000
YOR130C	YMR070W	0.190026						0.000000	1.000000	0.000000
YOR224C	YKR099W	0.190025						0.000000	-1.000000	0.000000
YPL090C	YOR363C	0.190025						0.000000	1.000000	0.000000
YBR123C	YPR008W	0.190023						0.000000	1.000000	0.000000
YHR051W	YOR028C	0.190021	0.000000	0.085573	0.219101	0.116578	0.123077	0.000000	1.000000	0.000000
YOR123C	YJR127C	0.190019						0.000000	1.000000	0.000000
YLR459W	YIL119C	0.190019						0.000000	1.000000	0.000000
YNL259C	YCR084C	0.190018						0.000000	-1.000000	0.000000
YDR385W	YPR199C	0.190018						0.000000	-1.000000	0.000000
YGL077C	YGL209W	0.190018						0.000000	1.000000	0.000000
YPL265W	YKL032C	0.190015	0.000000	0.085526	0.219101	0.116534	0.123028	0.000000	1.000000	0.000000
YPL037C	YLR176C	0.190015						0.000000	-1.000000	0.000000
YHR071W	YHL027W	0.190014	0.000000	0.085479	0.219101	0.116490	0.122980	0.000000	-1.000000	0.000000
YBR155W	YML081W	0.190009						0.000000	1.000000	0.000000
YCR082W	YHL009C	0.190009						0.000000	1.000000	0.000000
YNL168C	YDL170W	0.190004						0.000000	-1.000000	0.000000
YLR203C	YCR084C	0.190002						0.000000	-1.000000	0.000000
YGR186W	YHL009C	0.190002						0.000000	1.000000	0.000000
YOR264W	YPR009W	0.189999						0.000000	1.000000	0.000000
YKL056C	YPL248C	0.189998						0.000000	-1.000000	0.000000
YOR150W	YGL096W	0.189997						0.000000	1.000000	0.000000
YBR158W	YIR033W	0.189997						0.000000	1.000000	0.000000
YLR153C	YPR008W	0.189997						0.000000	1.000000	0.000000
YPR030W	YGL071W	0.189993						0.000000	1.000000	0.000000
YHR019C	YMR042W	0.189991	0.000000	0.085433	0.219101	0.116447	0.122931	0.000000	-1.000000	0.000000
YOR003W	YIL119C	0.189988						0.000000	1.000000	0.000000
YEL002C	YDR207C	0.189980						0.000000	1.000000	0.000000
YNL024C-A	YPR008W	0.189979						0.000000	1.000000	0.000000
YJL184W	YLR013W	0.189976						0.000000	1.000000	0.000000
YFL022C	YKL038W	0.189975	0.000000	0.085386	0.219101	0.116403	0.122883	0.000000	1.000000	0.000000
YMR261C	YKL032C	0.189975						0.000000	1.000000	0.000000
YNL307C	YDL048C	0.189970						0.000000	1.000000	0.000000
YLR371W	YML081W	0.189967						0.000000	1.000000	0.000000
YLR178C	YCR084C	0.189966						0.000000	-1.000000	0.000000
YMR152W	YPL202C	0.189964						0.000000	-1.000000	0.000000
YOL030W	YER088C	0.189964						0.000000	1.000000	0.000000
YHR089C	YOR363C	0.189962						0.000000	1.000000	0.000000
YMR200W	YIL119C	0.189961						0.000000	1.000000	0.000000
YPL265W	YOR230W	0.189960						0.000000	1.000000	0.000000
YDR498C	YML081W	0.189959						0.000000	1.000000	0.000000
YJR133W	YDR034C	0.189959						0.000000	1.000000	0.000000
YKL058W	YMR019W	0.189957						0.000000	1.000000	0.000000
YIL064W	YBR240C	0.189955						0.000000	-1.000000	0.000000
YDR322W	YML007W	0.189953						0.000000	1.000000	0.000000
YLR218C	YDL170W	0.189951						0.000000	-1.000000	0.000000
YER124C	YDR034C	0.189948						0.000000	1.000000	0.000000
YGL226C-A	YDR421W	0.189948						0.000000	1.000000	0.000000
YOL103W	YPR008W	0.189947						0.000000	1.000000	0.000000
YNL314W	YJR127C	0.189944						0.000000	1.000000	0.000000
YCL034W	YGL096W	0.189942						0.000000	1.000000	0.000000
YER036C	YPR104C	0.189942						0.000000	1.000000	0.000000
YPL266W	YDR123C	0.189935						0.000000	-1.000000	0.000000
YOL083W	YLR256W	0.189933						0.000000	-1.000000	0.000000
YKL143W	YOR363C	0.189932						0.000000	1.000000	0.000000
YIL106W	YPR008W	0.189931						0.000000	1.000000	0.000000
YLR304C	YLR014C	0.189930						0.000000	1.000000	0.000000
YGR037C	YDR174W	0.189930						0.000000	1.000000	0.000000
YOR086C	YOL108C	0.189929						0.000000	1.000000	0.000000
YBR143C	YDR423C	0.189929						0.000000	-1.000000	0.000000
YMR184W	YPL230W	0.189929						0.000000	1.000000	0.000000
YNL113W	YMR042W	0.189927						0.000000	-1.000000	0.000000
YOL030W	YPR009W	0.189926						0.000000	1.000000	0.000000
YER007C-A	YOL028C	0.189926						0.000000	1.000000	0.000000
YDL182W	YBL021C	0.189925						0.000000	-1.000000	0.000000
YHR056C	YGL071W	0.189924						0.000000	1.000000	0.000000
YNL248C	YPR199C	0.189922						0.000000	-1.000000	0.000000
YPR118W	YDR520C	0.189921						0.000000	1.000000	0.000000
YGR055W	YML099C	0.189920	0.000000	0.085339	0.219101	0.116359	0.122835	0.000000	-1.000000	0.000000
YLR447C	YMR070W	0.189918	0.000000	0.085293	0.219101	0.116315	0.122786	0.000000	1.000000	0.000000
YKL016C	YER184C	0.189915						0.000000	1.000000	0.000000
YGR284C	YOL108C	0.189914						0.000000	1.000000	0.000000
YKL035W	YLR451W	0.189913						0.000000	-1.000000	0.000000
YDL128W	YKL020C	0.189908						0.000000	1.000000	0.000000
YCL005W-A	YDR207C	0.189904						0.000000	1.000000	0.000000
YPL123C	YPL177C	0.189904						0.000000	-1.000000	0.000000
YHR026W	YDR174W	0.189903						0.000000	1.000000	0.000000
YEL052W	YML007W	0.189902						0.000000	1.000000	0.000000
YBL002W	YIR017C	0.189901						0.000000	-1.000000	0.000000
YDR044W	YPR009W	0.189897						0.000000	1.000000	0.000000
YNL284C	YDL048C	0.189896						0.000000	1.000000	0.000000
YNL239W	YOL108C	0.189895						0.000000	-1.000000	0.000000
YFL022C	YDR253C	0.189895	0.000000	0.085246	0.219101	0.116272	0.122738	0.000000	-1.000000	0.000000
YLR438W	YDR421W	0.189891						0.000000	1.000000	0.000000
YOR075W	YML081W	0.189891						0.000000	1.000000	0.000000
YPR025C	YGL209W	0.189890						0.000000	1.000000	0.000000
YAL054C	YOR140W	0.189890						0.000000	1.000000	0.000000
YPL265W	YDR421W	0.189890	0.000000	0.085199	0.219101	0.116228	0.122690	0.000000	1.000000	0.000000
YML129C	YPR008W	0.189889						0.000000	1.000000	0.000000
YER175C	YIL131C	0.189888						1.000000	-1.000000	0.000000
YBL091C	YDR207C	0.189888						0.000000	1.000000	0.000000
YEL066W	YDR421W	0.189888						0.000000	1.000000	0.000000
YDR408C	YDR174W	0.189884						0.000000	1.000000	0.000000
YMR238W	YKL185W	0.189881						0.000000	1.000000	0.000000
YBL087C	YNL027W	0.189880	0.000000	0.085153	0.219101	0.116184	0.122642	0.000000	-1.000000	0.000000
YIL158W	YDR043C	0.189879						0.000000	1.000000	0.000000
YKL053C-A	YGL096W	0.189878						0.000000	1.000000	0.000000
YOR222W	YIL119C	0.189878						0.000000	1.000000	0.000000
YDR329C	YJR127C	0.189874						0.000000	1.000000	0.000000
YKL119C	YJR127C	0.189872						0.000000	1.000000	0.000000
YBR043C	YPR008W	0.189871						0.000000	1.000000	0.000000
YML041C	YBR066C	0.189870						0.000000	1.000000	0.000000
YJL184W	YHL009C	0.189868						0.000000	1.000000	0.000000
YJL034W	YBR066C	0.189866						0.000000	1.000000	0.000000
YOR253W	YBR049C	0.189864						0.000000	1.000000	0.000000
YBR282W	YER088C	0.189863						0.000000	1.000000	0.000000
YIR030C	YDL170W	0.189863						0.000000	-1.000000	0.000000
YAL034C	YKL015W	0.189861						0.000000	1.000000	0.000000
YGL196W	YKR034W	0.189860						0.000000	1.000000	0.000000
YDR335W	YML081W	0.189859						0.000000	1.000000	0.000000
YOL133W	YPR009W	0.189855						0.000000	1.000000	0.000000
YHR123W	YER088C	0.189855						0.000000	1.000000	0.000000
YGL040C	YPL133C	0.189854						0.000000	1.000000	0.000000
YGL187C	YIL119C	0.189852						0.000000	1.000000	0.000000
YPR067W	YGL237C	0.189851						0.000000	1.000000	0.000000
YKR057W	YHR124W	0.189849						0.000000	1.000000	0.000000
YMR290C	YBR240C	0.189842						0.000000	-1.000000	0.000000
YJR014W	YLR013W	0.189841						0.000000	1.000000	0.000000
YMR120C	YDL048C	0.189840						0.000000	1.000000	0.000000
YLR259C	YPR008W	0.189840						0.000000	1.000000	0.000000
YPR176C	YER088C	0.189839						0.000000	1.000000	0.000000
YFL018C	YPL177C	0.189838	0.000000	0.085106	0.219101	0.116141	0.122593	0.000000	-1.000000	0.000000
YER126C	YPL089C	0.189837						0.000000	-1.000000	0.000000
YAL012W	YOL089C	0.189835						0.000000	1.000000	0.000000
YBR164C	YMR070W	0.189832						0.000000	1.000000	0.000000
YER165W	YML081W	0.189830						0.000000	1.000000	0.000000
YFR030W	YIL036W	0.189829						0.000000	-1.000000	0.000000
YFL038C	YGL096W	0.189829						0.000000	1.000000	0.000000
YOR057W	YBR066C	0.189826						0.000000	1.000000	0.000000
YOR085W	YOR032C	0.189826						0.000000	1.000000	0.000000
YDR190C	YDR043C	0.189824						0.000000	1.000000	0.000000
YDR339C	YDR253C	0.189823						0.000000	-1.000000	0.000000
YLL039C	YOR140W	0.189823						0.000000	-1.000000	0.000000
YDL103C	YBR066C	0.189822						0.000000	1.000000	0.000000
YDL201W	YBL103C	0.189819						0.000000	-1.000000	0.000000
YLR214W	YNL103W	0.189815						0.000000	-1.000000	0.000000
YOR092W	YPR008W	0.189814						0.000000	1.000000	0.000000
YLL014W	YMR043W	0.189814						0.000000	-1.000000	0.000000
YPR113W	YDR207C	0.189807						0.000000	1.000000	0.000000
YIR031C	YJR127C	0.189805						0.000000	1.000000	0.000000
YLL001W	YIR023W	0.189805						0.000000	1.000000	0.000000
YLR021W	YIL119C	0.189801						0.000000	1.000000	0.000000
YLL040C	YOL108C	0.189800						0.000000	1.000000	0.000000
YNL130C	YDR259C	0.189798						0.000000	1.000000	0.000000
YNL239W	YNL103W	0.189797						0.000000	-1.000000	0.000000
YGR256W	YLR256W	0.189797						0.000000	-1.000000	0.000000
YDR012W	YDR253C	0.189796						0.000000	-1.000000	0.000000
YGL238W	YIL119C	0.189795						0.000000	1.000000	0.000000
YLR175W	YPR199C	0.189794						0.000000	-1.000000	0.000000
YDR347W	YML081W	0.189792						0.000000	1.000000	0.000000
YFL044C	YDR463W	0.189791						0.000000	-1.000000	0.000000
YOR145C	YBL005W	0.189790						0.000000	1.000000	0.000000
YDL232W	YDR123C	0.189790						0.000000	1.000000	0.000000
YMR193W	YHR084W	0.189790						0.000000	1.000000	0.000000
YKL125W	YBR066C	0.189788						0.000000	1.000000	0.000000
YML098W	YDR034C	0.189787						0.000000	1.000000	0.000000
YPL158C	YBR066C	0.189787						0.000000	1.000000	0.000000
YBR115C	YER088C	0.189786						0.000000	1.000000	0.000000
YAL049C	YDR207C	0.189786						0.000000	1.000000	0.000000
YDR170C	YER088C	0.189785						0.000000	1.000000	0.000000
YIL109C	YPL202C	0.189785						0.000000	-1.000000	0.000000
YJL210W	YGL013C	0.189784						0.000000	1.000000	0.000000
YDR427W	YPL202C	0.189782	0.000000	0.085060	0.219101	0.116097	0.122545	0.000000	-1.000000	0.000000
YGL068W	YCR084C	0.189781						0.000000	-1.000000	0.000000
YPR188C	YMR019W	0.189781						0.000000	1.000000	0.000000
YPL006W	YDR207C	0.189780						0.000000	1.000000	0.000000
YER048W-A	YHL027W	0.189779						0.000000	-1.000000	0.000000
YPL118W	YPL230W	0.189778						0.000000	1.000000	0.000000
YLR258W	YDR123C	0.189774	0.000000	0.085014	0.219101	0.116054	0.122497	0.000000	1.000000	0.000000
YBR048W	YHR124W	0.189774						0.000000	1.000000	0.000000
YGR203W	YOR140W	0.189772						0.000000	-1.000000	0.000000
YMR235C	YDR520C	0.189770						0.000000	1.000000	0.000000
YML121W	YPR008W	0.189768						0.000000	1.000000	0.000000
YBR214W	YER088C	0.189763						0.000000	1.000000	0.000000
YJR118C	YKL185W	0.189760						0.000000	1.000000	0.000000
YKR043C	YKL112W	0.189760						0.000000	1.000000	0.000000
YNR036C	YOR140W	0.189760						0.000000	-1.000000	0.000000
YDR212W	YDR520C	0.189760						0.000000	1.000000	0.000000
YDR452W	YNL103W	0.189759						0.000000	-1.000000	0.000000
YEL020W-A	YBL021C	0.189757						0.000000	-1.000000	0.000000
YGR105W	YJL089W	0.189756						0.000000	1.000000	0.000000
YML026C	YBL005W	0.189756	0.000000	0.084967	0.219101	0.116010	0.122449	0.000000	1.000000	0.000000
YGR038W	YIR033W	0.189753						0.000000	1.000000	0.000000
YML092C	YBL021C	0.189753	0.000000	0.084921	0.219101	0.115967	0.122401	0.000000	-1.000000	0.000000
YPL098C	YMR019W	0.189751						0.000000	1.000000	0.000000
YMR208W	YLR228C	0.189750						0.000000	1.000000	0.000000
YDR153C	YGL209W	0.189749						0.000000	1.000000	0.000000
YGL111W	YML081W	0.189748						0.000000	1.000000	0.000000
YMR180C	YML081W	0.189747						0.000000	1.000000	0.000000
YFR052W	YGL013C	0.189746						0.000000	1.000000	0.000000
YNL209W	YLR098C	0.189746						0.000000	-1.000000	0.000000
YGL195W	YPR009W	0.189745						0.000000	1.000000	0.000000
YBL042C	YGL209W	0.189745						0.000000	1.000000	0.000000
YLR268W	YDL170W	0.189742	0.000000	0.084875	0.219101	0.115923	0.122353	0.000000	-1.000000	0.000000
YOL077W-A	YOL067C	0.189740						0.000000	1.000000	0.000000
YOR099W	YKL185W	0.189738						0.000000	1.000000	0.000000
YNL041C	YBR066C	0.189736						0.000000	1.000000	0.000000
YJR135W-A	YLR451W	0.189735						0.000000	-1.000000	0.000000
YKL154W	YML081W	0.189735						0.000000	1.000000	0.000000
YPL183W-A	YIR023W	0.189731						0.000000	1.000000	0.000000
YDR190C	YKR099W	0.189731						0.000000	-1.000000	0.000000
YMR038C	YDR421W	0.189731	0.000000	0.084829	0.219101	0.115880	0.122305	0.000000	1.000000	0.000000
YLL050C	YDR207C	0.189728						0.000000	1.000000	0.000000
YMR289W	YIL119C	0.189727						0.000000	1.000000	0.000000
YHR132W-A	YDL048C	0.189727						0.000000	1.000000	0.000000
YBR080C	YDR174W	0.189727						0.000000	1.000000	0.000000
YHR052W	YDR253C	0.189726						0.000000	-1.000000	0.000000
YBR212W	YPR008W	0.189725						0.000000	1.000000	0.000000
YIL044C	YML081W	0.189723						0.000000	1.000000	0.000000
YJL036W	YML081W	0.189721						0.000000	1.000000	0.000000
YJR034W	YOR140W	0.189721						0.000000	-1.000000	0.000000
YDR337W	YPR008W	0.189720						0.000000	1.000000	0.000000
YBL091C-A	YLR228C	0.189720						0.000000	1.000000	0.000000
YOL121C	YBR240C	0.189719	0.000000	0.084783	0.219101	0.115836	0.122257	0.000000	1.000000	0.000000
YBR171W	YHR178W	0.189718						0.000000	1.000000	0.000000
YLR048W	YLR098C	0.189716	0.000000	0.084737	0.219101	0.115793	0.122209	0.000000	-1.000000	0.000000
YHR052W	YGR044C	0.189715						0.000000	-1.000000	0.000000
YPR082C	YDR034C	0.189715						0.000000	1.000000	0.000000
YER023W	YHL027W	0.189714						0.000000	-1.000000	0.000000
YLR350W	YKL020C	0.189709						0.000000	1.000000	0.000000
YJL111W	YFR034C	0.189709						0.000000	1.000000	0.000000
YJL053W	YDR174W	0.189704						0.000000	1.000000	0.000000
YHR193C	YBL005W	0.189702						0.000000	1.000000	0.000000
YDR380W	YMR021C	0.189702						0.000000	1.000000	0.000000
YHR066W	YDR423C	0.189701						0.000000	-1.000000	0.000000
YLR330W	YPL202C	0.189698						0.000000	-1.000000	0.000000
YFR002W	YBR066C	0.189696						0.000000	1.000000	0.000000
YHR074W	YMR021C	0.189695						0.000000	1.000000	0.000000
YBR031W	YIR018W	0.189691	0.000000	0.084691	0.219101	0.115750	0.122161	0.000000	1.000000	0.000000
YCR046C	YOL108C	0.189688						0.000000	1.000000	0.000000
YOR130C	YDR259C	0.189687						0.000000	1.000000	0.000000
YHR010W	YDR146C	0.189685	0.000000	0.084645	0.219101	0.115706	0.122114	0.000000	1.000000	0.000000
YMR184W	YJR127C	0.189684						0.000000	1.000000	0.000000
YCR036W	YKR034W	0.189679						0.000000	1.000000	0.000000
YPL160W	YDR423C	0.189678						0.000000	-1.000000	0.000000
YFR047C	YGL073W	0.189678						0.000000	1.000000	0.000000
YDR116C	YJR127C	0.189677						0.000000	1.000000	0.000000
YLR303W	YGL209W	0.189672						0.000000	1.000000	0.000000
YDR385W	YIL036W	0.189671						0.000000	-1.000000	0.000000
YIL050W	YDR081C	0.189671						0.000000	-1.000000	0.000000
YER148W	YBR066C	0.189670						0.000000	1.000000	0.000000
YIR006C	YKR034W	0.189670						0.000000	1.000000	0.000000
YOR209C	YBR066C	0.189670						0.000000	1.000000	0.000000
YHR208W	YBR239C	0.189668						0.000000	1.000000	0.000000
YGL002W	YER088C	0.189663						0.000000	1.000000	0.000000
YGL038C	YDR034C	0.189661						0.000000	1.000000	0.000000
YOR043W	YPR008W	0.189660						0.000000	1.000000	0.000000
YLR203C	YKL185W	0.189660						0.000000	-1.000000	0.000000
YPL220W	YPR199C	0.189658						0.000000	-1.000000	0.000000
YLR286C	YDR034C	0.189657						0.000000	1.000000	0.000000
YBR115C	YIL119C	0.189656						0.000000	1.000000	0.000000
YMR217W	YIL101C	0.189655						0.000000	-1.000000	0.000000
YBL038W	YDR081C	0.189651						0.000000	-1.000000	0.000000
YBL011W	YPR008W	0.189649						0.000000	1.000000	0.000000
YER126C	YPR199C	0.189649						0.000000	-1.000000	0.000000
YBL058W	YLR176C	0.189647						0.000000	-1.000000	0.000000
YKL137W	YML081W	0.189645						0.000000	1.000000	0.000000
YKL218C	YPR008W	0.189644						0.000000	1.000000	0.000000
YLR292C	YMR042W	0.189643						0.000000	-1.000000	0.000000
YOR155C	YDR174W	0.189642						0.000000	1.000000	0.000000
YKL126W	YKL020C	0.189641						0.000000	1.000000	0.000000
YIL063C	YDL048C	0.189640						0.000000	1.000000	0.000000
YJR010W	YKL062W	0.189638						1.000000	1.000000	0.000000
YML067C	YDL048C	0.189636						0.000000	1.000000	0.000000
YOR193W	YML081W	0.189636						0.000000	1.000000	0.000000
YKL180W	YBL005W	0.189635	0.000000	0.084599	0.219101	0.115663	0.122066	0.000000	1.000000	0.000000
YEL034W	YNL314W	0.189631						0.000000	1.000000	0.000000
YJR077C	YPL133C	0.189631						0.000000	1.000000	0.000000
YDR242W	YBR083W	0.189629						0.000000	1.000000	0.000000
YFR004W	YBL021C	0.189628	0.000000	0.084553	0.219101	0.115620	0.122018	0.000000	-1.000000	0.000000
YBR058C-A	YPR009W	0.189628						0.000000	1.000000	0.000000
YBR162C	YPR009W	0.189627						0.000000	1.000000	0.000000
YGL054C	YDR034C	0.189626						0.000000	1.000000	0.000000
YCR071C	YOR028C	0.189625						0.000000	1.000000	0.000000
YPR166C	YGL096W	0.189624						0.000000	1.000000	0.000000
YPL231W	YKL032C	0.189623						0.000000	1.000000	0.000000
YKL126W	YKR034W	0.189621						0.000000	1.000000	0.000000
YBR218C	YGL166W	0.189621	0.000000	0.084507	0.219101	0.115577	0.121970	0.000000	1.000000	0.000000
YNL156C	YOL108C	0.189620						0.000000	1.000000	0.000000
YDL064W	YHL009C	0.189620						0.000000	1.000000	0.000000
YBL076C	YPL248C	0.189619						0.000000	-1.000000	0.000000
YKL181W	YOR363C	0.189618						0.000000	1.000000	0.000000
YDR452W	YGL013C	0.189615						0.000000	1.000000	0.000000
YGL253W	YNL199C	0.189615						0.000000	-1.000000	0.000000
YOL005C	YBR066C	0.189615						0.000000	1.000000	0.000000
YOL097C	YPR009W	0.189615						0.000000	1.000000	0.000000
YHR009C	YKL020C	0.189615						0.000000	1.000000	0.000000
YPR035W	YDR034C	0.189614						0.000000	1.000000	0.000000
YNL255C	YJL089W	0.189614						0.000000	1.000000	0.000000
YDL207W	YML081W	0.189610						0.000000	1.000000	0.000000
YMR307W	YIR017C	0.189606						0.000000	1.000000	0.000000
YBR079C	YML099C	0.189603						0.000000	-1.000000	0.000000
YFL037W	YIL119C	0.189600						0.000000	1.000000	0.000000
YAL061W	YKL020C	0.189598						0.000000	1.000000	0.000000
YDR475C	YPR009W	0.189598						0.000000	1.000000	0.000000
YLL001W	YNL216W	0.189597						1.000000	-1.000000	0.000000
YJL130C	YPR009W	0.189593						0.000000	1.000000	0.000000
YPR074C	YPL248C	0.189590						0.000000	-1.000000	0.000000
YCL035C	YGL073W	0.189590						0.000000	1.000000	0.000000
YML067C	YJR127C	0.189590						0.000000	1.000000	0.000000
YMR197C	YDR207C	0.189586						0.000000	1.000000	0.000000
YOR367W	YMR021C	0.189583	0.000000	0.084461	0.219101	0.115534	0.121923	0.000000	1.000000	0.000000
YPL048W	YPR008W	0.189583						0.000000	1.000000	0.000000
YPL123C	YKL020C	0.189582						0.000000	1.000000	0.000000
YDR316W	YPR008W	0.189580						0.000000	1.000000	0.000000
YBR162C	YHR084W	0.189578						1.000000	1.000000	0.000000
YGL248W	YML027W	0.189577						0.000000	1.000000	0.000000
YEL011W	YLR256W	0.189576						0.000000	-1.000000	0.000000
YLR064W	YPR009W	0.189576						0.000000	1.000000	0.000000
YJL111W	YKR099W	0.189574						0.000000	-1.000000	0.000000
YNL294C	YGL166W	0.189574						0.000000	1.000000	0.000000
YGL186C	YPR008W	0.189573						0.000000	1.000000	0.000000
YLR351C	YHL009C	0.189572						0.000000	1.000000	0.000000
YDL229W	YBL005W	0.189570						0.000000	1.000000	0.000000
YBR199W	YPL230W	0.189567						0.000000	1.000000	0.000000
YBL064C	YML007W	0.189565						0.000000	1.000000	0.000000
YGR262C	YML081W	0.189565						0.000000	1.000000	0.000000
YPL117C	YBR066C	0.189564						0.000000	1.000000	0.000000
YKL043W	YAL051W	0.189562	0.000000	0.084416	0.219101	0.115491	0.121875	0.000000	1.000000	0.000000
YJL101C	YMR037C	0.189558						1.000000	-1.000000	0.000000
YJL210W	YER088C	0.189557						0.000000	1.000000	0.000000
YDL237W	YER088C	0.189553						0.000000	1.000000	0.000000
YBR149W	YER088C	0.189551						0.000000	1.000000	0.000000
YFR024C-A	YDR174W	0.189550						0.000000	1.000000	0.000000
YOR016C	YML081W	0.189548						0.000000	1.000000	0.000000
YDR019C	YGL209W	0.189546						0.000000	1.000000	0.000000
YMR234W	YML081W	0.189541						0.000000	1.000000	0.000000
YER175C	YBR083W	0.189538						0.000000	1.000000	0.000000
YNL183C	YDL048C	0.189538						0.000000	1.000000	0.000000
YLR028C	YDR034C	0.189538						0.000000	1.000000	0.000000
YKL003C	YIL036W	0.189537						0.000000	1.000000	0.000000
YOR089C	YDL048C	0.189535						0.000000	1.000000	0.000000
YFR033C	YJL056C	0.189534	0.000000	0.084370	0.219101	0.115447	0.121827	0.000000	1.000000	0.000000
YLR026C	YML081W	0.189534						0.000000	1.000000	0.000000
YJR008W	YKL015W	0.189531						0.000000	1.000000	0.000000
YPR058W	YKR034W	0.189528						0.000000	1.000000	0.000000
YDR153C	YKL020C	0.189525						0.000000	1.000000	0.000000
YNL209W	YMR042W	0.189524						0.000000	-1.000000	0.000000
YLR043C	YBL021C	0.189523						0.000000	-1.000000	0.000000
YDL078C	YER088C	0.189523						0.000000	1.000000	0.000000
YJR073C	YER088C	0.189522						0.000000	1.000000	0.000000
YBL101C	YJR127C	0.189521						0.000000	1.000000	0.000000
YPL271W	YPL177C	0.189518						0.000000	-1.000000	0.000000
YPR067W	YPL202C	0.189517						0.000000	-1.000000	0.000000
YNL125C	YKL020C	0.189515						0.000000	1.000000	0.000000
YPL048W	YBR066C	0.189514						0.000000	1.000000	0.000000
YBR169C	YER088C	0.189512						0.000000	1.000000	0.000000
YHR143W	YDR034C	0.189512						0.000000	1.000000	0.000000
YJR143C	YMR164C	0.189511						0.000000	-1.000000	0.000000
YDL136W	YLR098C	0.189511	0.000000	0.084324	0.219101	0.115404	0.121780	0.000000	-1.000000	0.000000
YPR158W	YDR310C	0.189510						0.000000	1.000000	0.000000
YOL002C	YPR008W	0.189508						0.000000	1.000000	0.000000
YKL007W	YEL009C	0.189507						0.000000	1.000000	0.000000
YBR109C	YIL119C	0.189505						0.000000	1.000000	0.000000
YLR438C-A	YBL021C	0.189503						0.000000	-1.000000	0.000000
YOR089C	YGL209W	0.189502						0.000000	1.000000	0.000000
YDL185W	YHL027W	0.189502						0.000000	-1.000000	0.000000
YGL228W	YJR127C	0.189497						0.000000	1.000000	0.000000
YGL077C	YER088C	0.189496						0.000000	1.000000	0.000000
YOL041C	YDR253C	0.189494						0.000000	-1.000000	0.000000
YNL113W	YBR239C	0.189494						0.000000	-1.000000	0.000000
YBL040C	YMR021C	0.189492						0.000000	1.000000	0.000000
YML129C	YOR140W	0.189492						0.000000	-1.000000	0.000000
YBR093C	YML081W	0.189492						0.000000	1.000000	0.000000
YOR215C	YGL013C	0.189490						0.000000	1.000000	0.000000
YGL008C	YKR099W	0.189490						0.000000	1.000000	0.000000
YOR294W	YIR023W	0.189489						0.000000	-1.000000	0.000000
YIL040W	YPR009W	0.189488						0.000000	1.000000	0.000000
YGR231C	YPL202C	0.189481						0.000000	-1.000000	0.000000
YHR001W	YJL056C	0.189481						0.000000	1.000000	0.000000
YIL145C	YJR147W	0.189480						0.000000	1.000000	0.000000
YPR010C	YPR199C	0.189480						0.000000	-1.000000	0.000000
YPR131C	YIL119C	0.189479						0.000000	1.000000	0.000000
YOR004W	YBR240C	0.189475						0.000000	-1.000000	0.000000
YPR002W	YJL056C	0.189475						0.000000	1.000000	0.000000
YMR120C	YIL036W	0.189474						0.000000	-1.000000	0.000000
YKL218C	YKL032C	0.189474						0.000000	1.000000	0.000000
YHR104W	YCR084C	0.189473						0.000000	-1.000000	0.000000
YNL137C	YPR008W	0.189472						0.000000	1.000000	0.000000
YDR377W	YOR028C	0.189471						0.000000	-1.000000	0.000000
YKR006C	YER088C	0.189471						0.000000	1.000000	0.000000
YKL144C	YPR009W	0.189470						0.000000	1.000000	0.000000
YDR178W	YOR140W	0.189469						0.000000	-1.000000	0.000000
YGR132C	YIL119C	0.189469						0.000000	1.000000	0.000000
YKL024C	YPL230W	0.189467						0.000000	1.000000	0.000000
YNR043W	YPL133C	0.189465						0.000000	-1.000000	0.000000
YHR057C	YPL202C	0.189464						0.000000	-1.000000	0.000000
YDL070W	YGL209W	0.189462						0.000000	1.000000	0.000000
YGR055W	YIR033W	0.189462	0.000000	0.084279	0.219101	0.115361	0.121732	0.000000	-1.000000	0.000000
YFR050C	YLR176C	0.189461	0.000000	0.084233	0.219101	0.115318	0.121685	0.000000	-1.000000	0.000000
YJL053W	YER088C	0.189461						0.000000	1.000000	0.000000
YKL128C	YDR520C	0.189460						0.000000	1.000000	0.000000
YKL167C	YPL230W	0.189459						0.000000	1.000000	0.000000
YHR195W	YPR008W	0.189459						0.000000	1.000000	0.000000
YER048W-A	YBR066C	0.189458						0.000000	1.000000	0.000000
YJL121C	YMR042W	0.189458						0.000000	-1.000000	0.000000
YDR308C	YML081W	0.189456						0.000000	1.000000	0.000000
YFL017C	YIL119C	0.189455						0.000000	1.000000	0.000000
YKL013C	YBR066C	0.189454						0.000000	1.000000	0.000000
YNL074C	YJR127C	0.189452						0.000000	1.000000	0.000000
YJL062W-A	YPL202C	0.189450						0.000000	-1.000000	0.000000
YHR147C	YML007W	0.189450						0.000000	1.000000	0.000000
YKL024C	YLR013W	0.189450						0.000000	1.000000	0.000000
YDR044W	YJR127C	0.189445						0.000000	1.000000	0.000000
YOL139C	YBR066C	0.189444						0.000000	1.000000	0.000000
YGR180C	YGL209W	0.189443	0.000000	0.084188	0.219101	0.115275	0.121637	0.000000	1.000000	0.000000
YOR298W	YMR037C	0.189440						1.000000	1.000000	0.000000
YBL078C	YDR034C	0.189439						0.000000	1.000000	0.000000
YGR215W	YJR127C	0.189437						0.000000	1.000000	0.000000
YPL266W	YNL027W	0.189436						0.000000	-1.000000	0.000000
YMR148W	YGL237C	0.189436						0.000000	1.000000	0.000000
YMR286W	YOR140W	0.189435						0.000000	-1.000000	0.000000
YJR143C	YLR013W	0.189435						0.000000	1.000000	0.000000
YMR146C	YBL005W	0.189434						0.000000	1.000000	0.000000
YOR064C	YCR084C	0.189433						0.000000	-1.000000	0.000000
YMR286W	YHL009C	0.189433						0.000000	1.000000	0.000000
YOR323C	YDR174W	0.189433						0.000000	1.000000	0.000000
YFL022C	YPR104C	0.189430	0.000000	0.084142	0.219101	0.115233	0.121590	0.000000	1.000000	0.000000
YOR002W	YJR127C	0.189430						0.000000	1.000000	0.000000
YOR046C	YBR239C	0.189426						0.000000	-1.000000	0.000000
YMR300C	YPR009W	0.189425						0.000000	1.000000	0.000000
YDR087C	YLR098C	0.189424						0.000000	-1.000000	0.000000
YDR019C	YBR066C	0.189423						0.000000	1.000000	0.000000
YAL062W	YOL108C	0.189421						0.000000	1.000000	0.000000
YLR073C	YBR240C	0.189420						0.000000	-1.000000	0.000000
YHR050W	YBR066C	0.189420						0.000000	1.000000	0.000000
YJR143C	YKL043W	0.189418						0.000000	1.000000	0.000000
YOR362C	YHL009C	0.189416						0.000000	1.000000	0.000000
YMR058W	YFL021W	0.189416						0.000000	1.000000	0.000000
YBR077C	YDL170W	0.189416						0.000000	-1.000000	0.000000
YGL225W	YGL209W	0.189416	0.000000	0.084097	0.219101	0.115190	0.121543	0.000000	1.000000	0.000000
YPL004C	YPL230W	0.189415						0.000000	-1.000000	0.000000
YJL062W-A	YER088C	0.189415						0.000000	1.000000	0.000000
YPL090C	YBR239C	0.189413						0.000000	-1.000000	0.000000
YDL208W	YDR146C	0.189412						0.000000	-1.000000	0.000000
YGR264C	YGL209W	0.189412						0.000000	1.000000	0.000000
YMR071C	YGL096W	0.189411						0.000000	1.000000	0.000000
YBR036C	YPL202C	0.189408						0.000000	-1.000000	0.000000
YER178W	YPL202C	0.189405						0.000000	-1.000000	0.000000
YJR051W	YDL048C	0.189405						0.000000	1.000000	0.000000
YLR448W	YOR363C	0.189404						0.000000	1.000000	0.000000
YDL204W	YCR084C	0.189404						0.000000	-1.000000	0.000000
YMR022W	YGL096W	0.189403						0.000000	1.000000	0.000000
YMR079W	YNL167C	0.189401						0.000000	1.000000	0.000000
YOR272W	YML099C	0.189398	0.000000	0.084052	0.219101	0.115147	0.121495	0.000000	-1.000000	0.000000
YGL219C	YKL020C	0.189397						0.000000	1.000000	0.000000
YDR511W	YJL056C	0.189396						0.000000	1.000000	0.000000
YOR340C	YOR363C	0.189395						0.000000	1.000000	0.000000
YDR116C	YPR008W	0.189392						0.000000	1.000000	0.000000
YKL185W	YBR066C	0.189391						0.000000	1.000000	0.000000
YMR123W	YBL005W	0.189389						0.000000	1.000000	0.000000
YPR002W	YIR023W	0.189388						0.000000	1.000000	0.000000
YNL281W	YKR099W	0.189387	0.000000	0.084006	0.219101	0.115104	0.121448	0.000000	-1.000000	0.000000
YOR327C	YCR084C	0.189386						0.000000	-1.000000	0.000000
YFL018C	YPL133C	0.189386						0.000000	-1.000000	0.000000
YKR089C	YOL108C	0.189385						0.000000	1.000000	0.000000
YNL045W	YHL009C	0.189382						0.000000	1.000000	0.000000
YJL161W	YKL020C	0.189381						0.000000	1.000000	0.000000
YIR037W	YPL202C	0.189381						0.000000	-1.000000	0.000000
YFL045C	YDR216W	0.189381						0.000000	-1.000000	0.000000
YJL077C	YDL048C	0.189378						0.000000	1.000000	0.000000
YPL230W	YLR256W	0.189377						0.000000	-1.000000	0.000000
YMR145C	YJL056C	0.189376						0.000000	1.000000	0.000000
YIL056W	YBR066C	0.189375						0.000000	1.000000	0.000000
YFR032C-A	YLR131C	0.189374						0.000000	1.000000	0.000000
YJL143W	YDR421W	0.189372						0.000000	1.000000	0.000000
YPL010W	YLR176C	0.189371						0.000000	-1.000000	0.000000
YDR172W	YDL048C	0.189371						0.000000	1.000000	0.000000
YPL117C	YGL209W	0.189370						0.000000	1.000000	0.000000
YPL220W	YDL048C	0.189367						0.000000	1.000000	0.000000
YKL104C	YDR207C	0.189367						0.000000	1.000000	0.000000
YDL015C	YIL119C	0.189366						0.000000	1.000000	0.000000
YAR018C	YPR009W	0.189366						0.000000	1.000000	0.000000
YHR009C	YML081W	0.189365						0.000000	1.000000	0.000000
YER145C	YMR172W	0.189364						0.000000	-1.000000	0.000000
YLR370C	YBL021C	0.189361						0.000000	-1.000000	0.000000
YLR065C	YHR178W	0.189358						0.000000	1.000000	0.000000
YEL027W	YBR182C	0.189356						0.000000	-1.000000	0.000000
YLR292C	YER088C	0.189354						0.000000	1.000000	0.000000
YMR194W	YNL027W	0.189352						0.000000	-1.000000	0.000000
YHR074W	YNL103W	0.189351						0.000000	-1.000000	0.000000
YPR113W	YPL133C	0.189349						0.000000	-1.000000	0.000000
YMR238W	YKR034W	0.189347						0.000000	1.000000	0.000000
YOL039W	YBR049C	0.189345						0.000000	1.000000	0.000000
YKL058W	YJR127C	0.189343						0.000000	1.000000	0.000000
YOL030W	YGR249W	0.189342						0.000000	-1.000000	0.000000
YGR105W	YCR065W	0.189341						0.000000	1.000000	0.000000
YDR055W	YBR066C	0.189341						0.000000	1.000000	0.000000
YDR404C	YDR034C	0.189340						0.000000	1.000000	0.000000
YBR177C	YPL202C	0.189336						0.000000	-1.000000	0.000000
YDR408C	YGL096W	0.189334						0.000000	1.000000	0.000000
YPR124W	YML081W	0.189334						0.000000	1.000000	0.000000
YJR130C	YGL166W	0.189334						0.000000	1.000000	0.000000
YDR365C	YGR044C	0.189334						0.000000	-1.000000	0.000000
YER080W	YPL202C	0.189333						0.000000	-1.000000	0.000000
YDR167W	YIL119C	0.189333						0.000000	1.000000	0.000000
YGL187C	YOL067C	0.189333						0.000000	-1.000000	0.000000
YDL064W	YDR520C	0.189330						0.000000	1.000000	0.000000
YNL306W	YDR207C	0.189330						0.000000	1.000000	0.000000
YDL135C	YBL021C	0.189330						0.000000	-1.000000	0.000000
YBR199W	YOR230W	0.189328						0.000000	1.000000	0.000000
YML007W	YKL020C	0.189325						0.000000	1.000000	0.000000
YEL066W	YDR463W	0.189325						0.000000	-1.000000	0.000000
YBR121C	YMR042W	0.189323	0.000000	0.083961	0.219101	0.115061	0.121401	0.000000	-1.000000	0.000000
YIL040W	YIL119C	0.189322						0.000000	1.000000	0.000000
YDR148C	YGL237C	0.189321						0.000000	1.000000	0.000000
YGR082W	YBR182C	0.189321						0.000000	-1.000000	0.000000
YDL076C	YER088C	0.189320						0.000000	1.000000	0.000000
YMR157C	YPL202C	0.189320						0.000000	-1.000000	0.000000
YDR404C	YGR044C	0.189316						0.000000	-1.000000	0.000000
YER094C	YMR021C	0.189315	0.000000	0.083916	0.219101	0.115018	0.121354	0.000000	1.000000	0.000000
YNL310C	YER088C	0.189315						0.000000	1.000000	0.000000
YLR387C	YBR066C	0.189314						0.000000	1.000000	0.000000
YBR221C	YGL096W	0.189312						0.000000	1.000000	0.000000
YDR007W	YGL166W	0.189311						0.000000	1.000000	0.000000
YOR267C	YDL048C	0.189311						0.000000	1.000000	0.000000
YNL220W	YDR253C	0.189308						1.000000	-1.000000	0.000000
YAL036C	YBR239C	0.189307						0.000000	-1.000000	0.000000
YER053C	YKL185W	0.189306	0.000000	0.083871	0.219101	0.114976	0.121306	0.000000	-1.000000	0.000000
YDR339C	YMR042W	0.189304						0.000000	-1.000000	0.000000
YOL101C	YLR256W	0.189301						0.000000	-1.000000	0.000000
YOR367W	YDR207C	0.189300	0.000000	0.083826	0.219101	0.114933	0.121259	0.000000	1.000000	0.000000
YPL129W	YML081W	0.189298						0.000000	1.000000	0.000000
YLR003C	YBR239C	0.189295						0.000000	-1.000000	0.000000
YER058W	YEL009C	0.189293						1.000000	1.000000	0.000000
YDL161W	YML081W	0.189291						0.000000	1.000000	0.000000
YDR517W	YDR174W	0.189290						0.000000	1.000000	0.000000
YOR155C	YKR034W	0.189288						0.000000	1.000000	0.000000
YDR188W	YML081W	0.189287						0.000000	1.000000	0.000000
YLR248W	YPL230W	0.189282						0.000000	1.000000	0.000000
YKR034W	YIL119C	0.189281						0.000000	1.000000	0.000000
YDR483W	YGL096W	0.189281						0.000000	1.000000	0.000000
YDR214W	YBR066C	0.189278						0.000000	1.000000	0.000000
YJR074W	YMR021C	0.189278						0.000000	1.000000	0.000000
YMR015C	YIL119C	0.189277						0.000000	1.000000	0.000000
YEL021W	YBR066C	0.189276						0.000000	1.000000	0.000000
YOR317W	YDR034C	0.189274						0.000000	1.000000	0.000000
YOR348C	YIL119C	0.189274						0.000000	1.000000	0.000000
YBR269C	YGL073W	0.189273						0.000000	1.000000	0.000000
YPL003W	YPL202C	0.189273						0.000000	-1.000000	0.000000
YBR111C	YIL119C	0.189272						0.000000	1.000000	0.000000
YGR284C	YPL202C	0.189270						0.000000	-1.000000	0.000000
YJR073C	YJL110C	0.189269						0.000000	-1.000000	0.000000
YAL005C	YCR084C	0.189268						0.000000	-1.000000	0.000000
YIL145C	YMR070W	0.189266						0.000000	1.000000	0.000000
YMR039C	YPR008W	0.189265						0.000000	1.000000	0.000000
YGR063C	YML081W	0.189263						0.000000	1.000000	0.000000
YDL215C	YJL056C	0.189261						0.000000	1.000000	0.000000
YML030W	YGL073W	0.189261						0.000000	1.000000	0.000000
YDL018C	YOR230W	0.189259						0.000000	1.000000	0.000000
YMR258C	YIL119C	0.189258						0.000000	1.000000	0.000000
YJR109C	YDR034C	0.189257						0.000000	1.000000	0.000000
YCL050C	YLR013W	0.189257						0.000000	1.000000	0.000000
YHR121W	YKL038W	0.189257						0.000000	1.000000	0.000000
YDL130W-A	YCR084C	0.189257						0.000000	-1.000000	0.000000
YER055C	YMR043W	0.189257						0.000000	-1.000000	0.000000
YFR031C-A	YDR146C	0.189257	0.000000	0.083781	0.219101	0.114890	0.121212	0.000000	-1.000000	0.000000
YNR067C	YJR127C	0.189255						0.000000	1.000000	0.000000
YGL202W	YLR228C	0.189253						0.000000	1.000000	0.000000
YLR192C	YHL009C	0.189251						0.000000	1.000000	0.000000
YOR048C	YML081W	0.189251						0.000000	1.000000	0.000000
YBR115C	YOR230W	0.189250						0.000000	1.000000	0.000000
YGL225W	YCR065W	0.189248						0.000000	1.000000	0.000000
YFL016C	YMR016C	0.189242	0.000000	0.083736	0.219101	0.114848	0.121165	0.000000	1.000000	0.000000
YNL302C	YIR018W	0.189241	0.000000	0.083691	0.219101	0.114805	0.121118	0.000000	1.000000	0.000000
YNR037C	YPL230W	0.189240						0.000000	1.000000	0.000000
YDL064W	YPL038W	0.189239						0.000000	-1.000000	0.000000
YGR239C	YPR008W	0.189239						0.000000	1.000000	0.000000
YGR097W	YJR127C	0.189238						0.000000	1.000000	0.000000
YDR084C	YNL103W	0.189235						0.000000	-1.000000	0.000000
YDR457W	YMR021C	0.189233						0.000000	1.000000	0.000000
YEL031W	YDR174W	0.189232						0.000000	1.000000	0.000000
YJR069C	YGL035C	0.189229						0.000000	1.000000	0.000000
YLR454W	YML081W	0.189228						0.000000	1.000000	0.000000
YLR247C	YDL048C	0.189228						0.000000	1.000000	0.000000
YER011W	YJR127C	0.189227						0.000000	1.000000	0.000000
YKL096W-A	YBR182C	0.189227						0.000000	1.000000	0.000000
YLR325C	YIL101C	0.189225	0.000000	0.083646	0.219101	0.114762	0.121071	0.000000	1.000000	0.000000
YER020W	YER088C	0.189221						0.000000	1.000000	0.000000
YER056C-A	YBL005W	0.189217						0.000000	1.000000	0.000000
YOR320C	YML081W	0.189214						0.000000	1.000000	0.000000
YKL146W	YCR084C	0.189214						0.000000	-1.000000	0.000000
YLL029W	YCR084C	0.189213						0.000000	-1.000000	0.000000
YOR285W	YOR140W	0.189211						0.000000	-1.000000	0.000000
YFR004W	YER088C	0.189211						0.000000	1.000000	0.000000
YKR081C	YJL110C	0.189211						0.000000	1.000000	0.000000
YBR143C	YOR363C	0.189206						0.000000	1.000000	0.000000
YHR175W	YIR017C	0.189206						0.000000	1.000000	0.000000
YJR116W	YBR066C	0.189205						0.000000	1.000000	0.000000
YMR238W	YDL170W	0.189204						0.000000	-1.000000	0.000000
YJR017C	YOR230W	0.189202						0.000000	1.000000	0.000000
YPR133W-A	YHL009C	0.189199						0.000000	1.000000	0.000000
YAL060W	YLR256W	0.189198	0.000000	0.083601	0.219101	0.114720	0.121024	0.000000	-1.000000	0.000000
YKR071C	YDL048C	0.189198						0.000000	1.000000	0.000000
YBR036C	YER088C	0.189198						0.000000	1.000000	0.000000
YER110C	YBR240C	0.189196						0.000000	-1.000000	0.000000
YBR024W	YGL073W	0.189195						0.000000	1.000000	0.000000
YHR050W	YJR127C	0.189194						0.000000	1.000000	0.000000
YMR145C	YOL067C	0.189193						0.000000	1.000000	0.000000
YJL062W-A	YPR008W	0.189193						0.000000	1.000000	0.000000
YDR046C	YKL032C	0.189189						1.000000	1.000000	0.000000
YGR146C	YML007W	0.189189						0.000000	1.000000	0.000000
YLR113W	YLR013W	0.189188						0.000000	1.000000	0.000000
YER166W	YJR127C	0.189186						0.000000	1.000000	0.000000
YKL094W	YDR174W	0.189184						0.000000	1.000000	0.000000
YDL179W	YML081W	0.189184						0.000000	1.000000	0.000000
YDR530C	YDR207C	0.189184						0.000000	1.000000	0.000000
YMR272C	YGL013C	0.189181						0.000000	1.000000	0.000000
YGR094W	YKL038W	0.189181						0.000000	1.000000	0.000000
YNL310C	YGL096W	0.189180						0.000000	1.000000	0.000000
YBR143C	YDL048C	0.189179						0.000000	1.000000	0.000000
YAR071W	YIL036W	0.189179						0.000000	1.000000	0.000000
YOL052C	YPR009W	0.189177						0.000000	1.000000	0.000000
YIL117C	YBR066C	0.189175						0.000000	1.000000	0.000000
YOR150W	YOR230W	0.189174						0.000000	1.000000	0.000000
YGL011C	YGL096W	0.189173						0.000000	1.000000	0.000000
YHR183W	YDR174W	0.189171						0.000000	-1.000000	0.000000
YPR004C	YPR009W	0.189171						0.000000	1.000000	0.000000
YLR432W	YPR199C	0.189169						0.000000	-1.000000	0.000000
YFR024C-A	YGL166W	0.189169						0.000000	1.000000	0.000000
YNL004W	YGL013C	0.189168						0.000000	1.000000	0.000000
YLR412W	YIL119C	0.189168						0.000000	1.000000	0.000000
YJL053W	YBR066C	0.189167						0.000000	1.000000	0.000000
YML126C	YGL166W	0.189166	0.000000	0.083557	0.219101	0.114677	0.120977	0.000000	1.000000	0.000000
YJL053W	YDR034C	0.189165						0.000000	1.000000	0.000000
YOR115C	YML081W	0.189164						0.000000	1.000000	0.000000
YHR063C	YKR099W	0.189163						0.000000	1.000000	0.000000
YJL205C	YOR140W	0.189163						0.000000	-1.000000	0.000000
YKL146W	YDL048C	0.189162						0.000000	1.000000	0.000000
YPL078C	YOR140W	0.189161						0.000000	-1.000000	0.000000
YIL112W	YIL119C	0.189159						0.000000	1.000000	0.000000
YOL041C	YOR358W	0.189158						0.000000	-1.000000	0.000000
YGR295C	YBR066C	0.189157						0.000000	1.000000	0.000000
YOR246C	YMR164C	0.189156						0.000000	-1.000000	0.000000
YKR038C	YHR084W	0.189155						1.000000	-1.000000	0.000000
YER110C	YGR044C	0.189153						0.000000	-1.000000	0.000000
YEL033W	YPR009W	0.189152						0.000000	1.000000	0.000000
YGL105W	YLR098C	0.189150						0.000000	-1.000000	0.000000
YMR108W	YGL209W	0.189146						0.000000	-1.000000	0.000000
YKR068C	YER088C	0.189146						0.000000	1.000000	0.000000
YDR385W	YMR164C	0.189145						0.000000	-1.000000	0.000000
YNL104C	YDR207C	0.189145	0.000000	0.083512	0.219101	0.114635	0.120930	0.000000	1.000000	0.000000
YFL022C	YLR098C	0.189144	0.000000	0.083467	0.219101	0.114592	0.120883	0.000000	-1.000000	0.000000
YDR204W	YGL073W	0.189144						0.000000	1.000000	0.000000
YOR123C	YDL048C	0.189142						0.000000	1.000000	0.000000
YKL104C	YKL032C	0.189141						0.000000	1.000000	0.000000
YBR173C	YGL013C	0.189141						0.000000	1.000000	0.000000
YBL005W	YBR066C	0.189141						0.000000	1.000000	0.000000
YCR069W	YDR207C	0.189140						0.000000	1.000000	0.000000
YDR529C	YGL237C	0.189140						0.000000	1.000000	0.000000
YHR121W	YGL035C	0.189138						0.000000	1.000000	0.000000
YLR027C	YHL027W	0.189137	0.000000	0.083422	0.219101	0.114550	0.120837	0.000000	-1.000000	0.000000
YOL133W	YER088C	0.189137						0.000000	1.000000	0.000000
YPR058W	YGL166W	0.189136	0.000000	0.083378	0.219101	0.114507	0.120790	0.000000	1.000000	0.000000
YLR027C	YGL096W	0.189134						0.000000	1.000000	0.000000
YDL137W	YIL119C	0.189132						0.000000	1.000000	0.000000
YMR092C	YOR230W	0.189131						0.000000	1.000000	0.000000
YHR006W	YJR127C	0.189129						0.000000	1.000000	0.000000
YDL029W	YER088C	0.189129						0.000000	1.000000	0.000000
YKL175W	YBR066C	0.189128						0.000000	1.000000	0.000000
YOR128C	YML081W	0.189128						0.000000	1.000000	0.000000
YKL137W	YJR127C	0.189128						0.000000	1.000000	0.000000
YKL192C	YGL096W	0.189124						0.000000	1.000000	0.000000
YGR103W	YKR099W	0.189120						0.000000	-1.000000	0.000000
YBR126C	YER088C	0.189120						0.000000	1.000000	0.000000
YKL181W	YDR423C	0.189120						0.000000	-1.000000	0.000000
YLR364W	YDL048C	0.189118						0.000000	1.000000	0.000000
YDR011W	YLR176C	0.189116						0.000000	1.000000	0.000000
YJR059W	YPR008W	0.189113						0.000000	1.000000	0.000000
YJR014W	YLR176C	0.189112						0.000000	-1.000000	0.000000
YBL051C	YML081W	0.189111						0.000000	1.000000	0.000000
YBR026C	YGR249W	0.189111						0.000000	1.000000	0.000000
YML098W	YJR127C	0.189110						0.000000	1.000000	0.000000
YPR176C	YJR127C	0.189109						0.000000	1.000000	0.000000
YDR404C	YER088C	0.189109						0.000000	1.000000	0.000000
YDR298C	YGL013C	0.189109						0.000000	1.000000	0.000000
YIL107C	YJR127C	0.189108						0.000000	1.000000	0.000000
YDL053C	YML081W	0.189106						0.000000	1.000000	0.000000
YIL064W	YML099C	0.189105						0.000000	-1.000000	0.000000
YNL125C	YNL103W	0.189103						0.000000	-1.000000	0.000000
YKL087C	YML081W	0.189103						0.000000	1.000000	0.000000
YOR335C	YMR043W	0.189103						0.000000	-1.000000	0.000000
YJR117W	YGL209W	0.189101						0.000000	1.000000	0.000000
YPL004C	YER088C	0.189100						0.000000	1.000000	0.000000
YOR103C	YDR034C	0.189099						0.000000	1.000000	0.000000
YGL040C	YML007W	0.189098						0.000000	1.000000	0.000000
YOR039W	YDR034C	0.189098						0.000000	1.000000	0.000000
YGL248W	YGL166W	0.189097						0.000000	1.000000	0.000000
YDL237W	YLR228C	0.189096						0.000000	1.000000	0.000000
YMR256C	YCR084C	0.189092						0.000000	-1.000000	0.000000
YJR051W	YPR008W	0.189091						0.000000	1.000000	0.000000
YDR380W	YDR207C	0.189089						0.000000	1.000000	0.000000
YIL114C	YIL119C	0.189089						0.000000	1.000000	0.000000
YLL023C	YLR256W	0.189088						0.000000	-1.000000	0.000000
YLR378C	YCR065W	0.189088						0.000000	1.000000	0.000000
YGR172C	YPR009W	0.189087						0.000000	1.000000	0.000000
YIL078W	YKR099W	0.189084						0.000000	1.000000	0.000000
YLR003C	YBR083W	0.189083	0.000000	0.083333	0.219101	0.114465	0.120743	0.000000	-1.000000	0.000000
YNL044W	YNL199C	0.189082						0.000000	1.000000	0.000000
YNL032W	YBR066C	0.189082						0.000000	1.000000	0.000000
YMR038C	YMR021C	0.189081	0.000000	0.083289	0.219101	0.114423	0.120696	0.000000	1.000000	0.000000
YKL016C	YGL073W	0.189081						0.000000	-1.000000	0.000000
YEL052W	YGL073W	0.189080						0.000000	1.000000	0.000000
YBR037C	YPL230W	0.189079						0.000000	1.000000	0.000000
YDL134C	YBR066C	0.189078						0.000000	1.000000	0.000000
YEL002C	YIL119C	0.189077						0.000000	1.000000	0.000000
YNL274C	YBL021C	0.189077						0.000000	-1.000000	0.000000
YER072W	YOL089C	0.189077						0.000000	-1.000000	0.000000
YDR059C	YPL202C	0.189076						0.000000	-1.000000	0.000000
YCL017C	YIL119C	0.189075						0.000000	1.000000	0.000000
YOL002C	YGL035C	0.189074						0.000000	1.000000	0.000000
YKL214C	YML081W	0.189071						0.000000	1.000000	0.000000
YGL047W	YNL103W	0.189070						0.000000	-1.000000	0.000000
YML110C	YER088C	0.189068						0.000000	1.000000	0.000000
YKR092C	YDR423C	0.189068						0.000000	-1.000000	0.000000
YIR030C	YIL119C	0.189067						0.000000	1.000000	0.000000
YMR170C	YDR034C	0.189065						0.000000	1.000000	0.000000
YER048W-A	YBL103C	0.189065						0.000000	1.000000	0.000000
YCR028C-A	YER088C	0.189064						0.000000	1.000000	0.000000
YPL010W	YPR009W	0.189064						0.000000	1.000000	0.000000
YBL076C	YMR164C	0.189064						0.000000	-1.000000	0.000000
YLR193C	YOL108C	0.189062						0.000000	1.000000	0.000000
YER025W	YDL048C	0.189061						0.000000	1.000000	0.000000
YKR025W	YOR363C	0.189060						0.000000	1.000000	0.000000
YNL113W	YLR013W	0.189060						0.000000	1.000000	0.000000
YBR109C	YER088C	0.189058						0.000000	1.000000	0.000000
YFR030W	YDL048C	0.189057						0.000000	1.000000	0.000000
YJL111W	YGR044C	0.189057						0.000000	-1.000000	0.000000
YOL119C	YIL119C	0.189055						0.000000	1.000000	0.000000
YJR095W	YJL056C	0.189055						0.000000	1.000000	0.000000
YHR108W	YML027W	0.189054						0.000000	1.000000	0.000000
YOR335C	YLR176C	0.189053						0.000000	-1.000000	0.000000
YPR016C	YML081W	0.189052						0.000000	1.000000	0.000000
YMR011W	YDL048C	0.189051						0.000000	-1.000000	0.000000
YPL170W	YDR463W	0.189051						0.000000	-1.000000	0.000000
YMR011W	YER169W	0.189050						0.000000	1.000000	0.000000
YML092C	YLR176C	0.189045	0.000000	0.083244	0.219101	0.114380	0.120650	0.000000	-1.000000	0.000000
YGL068W	YOR140W	0.189044						0.000000	-1.000000	0.000000
YIR004W	YML081W	0.189043						0.000000	1.000000	0.000000
YLR192C	YFL031W	0.189042						0.000000	1.000000	0.000000
YOL111C	YDR174W	0.189042						0.000000	1.000000	0.000000
YJR058C	YER088C	0.189037						0.000000	1.000000	0.000000
YOR224C	YPR009W	0.189036						0.000000	1.000000	0.000000
YML048W	YPR009W	0.189036						0.000000	1.000000	0.000000
YMR217W	YOR358W	0.189035						0.000000	-1.000000	0.000000
YER026C	YPL202C	0.189035						0.000000	-1.000000	0.000000
YBR183W	YLR176C	0.189035	0.000000	0.083200	0.219101	0.114338	0.120603	0.000000	1.000000	0.000000
YHR108W	YFL031W	0.189034						0.000000	1.000000	0.000000
YJR103W	YGL013C	0.189032						0.000000	1.000000	0.000000
YMR290C	YOR363C	0.189032						0.000000	1.000000	0.000000
YMR216C	YJR127C	0.189032						0.000000	1.000000	0.000000
YHL032C	YOL067C	0.189031						0.000000	1.000000	0.000000
YPR194C	YMR021C	0.189031						0.000000	1.000000	0.000000
YNL147W	YBR066C	0.189029						0.000000	1.000000	0.000000
YKL065C	YPL202C	0.189027						0.000000	-1.000000	0.000000
YLR025W	YER088C	0.189027						0.000000	1.000000	0.000000
YIR011C	YDL048C	0.189025						0.000000	1.000000	0.000000
YLR375W	YBR066C	0.189024						0.000000	1.000000	0.000000
YER038C	YOR230W	0.189024						0.000000	1.000000	0.000000
YMR237W	YPR008W	0.189023						0.000000	1.000000	0.000000
YNL088W	YMR016C	0.189022						1.000000	1.000000	0.000000
YAL007C	YPL075W	0.189022						0.000000	1.000000	0.000000
YDR322W	YIL119C	0.189021						0.000000	1.000000	0.000000
YDR168W	YHL009C	0.189020						0.000000	1.000000	0.000000
YDL237W	YJR127C	0.189019						0.000000	1.000000	0.000000
YDR043C	YDR034C	0.189018						0.000000	1.000000	0.000000
YCL045C	YPR008W	0.189018						0.000000	1.000000	0.000000
YPL252C	YBR066C	0.189018						0.000000	1.000000	0.000000
YCL059C	YBR083W	0.189012						0.000000	-1.000000	0.000000
YAR035W	YML007W	0.189011						0.000000	1.000000	0.000000
YNL192W	YBL103C	0.189007						0.000000	1.000000	0.000000
YER018C	YKL032C	0.189006						0.000000	1.000000	0.000000
YDR085C	YML081W	0.189005						0.000000	1.000000	0.000000
YBR120C	YJR127C	0.189003						0.000000	1.000000	0.000000
YKL186C	YIL119C	0.189002						0.000000	1.000000	0.000000
YAL036C	YGR044C	0.189001						0.000000	-1.000000	0.000000
YFR025C	YIR017C	0.189001						0.000000	1.000000	0.000000
YOR382W	YPL202C	0.189000						0.000000	1.000000	0.000000
YEL006W	YJR127C	0.188997						0.000000	1.000000	0.000000
YOL027C	YDL048C	0.188995						0.000000	1.000000	0.000000
YDL100C	YOL089C	0.188995						0.000000	-1.000000	0.000000
YER146W	YHR178W	0.188994						0.000000	1.000000	0.000000
YNL081C	YCR084C	0.188994						0.000000	-1.000000	0.000000
YJL122W	YDR146C	0.188991						0.000000	-1.000000	0.000000
YMR060C	YDL048C	0.188990						0.000000	1.000000	0.000000
YEL009C	YIL119C	0.188990						0.000000	1.000000	0.000000
YCL057W	YKR034W	0.188989						0.000000	1.000000	0.000000
YOL064C	YKL032C	0.188987	0.000000	0.083156	0.219101	0.114296	0.120556	0.000000	1.000000	0.000000
YEL060C	YJR127C	0.188986						0.000000	1.000000	0.000000
YKL024C	YPR009W	0.188986						0.000000	1.000000	0.000000
YPL232W	YLR176C	0.188986						0.000000	-1.000000	0.000000
YBR177C	YMR021C	0.188984						0.000000	1.000000	0.000000
YML101C	YOR230W	0.188982						0.000000	1.000000	0.000000
YNL045W	YER088C	0.188981						0.000000	1.000000	0.000000
YDL019C	YPR008W	0.188979						0.000000	1.000000	0.000000
YGL221C	YDR207C	0.188979						0.000000	1.000000	0.000000
YGL142C	YIL119C	0.188978						0.000000	1.000000	0.000000
YDR001C	YJR127C	0.188978						0.000000	1.000000	0.000000
YIL160C	YFL021W	0.188977						0.000000	-1.000000	0.000000
YNL130C	YLR228C	0.188975						0.000000	1.000000	0.000000
YOR281C	YML081W	0.188975						0.000000	1.000000	0.000000
YER007C-A	YBL005W	0.188974						0.000000	1.000000	0.000000
YOL049W	YER088C	0.188972						0.000000	1.000000	0.000000
YKR049C	YAL051W	0.188972						0.000000	1.000000	0.000000
YBR164C	YDR034C	0.188970						0.000000	1.000000	0.000000
YML128C	YHR084W	0.188969						0.000000	1.000000	0.000000
YER122C	YDR034C	0.188967						0.000000	1.000000	0.000000
YEL020W-A	YPL133C	0.188965						0.000000	1.000000	0.000000
YDL169C	YGL013C	0.188964						0.000000	1.000000	0.000000
YDR174W	YDR034C	0.188964						0.000000	1.000000	0.000000
YHR113W	YDR034C	0.188962						0.000000	1.000000	0.000000
YML004C	YBR066C	0.188961						0.000000	1.000000	0.000000
YDL020C	YLR256W	0.188960						0.000000	-1.000000	0.000000
YDR035W	YER088C	0.188959						0.000000	1.000000	0.000000
YBR015C	YJR127C	0.188958						0.000000	1.000000	0.000000
YDL095W	YKL185W	0.188958						0.000000	1.000000	0.000000
YNL053W	YML081W	0.188956						0.000000	1.000000	0.000000
YLR104W	YML081W	0.188954						0.000000	1.000000	0.000000
YLR399C	YJR127C	0.188954						0.000000	1.000000	0.000000
YER055C	YDR451C	0.188953						0.000000	1.000000	0.000000
YIL050W	YIL119C	0.188953						0.000000	1.000000	0.000000
YHR072W-A	YIL101C	0.188952						0.000000	-1.000000	0.000000
YIL075C	YGR249W	0.188951						0.000000	-1.000000	0.000000
YDR531W	YMR021C	0.188949						0.000000	1.000000	0.000000
YER004W	YGL237C	0.188949						0.000000	1.000000	0.000000
YFR010W	YOR230W	0.188948						0.000000	1.000000	0.000000
YLR301W	YMR070W	0.188946						0.000000	1.000000	0.000000
YKR042W	YMR037C	0.188945						1.000000	-1.000000	0.000000
YPL117C	YGL096W	0.188944						0.000000	1.000000	0.000000
YNL168C	YER088C	0.188944						0.000000	1.000000	0.000000
YLR298C	YML081W	0.188943						0.000000	1.000000	0.000000
YGL187C	YNL216W	0.188943						1.000000	1.000000	0.000000
YIL088C	YNL103W	0.188941						0.000000	-1.000000	0.000000
YIL035C	YML081W	0.188941						0.000000	1.000000	0.000000
YDR283C	YML081W	0.188940						0.000000	1.000000	0.000000
YKL009W	YHR006W	0.188938						0.000000	1.000000	0.000000
YDR500C	YDL106C	0.188937						0.000000	1.000000	0.000000
YPR118W	YMR042W	0.188937						0.000000	-1.000000	0.000000
YFL022C	YBR239C	0.188937						0.000000	-1.000000	0.000000
YPL241C	YDL170W	0.188937						0.000000	-1.000000	0.000000
YPR067W	YHL009C	0.188936						0.000000	1.000000	0.000000
YAR027W	YDR034C	0.188934						0.000000	1.000000	0.000000
YDR487C	YDR174W	0.188933						0.000000	1.000000	0.000000
YJR014W	YBR066C	0.188933						0.000000	1.000000	0.000000
YDR512C	YDL020C	0.188932						0.000000	1.000000	0.000000
YER166W	YDL048C	0.188932						0.000000	1.000000	0.000000
YOR227W	YPL177C	0.188931						0.000000	-1.000000	0.000000
YCR009C	YHR084W	0.188928						1.000000	1.000000	0.000000
YBR001C	YOR140W	0.188926						0.000000	-1.000000	0.000000
YGR108W	YGL209W	0.188924						0.000000	1.000000	0.000000
YHL003C	YDL048C	0.188924						0.000000	1.000000	0.000000
YIL125W	YGL013C	0.188921						0.000000	1.000000	0.000000
YBR196C	YPR009W	0.188917						0.000000	1.000000	0.000000
YKL099C	YPL089C	0.188916						0.000000	-1.000000	0.000000
YIL145C	YIR017C	0.188913						0.000000	1.000000	0.000000
YMR110C	YGL013C	0.188911						0.000000	1.000000	0.000000
YPL028W	YEL009C	0.188911						0.000000	1.000000	0.000000
YHR199C	YLR228C	0.188910						0.000000	1.000000	0.000000
YML014W	YML081W	0.188910						0.000000	1.000000	0.000000
YBL006C	YBR066C	0.188909						0.000000	1.000000	0.000000
YBL089W	YDR034C	0.188909						0.000000	1.000000	0.000000
YHR030C	YKL032C	0.188908						0.000000	1.000000	0.000000
YNL112W	YHR124W	0.188905						0.000000	1.000000	0.000000
YDR487C	YLR451W	0.188905						0.000000	-1.000000	0.000000
YDL204W	YLR256W	0.188905						0.000000	-1.000000	0.000000
YJR122W	YNL216W	0.188903						1.000000	-1.000000	0.000000
YBR034C	YOR363C	0.188903						0.000000	1.000000	0.000000
YOR045W	YGL013C	0.188903						0.000000	1.000000	0.000000
YIL074C	YKR099W	0.188902	0.000000	0.083111	0.219101	0.114254	0.120510	0.000000	1.000000	0.000000
YKL054C	YPR008W	0.188901						0.000000	1.000000	0.000000
YOR382W	YBR066C	0.188901						0.000000	1.000000	0.000000
YPL066W	YDL048C	0.188901						0.000000	1.000000	0.000000
YKL126W	YDL170W	0.188900						0.000000	-1.000000	0.000000
YAL034C	YGL013C	0.188900						0.000000	1.000000	0.000000
YDR405W	YPL230W	0.188898						0.000000	1.000000	0.000000
YLL041C	YER169W	0.188895						0.000000	-1.000000	0.000000
YGL048C	YOR140W	0.188894						0.000000	-1.000000	0.000000
YHR181W	YMR019W	0.188894						0.000000	1.000000	0.000000
YGR135W	YDR034C	0.188894						0.000000	1.000000	0.000000
YML057W	YML081W	0.188894						0.000000	1.000000	0.000000
YKL167C	YJL056C	0.188891	0.000000	0.083067	0.219101	0.114211	0.120463	0.000000	1.000000	0.000000
YGL154C	YIL119C	0.188890						0.000000	1.000000	0.000000
YOR128C	YJR127C	0.188889						0.000000	1.000000	0.000000
YGR038W	YLR013W	0.188888						0.000000	1.000000	0.000000
YOR209C	YML081W	0.188886						0.000000	1.000000	0.000000
YIL009C-A	YNL103W	0.188885						0.000000	-1.000000	0.000000
YML012W	YML081W	0.188884						0.000000	1.000000	0.000000
YBR147W	YLR228C	0.188883	0.000000	0.083023	0.219101	0.114169	0.120417	0.000000	1.000000	0.000000
YKL216W	YKR099W	0.188882						0.000000	1.000000	0.000000
YDR477W	YJR127C	0.188881						0.000000	1.000000	0.000000
YJL104W	YER088C	0.188881						0.000000	1.000000	0.000000
YOR157C	YGL209W	0.188880						0.000000	1.000000	0.000000
YCL045C	YJR127C	0.188880						0.000000	1.000000	0.000000
YHR003C	YML081W	0.188879						0.000000	1.000000	0.000000
YEL001C	YMR070W	0.188878						0.000000	1.000000	0.000000
YLR180W	YDR423C	0.188878						0.000000	1.000000	0.000000
YNL080C	YJR127C	0.188877						0.000000	1.000000	0.000000
YGR284C	YIL119C	0.188877						0.000000	1.000000	0.000000
YLR449W	YIL101C	0.188876	0.000000	0.082979	0.219101	0.114127	0.120370	0.000000	-1.000000	0.000000
YBR036C	YBR066C	0.188875						0.000000	1.000000	0.000000
YKL190W	YDR207C	0.188874						0.000000	1.000000	0.000000
YNL157W	YBR066C	0.188874						0.000000	1.000000	0.000000
YKR025W	YBR240C	0.188872						0.000000	-1.000000	0.000000
YLR107W	YGL209W	0.188872						0.000000	1.000000	0.000000
YMR307W	YKL043W	0.188871						0.000000	1.000000	0.000000
YGR049W	YJR127C	0.188866						0.000000	1.000000	0.000000
YLR330W	YIL119C	0.188866						0.000000	1.000000	0.000000
YGR172C	YIL119C	0.188862						0.000000	1.000000	0.000000
YGR178C	YDL048C	0.188862						0.000000	1.000000	0.000000
YBR288C	YML081W	0.188861						0.000000	1.000000	0.000000
YJR101W	YBR066C	0.188861						0.000000	1.000000	0.000000
YDR202C	YDL048C	0.188859						0.000000	1.000000	0.000000
YKL085W	YOL108C	0.188859						0.000000	-1.000000	0.000000
YLL041C	YML007W	0.188857						0.000000	1.000000	0.000000
YCL033C	YGL013C	0.188856						0.000000	1.000000	0.000000
YDR245W	YGL209W	0.188854						0.000000	1.000000	0.000000
YLR142W	YER088C	0.188852						0.000000	1.000000	0.000000
YGL141W	YPR008W	0.188851						0.000000	1.000000	0.000000
YGL105W	YPR009W	0.188849						0.000000	1.000000	0.000000
YGL228W	YPR008W	0.188848						0.000000	1.000000	0.000000
YHR121W	YLR176C	0.188847						0.000000	-1.000000	0.000000
YFR033C	YCR084C	0.188847						0.000000	-1.000000	0.000000
YPR194C	YBR083W	0.188845						0.000000	1.000000	0.000000
YGR175C	YIL119C	0.188844						0.000000	1.000000	0.000000
YNL064C	YGR044C	0.188843						0.000000	-1.000000	0.000000
YGL207W	YER088C	0.188842						0.000000	1.000000	0.000000
YGL219C	YGL096W	0.188842						0.000000	1.000000	0.000000
YNL293W	YJR127C	0.188839						0.000000	1.000000	0.000000
YMR105C	YPR008W	0.188837						0.000000	1.000000	0.000000
YLL027W	YDL048C	0.188837						0.000000	1.000000	0.000000
YGR020C	YDR174W	0.188834						0.000000	1.000000	0.000000
YKR009C	YNL103W	0.188832						0.000000	-1.000000	0.000000
YEL011W	YOL108C	0.188830						0.000000	1.000000	0.000000
YHR073W	YML081W	0.188830						0.000000	1.000000	0.000000
YGL002W	YLR228C	0.188830						0.000000	1.000000	0.000000
YLR064W	YBR066C	0.188829						0.000000	1.000000	0.000000
YOR298C-A	YJR060W	0.188829						1.000000	-1.000000	0.000000
YOR327C	YKL020C	0.188828						0.000000	1.000000	0.000000
YBR268W	YHL009C	0.188827						0.000000	1.000000	0.000000
YMR040W	YDL048C	0.188827						0.000000	1.000000	0.000000
YHR071W	YIL119C	0.188827						0.000000	1.000000	0.000000
YNL006W	YDL048C	0.188826						0.000000	1.000000	0.000000
YMR031C	YKL185W	0.188826						0.000000	-1.000000	0.000000
YOR130C	YKL032C	0.188825						0.000000	1.000000	0.000000
YCR009C	YER088C	0.188824						0.000000	1.000000	0.000000
YOR212W	YDR034C	0.188823						0.000000	1.000000	0.000000
YDL133C-A	YKR099W	0.188822						0.000000	1.000000	0.000000
YBR058C-A	YER088C	0.188821						0.000000	1.000000	0.000000
YBL050W	YER088C	0.188819						0.000000	1.000000	0.000000
YBL091C	YNL103W	0.188819						0.000000	-1.000000	0.000000
YDL053C	YIL036W	0.188818						0.000000	1.000000	0.000000
YNL244C	YKR099W	0.188818						0.000000	-1.000000	0.000000
YBL040C	YDR207C	0.188817						0.000000	1.000000	0.000000
YNL322C	YPL230W	0.188817						0.000000	1.000000	0.000000
YDR510W	YDR421W	0.188816						0.000000	1.000000	0.000000
YMR300C	YIL119C	0.188816						0.000000	1.000000	0.000000
YER090W	YMR070W	0.188816						0.000000	1.000000	0.000000
YIL009C-A	YBR066C	0.188814						0.000000	1.000000	0.000000
YIR028W	YIL119C	0.188813						0.000000	1.000000	0.000000
YGR207C	YOR230W	0.188813						0.000000	1.000000	0.000000
YMR071C	YKL185W	0.188812						0.000000	-1.000000	0.000000
YCL001W	YFL031W	0.188811						0.000000	1.000000	0.000000
YNL308C	YPR009W	0.188810						0.000000	1.000000	0.000000
YNL075W	YPR009W	0.188807						0.000000	1.000000	0.000000
YOL058W	YMR037C	0.188807						1.000000	1.000000	0.000000
YAR015W	YMR164C	0.188807						0.000000	-1.000000	0.000000
YBR218C	YPR008W	0.188806						0.000000	1.000000	0.000000
YML070W	YJR127C	0.188806						0.000000	1.000000	0.000000
YML121W	YDL048C	0.188806						0.000000	1.000000	0.000000
YDR156W	YKL038W	0.188805						0.000000	1.000000	0.000000
YOR232W	YPR009W	0.188804						0.000000	1.000000	0.000000
YHR104W	YPL202C	0.188804	0.000000	0.082935	0.219101	0.114085	0.120324	0.000000	-1.000000	0.000000
YJL146W	YML081W	0.188803						0.000000	1.000000	0.000000
YFR024C-A	YDL170W	0.188801						0.000000	-1.000000	0.000000
YIL075C	YHL027W	0.188799						0.000000	-1.000000	0.000000
YOL101C	YDR423C	0.188798						0.000000	1.000000	0.000000
YJL115W	YNL216W	0.188798						1.000000	1.000000	0.000000
YHR215W	YPR104C	0.188797	0.000000	0.082891	0.219101	0.114043	0.120278	0.000000	1.000000	0.000000
YKL206C	YPR008W	0.188797						0.000000	1.000000	0.000000
YHR063C	YIL119C	0.188797						0.000000	1.000000	0.000000
YGR008C	YCR084C	0.188795						0.000000	-1.000000	0.000000
YIL118W	YCR065W	0.188794						0.000000	1.000000	0.000000
YIL016W	YKR099W	0.188794						0.000000	-1.000000	0.000000
YKR003W	YJR127C	0.188794						0.000000	1.000000	0.000000
YDR226W	YPR009W	0.188793						0.000000	1.000000	0.000000
YJR065C	YPR008W	0.188792						0.000000	1.000000	0.000000
YMR183C	YJR127C	0.188792						0.000000	1.000000	0.000000
YDR284C	YDL170W	0.188792	0.000000	0.082847	0.219101	0.114001	0.120231	0.000000	-1.000000	0.000000
YDR434W	YDL048C	0.188791						0.000000	1.000000	0.000000
YGR175C	YJR127C	0.188791						0.000000	1.000000	0.000000
YAL049C	YDR034C	0.188789						0.000000	1.000000	0.000000
YBL040C	YPR009W	0.188789						0.000000	1.000000	0.000000
YIL124W	YBR066C	0.188788						0.000000	1.000000	0.000000
YIL106W	YDL048C	0.188786						0.000000	1.000000	0.000000
YKR068C	YGL209W	0.188784						0.000000	1.000000	0.000000
YDR427W	YIL119C	0.188784						0.000000	1.000000	0.000000
YDL128W	YPR009W	0.188784						0.000000	1.000000	0.000000
YJR014W	YML081W	0.188783						0.000000	1.000000	0.000000
YPL259C	YML081W	0.188782						0.000000	1.000000	0.000000
YHR049W	YGL209W	0.188782						0.000000	1.000000	0.000000
YGR203W	YDR463W	0.188779						0.000000	-1.000000	0.000000
YJR143C	YGL209W	0.188779						0.000000	1.000000	0.000000
YHR143W-A	YML081W	0.188778						0.000000	1.000000	0.000000
YGL008C	YMR037C	0.188776						1.000000	-1.000000	0.000000
YOR023C	YCR084C	0.188776						0.000000	-1.000000	0.000000
YGL008C	YHL027W	0.188775						0.000000	1.000000	0.000000
YNR037C	YMR182C	0.188774						0.000000	1.000000	0.000000
YER068W	YGL013C	0.188773						0.000000	1.000000	0.000000
YDR194C	YDL048C	0.188772						0.000000	1.000000	0.000000
YDR378C	YNL103W	0.188771						0.000000	1.000000	0.000000
YDR284C	YNL103W	0.188771	0.000000	0.082803	0.219101	0.113959	0.120185	0.000000	-1.000000	0.000000
YLR100W	YMR021C	0.188769						0.000000	1.000000	0.000000
YML072C	YDR253C	0.188769						1.000000	1.000000	0.000000
YDR074W	YGL209W	0.188767	0.000000	0.082759	0.219101	0.113917	0.120139	0.000000	1.000000	0.000000
YLR146C	YML081W	0.188767						0.000000	1.000000	0.000000
YNR036C	YCR084C	0.188765						0.000000	-1.000000	0.000000
YNL101W	YBR066C	0.188759						0.000000	1.000000	0.000000
YER004W	YKL032C	0.188759						0.000000	1.000000	0.000000
YPL094C	YBL005W	0.188757						0.000000	1.000000	0.000000
YGL106W	YGL166W	0.188757						0.000000	1.000000	0.000000
YLR163C	YDL048C	0.188755						0.000000	1.000000	0.000000
YHL002W	YGL209W	0.188755						0.000000	1.000000	0.000000
YDR411C	YML081W	0.188754						0.000000	1.000000	0.000000
YLR312W-A	YDL048C	0.188754						0.000000	1.000000	0.000000
YNL248C	YDR463W	0.188754						0.000000	1.000000	0.000000
YEL058W	YGL166W	0.188754						0.000000	1.000000	0.000000
YGR124W	YJR060W	0.188753						0.000000	1.000000	0.000000
YPR025C	YIL119C	0.188751						0.000000	1.000000	0.000000
YKR076W	YLR256W	0.188751						0.000000	-1.000000	0.000000
YPL106C	YDR123C	0.188751	0.000000	0.082715	0.219101	0.113875	0.120092	0.000000	-1.000000	0.000000
YGR132C	YPR008W	0.188750						0.000000	1.000000	0.000000
YAL054C	YLR256W	0.188750						0.000000	-1.000000	0.000000
YER074W-A	YGL237C	0.188750						0.000000	1.000000	0.000000
YNL004W	YPL230W	0.188748						0.000000	1.000000	0.000000
YPR074C	YGL209W	0.188746						0.000000	1.000000	0.000000
YDR321W	YOR363C	0.188746						0.000000	1.000000	0.000000
YDL091C	YDL048C	0.188745						0.000000	1.000000	0.000000
YDL210W	YDR463W	0.188744						0.000000	1.000000	0.000000
YNL112W	YDR423C	0.188743						0.000000	-1.000000	0.000000
YDR016C	YNL103W	0.188743						0.000000	-1.000000	0.000000
YBR086C	YDL048C	0.188741						0.000000	1.000000	0.000000
YER086W	YKL043W	0.188740						0.000000	1.000000	0.000000
YLR028C	YNL103W	0.188735	0.000000	0.082671	0.219101	0.113833	0.120046	0.000000	-1.000000	0.000000
YOR133W	YDR034C	0.188734						0.000000	1.000000	0.000000
YBL041W	YGL096W	0.188732						0.000000	1.000000	0.000000
YOR267C	YJR127C	0.188732						0.000000	1.000000	0.000000
YMR067C	YDL048C	0.188731						0.000000	1.000000	0.000000
YPL094C	YIR033W	0.188725						0.000000	-1.000000	0.000000
YAL053W	YBL103C	0.188725						0.000000	1.000000	0.000000
YER074W-A	YIL119C	0.188725						0.000000	1.000000	0.000000
YLR066W	YBR066C	0.188722						0.000000	1.000000	0.000000
YCL009C	YBL021C	0.188721						0.000000	-1.000000	0.000000
YDL215C	YOL108C	0.188719						0.000000	-1.000000	0.000000
YPL170W	YDL020C	0.188717						0.000000	1.000000	0.000000
YKR042W	YIL131C	0.188717						1.000000	-1.000000	0.000000
YPL066W	YML081W	0.188716						0.000000	1.000000	0.000000
YIL085C	YML081W	0.188716						0.000000	1.000000	0.000000
YLR399C	YBR066C	0.188715						0.000000	1.000000	0.000000
YEL002C	YPR009W	0.188714						0.000000	1.000000	0.000000
YGL100W	YPR009W	0.188713						0.000000	1.000000	0.000000
YMR303C	YNL199C	0.188712						0.000000	1.000000	0.000000
YDL022W	YOL108C	0.188711						0.000000	-1.000000	0.000000
YAL060W	YOR230W	0.188709						0.000000	1.000000	0.000000
YKR076W	YCR084C	0.188709						0.000000	-1.000000	0.000000
YGR132C	YJR127C	0.188709						0.000000	1.000000	0.000000
YIL157C	YGL013C	0.188708						0.000000	1.000000	0.000000
YDR378C	YML081W	0.188708						0.000000	1.000000	0.000000
YDR367W	YPR009W	0.188703						0.000000	1.000000	0.000000
YHR013C	YDR520C	0.188701						0.000000	1.000000	0.000000
YNL175C	YIL101C	0.188701						0.000000	-1.000000	0.000000
YNL239W	YDL020C	0.188700						0.000000	1.000000	0.000000
YER025W	YER169W	0.188699						0.000000	1.000000	0.000000
YLL018C	YDR207C	0.188698						0.000000	1.000000	0.000000
YER087C-B	YMR070W	0.188698						0.000000	1.000000	0.000000
YIL074C	YPR009W	0.188696						0.000000	1.000000	0.000000
YOR259C	YIL036W	0.188696						0.000000	1.000000	0.000000
YDR367W	YLR013W	0.188695						0.000000	1.000000	0.000000
YER006W	YPL089C	0.188695						0.000000	-1.000000	0.000000
YOR253W	YPR009W	0.188695						0.000000	1.000000	0.000000
YBR201W	YDL048C	0.188694						0.000000	1.000000	0.000000
YPL092W	YDR034C	0.188692						0.000000	1.000000	0.000000
YJR125C	YLR451W	0.188692						0.000000	-1.000000	0.000000
YPR082C	YCR084C	0.188692						0.000000	-1.000000	0.000000
YEL065W	YNL103W	0.188690						0.000000	-1.000000	0.000000
YKR025W	YGL209W	0.188688						0.000000	1.000000	0.000000
YIL065C	YER088C	0.188688						0.000000	1.000000	0.000000
YML007W	YOR140W	0.188687						0.000000	1.000000	0.000000
YPL273W	YPL038W	0.188687	0.000000	0.082627	0.219101	0.113791	0.120000	0.000000	-1.000000	0.000000
YHR039C-A	YDR034C	0.188686						0.000000	1.000000	0.000000
YPR108W	YOL089C	0.188685						0.000000	-1.000000	0.000000
YIL078W	YPL248C	0.188684						0.000000	-1.000000	0.000000
YKR089C	YGL073W	0.188683						0.000000	1.000000	0.000000
YKL080W	YDR034C	0.188682						0.000000	1.000000	0.000000
YGR203W	YBR066C	0.188682						0.000000	1.000000	0.000000
YDR487C	YOL089C	0.188680						0.000000	-1.000000	0.000000
YLR388W	YKR099W	0.188677	0.000000	0.082583	0.219101	0.113749	0.119954	0.000000	1.000000	0.000000
YGL027C	YIL119C	0.188676						0.000000	1.000000	0.000000
YNL110C	YPL089C	0.188676						0.000000	-1.000000	0.000000
YNL202W	YMR164C	0.188675						0.000000	1.000000	0.000000
YIL039W	YDL048C	0.188673						0.000000	1.000000	0.000000
YKR067W	YJL056C	0.188671						0.000000	1.000000	0.000000
YER119C	YER088C	0.188671						0.000000	1.000000	0.000000
YFL038C	YPL202C	0.188669						0.000000	-1.000000	0.000000
YBR084W	YML081W	0.188669						0.000000	1.000000	0.000000
YER165W	YKR099W	0.188669						0.000000	-1.000000	0.000000
YDR272W	YCR084C	0.188668						0.000000	-1.000000	0.000000
YMR139W	YPL202C	0.188668						0.000000	-1.000000	0.000000
YGL019W	YIL036W	0.188667						0.000000	1.000000	0.000000
YDR380W	YIR017C	0.188667						0.000000	1.000000	0.000000
YLR163C	YER088C	0.188666						0.000000	1.000000	0.000000
YMR039C	YBR066C	0.188666						0.000000	1.000000	0.000000
YLR284C	YKL015W	0.188666						0.000000	1.000000	0.000000
YBR187W	YBL005W	0.188665						0.000000	1.000000	0.000000
YLR209C	YDL048C	0.188665						0.000000	1.000000	0.000000
YDR266C	YML081W	0.188665						0.000000	1.000000	0.000000
YML110C	YOR230W	0.188663						0.000000	1.000000	0.000000
YGL078C	YDR463W	0.188663						0.000000	1.000000	0.000000
YDR483W	YDR034C	0.188661						0.000000	1.000000	0.000000
YGR284C	YPR008W	0.188661						0.000000	1.000000	0.000000
YFR024C-A	YHL009C	0.188659						0.000000	1.000000	0.000000
YAL035W	YMR042W	0.188659						0.000000	-1.000000	0.000000
YMR238W	YLR228C	0.188659						0.000000	1.000000	0.000000
YML052W	YML027W	0.188658						0.000000	1.000000	0.000000
YKR081C	YDR146C	0.188655						0.000000	-1.000000	0.000000
YML115C	YDL048C	0.188655						0.000000	1.000000	0.000000
YDL215C	YPL177C	0.188654						0.000000	-1.000000	0.000000
YBR218C	YIL119C	0.188654						0.000000	1.000000	0.000000
YDR071C	YGL096W	0.188653						0.000000	1.000000	0.000000
YMR203W	YDL048C	0.188653						0.000000	1.000000	0.000000
YHR162W	YKL032C	0.188653	0.000000	0.082540	0.219101	0.113708	0.119908	0.000000	1.000000	0.000000
YPL003W	YER088C	0.188653						0.000000	1.000000	0.000000
YAR027W	YLR451W	0.188652						0.000000	-1.000000	0.000000
YDR405W	YCR084C	0.188651						0.000000	-1.000000	0.000000
YOR227W	YOR140W	0.188650						0.000000	-1.000000	0.000000
YDL122W	YML081W	0.188650						0.000000	1.000000	0.000000
YJR101W	YML081W	0.188650						0.000000	1.000000	0.000000
YNR017W	YPL202C	0.188649	0.000000	0.082496	0.219101	0.113666	0.119862	0.000000	-1.000000	0.000000
YCL001W	YDR034C	0.188649						0.000000	1.000000	0.000000
YKR006C	YDL048C	0.188647						0.000000	1.000000	0.000000
YKL167C	YPL202C	0.188646	0.000000	0.082452	0.219101	0.113624	0.119816	0.000000	-1.000000	0.000000
YGL005C	YIL119C	0.188645						0.000000	1.000000	0.000000
YJR105W	YDR174W	0.188645						0.000000	1.000000	0.000000
YKR014C	YML081W	0.188644						0.000000	1.000000	0.000000
YNL284C	YPL202C	0.188641						0.000000	-1.000000	0.000000
YPL252C	YDL048C	0.188641						0.000000	1.000000	0.000000
YMR229C	YML081W	0.188641						0.000000	1.000000	0.000000
YGR203W	YDR421W	0.188640						0.000000	1.000000	0.000000
YGR211W	YDL048C	0.188638						0.000000	1.000000	0.000000
YLR300W	YKL062W	0.188638						1.000000	1.000000	0.000000
YLR388W	YGL209W	0.188637	0.000000	0.082409	0.219101	0.113582	0.119770	0.000000	1.000000	0.000000
YDR284C	YDR034C	0.188635						0.000000	1.000000	0.000000
YMR079W	YFL031W	0.188633						0.000000	1.000000	0.000000
YIL157C	YDR207C	0.188630						0.000000	1.000000	0.000000
YIL112W	YDL170W	0.188629						0.000000	-1.000000	0.000000
YNL001W	YMR037C	0.188628						1.000000	1.000000	0.000000
YBR001C	YGL013C	0.188628						0.000000	1.000000	0.000000
YDR037W	YLR098C	0.188627						0.000000	-1.000000	0.000000
YOR323C	YER088C	0.188627						0.000000	1.000000	0.000000
YLR214W	YHR178W	0.188626						0.000000	-1.000000	0.000000
YHR049W	YDR520C	0.188625						0.000000	1.000000	0.000000
YOR046C	YBR066C	0.188624						0.000000	1.000000	0.000000
YLR203C	YIR023W	0.188623						0.000000	1.000000	0.000000
YMR058W	YPR009W	0.188623						0.000000	1.000000	0.000000
YGL231C	YHL009C	0.188621						0.000000	1.000000	0.000000
YHR030C	YNL103W	0.188621						0.000000	-1.000000	0.000000
YDL052C	YKL020C	0.188620						0.000000	-1.000000	0.000000
YPL196W	YPL202C	0.188620						0.000000	-1.000000	0.000000
YGR172C	YDR034C	0.188619						0.000000	1.000000	0.000000
YPL087W	YIL119C	0.188617						0.000000	1.000000	0.000000
YHL033C	YBL005W	0.188616	0.000000	0.082365	0.219101	0.113540	0.119724	0.000000	1.000000	0.000000
YNL294C	YLR451W	0.188616						0.000000	-1.000000	0.000000
YMR235C	YHR178W	0.188616						0.000000	1.000000	0.000000
YNL315C	YML007W	0.188614						0.000000	1.000000	0.000000
YGR267C	YKL032C	0.188613	0.000000	0.082322	0.219101	0.113499	0.119678	0.000000	1.000000	0.000000
YGL068W	YOL108C	0.188612						0.000000	1.000000	0.000000
YER019C-A	YBR066C	0.188612						0.000000	1.000000	0.000000
YPR020W	YBL021C	0.188611						0.000000	1.000000	0.000000
YDL212W	YDR174W	0.188608						0.000000	1.000000	0.000000
YPL196W	YPR008W	0.188607						0.000000	1.000000	0.000000
YDR174W	YJR127C	0.188606						0.000000	1.000000	0.000000
YFR025C	YLR228C	0.188604						0.000000	1.000000	0.000000
YDR011W	YHR084W	0.188603						1.000000	1.000000	0.000000
YIL075C	YDL048C	0.188602						0.000000	1.000000	0.000000
YHR009C	YJR127C	0.188599						0.000000	1.000000	0.000000
YEL051W	YDR207C	0.188599						0.000000	1.000000	0.000000
YGR207C	YPR009W	0.188599						0.000000	1.000000	0.000000
YLR065C	YDR520C	0.188598						0.000000	1.000000	0.000000
YNL173C	YPL230W	0.188596						0.000000	1.000000	0.000000
YLR197W	YML081W	0.188594						0.000000	1.000000	0.000000
YER178W	YML081W	0.188593						0.000000	1.000000	0.000000
YPL078C	YPR008W	0.188593						0.000000	1.000000	0.000000
YNL156C	YBR066C	0.188592						0.000000	1.000000	0.000000
YGR203W	YDR207C	0.188591						0.000000	1.000000	0.000000
YML110C	YPR008W	0.188591						0.000000	1.000000	0.000000
YMR058W	YBR066C	0.188590						0.000000	1.000000	0.000000
YNR035C	YDL048C	0.188589						0.000000	1.000000	0.000000
YBL040C	YKL032C	0.188588						0.000000	1.000000	0.000000
YDR211W	YBR083W	0.188587						1.000000	1.000000	0.000000
YOR227W	YIR023W	0.188587						0.000000	1.000000	0.000000
YNL084C	YLR176C	0.188587						0.000000	-1.000000	0.000000
YDL169C	YJL056C	0.188586						0.000000	1.000000	0.000000
YBL047C	YHL009C	0.188585						0.000000	1.000000	0.000000
YGR198W	YPR009W	0.188584						0.000000	1.000000	0.000000
YML070W	YLR256W	0.188583						0.000000	-1.000000	0.000000
YER001W	YDR043C	0.188581						0.000000	-1.000000	0.000000
YLR203C	YDR081C	0.188581						0.000000	-1.000000	0.000000
YKL067W	YMR019W	0.188580						0.000000	1.000000	0.000000
YOL113W	YML081W	0.188579						0.000000	1.000000	0.000000
YMR135C	YPL230W	0.188579						0.000000	1.000000	0.000000
YGL237C	YDL048C	0.188577						0.000000	1.000000	0.000000
YDR236C	YDR034C	0.188577						0.000000	1.000000	0.000000
YHR026W	YDR034C	0.188575						0.000000	1.000000	0.000000
YHR175W	YNL103W	0.188574						0.000000	1.000000	0.000000
YBR187W	YMR016C	0.188573						0.000000	-1.000000	0.000000
YLR356W	YKL185W	0.188571						0.000000	-1.000000	0.000000
YKL093W	YGL013C	0.188570						0.000000	1.000000	0.000000
YFR025C	YMR021C	0.188570						0.000000	1.000000	0.000000
YFR053C	YKL032C	0.188567						0.000000	1.000000	0.000000
YER136W	YDR034C	0.188566						0.000000	1.000000	0.000000
YHR037W	YIL119C	0.188565						0.000000	1.000000	0.000000
YBR145W	YBR066C	0.188565						0.000000	1.000000	0.000000
YLR375W	YDR034C	0.188564						0.000000	1.000000	0.000000
YJR064W	YLR013W	0.188563						0.000000	1.000000	0.000000
YOR163W	YOL089C	0.188562						0.000000	-1.000000	0.000000
YMR220W	YPR008W	0.188562						0.000000	1.000000	0.000000
YFL022C	YJL089W	0.188560						0.000000	1.000000	0.000000
YJR001W	YML027W	0.188559						0.000000	1.000000	0.000000
YKR049C	YCR084C	0.188558						0.000000	-1.000000	0.000000
YFL037W	YMR182C	0.188557						0.000000	-1.000000	0.000000
YGR080W	YDR174W	0.188557						0.000000	1.000000	0.000000
YNL274C	YDR034C	0.188556						0.000000	1.000000	0.000000
YJR069C	YOL116W	0.188556						0.000000	-1.000000	0.000000
YLR380W	YIL119C	0.188555						0.000000	1.000000	0.000000
YMR092C	YPR008W	0.188554						0.000000	1.000000	0.000000
YBL101C	YDL170W	0.188553						0.000000	-1.000000	0.000000
YJL096W	YJL056C	0.188550						0.000000	1.000000	0.000000
YDR135C	YJR127C	0.188549						0.000000	1.000000	0.000000
YDL095W	YMR037C	0.188547						0.000000	1.000000	0.000000
YHR029C	YJR127C	0.188547						0.000000	1.000000	0.000000
YNL281W	YMR042W	0.188547	0.000000	0.082278	0.219101	0.113457	0.119632	0.000000	-1.000000	0.000000
YPR160W	YPR008W	0.188547						0.000000	1.000000	0.000000
YBL041W	YDR034C	0.188546						0.000000	1.000000	0.000000
YPR033C	YLR098C	0.188545						0.000000	-1.000000	0.000000
YNL294C	YNL103W	0.188544						0.000000	-1.000000	0.000000
YLR332W	YDL048C	0.188543						0.000000	1.000000	0.000000
YPL226W	YML081W	0.188543						0.000000	1.000000	0.000000
YGR240C	YML027W	0.188542	0.000000	0.082235	0.219101	0.113416	0.119586	0.000000	1.000000	0.000000
YOR261C	YPL202C	0.188541	0.000000	0.082192	0.219101	0.113374	0.119540	0.000000	-1.000000	0.000000
YOR023C	YKL020C	0.188538						0.000000	1.000000	0.000000
YOR227W	YPR008W	0.188538						0.000000	1.000000	0.000000
YKR009C	YJR060W	0.188538						1.000000	1.000000	0.000000
YPR182W	YLR013W	0.188537						0.000000	1.000000	0.000000
YFR049W	YGL013C	0.188537						0.000000	1.000000	0.000000
YIR006C	YOR162C	0.188536						1.000000	-1.000000	0.000000
YAL060W	YJR127C	0.188534						0.000000	1.000000	0.000000
YLR301W	YMR037C	0.188534						0.000000	1.000000	0.000000
YHR007C	YDR174W	0.188532						0.000000	1.000000	0.000000
YER172C	YDL048C	0.188532						0.000000	1.000000	0.000000
YBL056W	YJR127C	0.188532						0.000000	1.000000	0.000000
YOL049W	YDR207C	0.188531						0.000000	1.000000	0.000000
YOR023C	YML081W	0.188531						0.000000	1.000000	0.000000
YOR221C	YKL032C	0.188529						0.000000	1.000000	0.000000
YNL070W	YBL021C	0.188529						0.000000	-1.000000	0.000000
YLR262C-A	YIL119C	0.188528						0.000000	1.000000	0.000000
YOR223W	YPL202C	0.188527						0.000000	-1.000000	0.000000
YMR173W	YDR207C	0.188526						0.000000	1.000000	0.000000
YHL032C	YJL056C	0.188526						0.000000	1.000000	0.000000
YKR067W	YGL237C	0.188525						0.000000	1.000000	0.000000
YER023W	YDR207C	0.188524						0.000000	1.000000	0.000000
YPR043W	YAL051W	0.188524						0.000000	-1.000000	0.000000
YER026C	YOR230W	0.188523						0.000000	1.000000	0.000000
YCR097W	YCR084C	0.188523						0.000000	-1.000000	0.000000
YEL065W	YBR066C	0.188522						0.000000	1.000000	0.000000
YIL158W	YMR164C	0.188521						0.000000	-1.000000	0.000000
YIR006C	YDR421W	0.188521						0.000000	1.000000	0.000000
YFR044C	YPR008W	0.188519						0.000000	1.000000	0.000000
YAR015W	YMR042W	0.188519						0.000000	-1.000000	0.000000
YDR483W	YDL048C	0.188518						0.000000	1.000000	0.000000
YDR204W	YER088C	0.188518						0.000000	1.000000	0.000000
YOL061W	YBR066C	0.188517						0.000000	1.000000	0.000000
YEL015W	YML081W	0.188516						0.000000	1.000000	0.000000
YMR229C	YBR239C	0.188515						0.000000	-1.000000	0.000000
YLR454W	YDL048C	0.188514						0.000000	1.000000	0.000000
YBR111C	YPL202C	0.188513						0.000000	-1.000000	0.000000
YFR014C	YPR008W	0.188512						0.000000	1.000000	0.000000
YHL001W	YDR253C	0.188511						0.000000	-1.000000	0.000000
YER048W-A	YLR451W	0.188510						0.000000	-1.000000	0.000000
YOR286W	YDR421W	0.188510						0.000000	1.000000	0.000000
YNL209W	YPR009W	0.188509						0.000000	1.000000	0.000000
YLR248W	YGL013C	0.188509						0.000000	1.000000	0.000000
YPR036W-A	YOR140W	0.188508						0.000000	-1.000000	0.000000
YPL246C	YGL209W	0.188507						0.000000	1.000000	0.000000
YHR049W	YPR104C	0.188507						0.000000	1.000000	0.000000
YML130C	YKL020C	0.188504						0.000000	1.000000	0.000000
YMR121C	YPR009W	0.188503						0.000000	1.000000	0.000000
YGL038C	YBR066C	0.188503						0.000000	1.000000	0.000000
YDR127W	YKR034W	0.188502						0.000000	1.000000	0.000000
YLR270W	YCR084C	0.188501						0.000000	-1.000000	0.000000
YJR125C	YDR207C	0.188500						0.000000	1.000000	0.000000
YPL081W	YNL027W	0.188499	0.000000	0.082148	0.219101	0.113332	0.119494	0.000000	-1.000000	0.000000
YOR202W	YMR021C	0.188499						0.000000	1.000000	0.000000
YGL173C	YNL103W	0.188498						0.000000	-1.000000	0.000000
YLR395C	YDL048C	0.188498						0.000000	1.000000	0.000000
YOR046C	YLR098C	0.188497						0.000000	-1.000000	0.000000
YHR196W	YDR146C	0.188497						0.000000	-1.000000	0.000000
YDR394W	YJR127C	0.188495						0.000000	1.000000	0.000000
YGL231C	YMR021C	0.188494						0.000000	1.000000	0.000000
YBR145W	YOR230W	0.188494						0.000000	1.000000	0.000000
YDL208W	YDR423C	0.188494						0.000000	-1.000000	0.000000
YGR102C	YPR008W	0.188494						0.000000	1.000000	0.000000
YEL006W	YBR066C	0.188493						0.000000	1.000000	0.000000
YLR196W	YDR423C	0.188493						0.000000	-1.000000	0.000000
YOR220W	YCR084C	0.188492						0.000000	-1.000000	0.000000
YLR367W	YBL005W	0.188492						0.000000	1.000000	0.000000
YKL039W	YPR008W	0.188491						0.000000	1.000000	0.000000
YCR053W	YLR176C	0.188491	0.000000	0.082105	0.219101	0.113291	0.119449	0.000000	-1.000000	0.000000
YDL018C	YER088C	0.188490						0.000000	1.000000	0.000000
YAL039C	YOL108C	0.188490						0.000000	1.000000	0.000000
YIL094C	YPR009W	0.188488						0.000000	1.000000	0.000000
YBR122C	YDR207C	0.188488						0.000000	1.000000	0.000000
YDR236C	YIL119C	0.188488						0.000000	1.000000	0.000000
YDR531W	YPL133C	0.188487						0.000000	-1.000000	0.000000
YKL130C	YDL048C	0.188487						0.000000	1.000000	0.000000
YKL160W	YDL048C	0.188486						0.000000	1.000000	0.000000
YNL081C	YHL009C	0.188485						0.000000	1.000000	0.000000
YAL030W	YJR127C	0.188485						0.000000	1.000000	0.000000
YEL006W	YIL119C	0.188484						0.000000	1.000000	0.000000
YDL120W	YOR140W	0.188483						0.000000	-1.000000	0.000000
YDR242W	YER088C	0.188483						0.000000	1.000000	0.000000
YNL173C	YOL108C	0.188482						0.000000	1.000000	0.000000
YIL065C	YOL067C	0.188482						0.000000	1.000000	0.000000
YER163C	YKR034W	0.188481						0.000000	1.000000	0.000000
YAL035W	YOR363C	0.188481						0.000000	1.000000	0.000000
YJL111W	YLR176C	0.188481						0.000000	-1.000000	0.000000
YMR022W	YBR066C	0.188480						0.000000	1.000000	0.000000
YLR073C	YDR423C	0.188479						0.000000	-1.000000	0.000000
YOR286W	YDR174W	0.188478						0.000000	1.000000	0.000000
YPL061W	YGR249W	0.188478						0.000000	-1.000000	0.000000
YNL059C	YML081W	0.188475						0.000000	1.000000	0.000000
YOL005C	YIL119C	0.188475						0.000000	1.000000	0.000000
YNL098C	YKL020C	0.188475						0.000000	1.000000	0.000000
YDR342C	YDR123C	0.188474	0.000000	0.082062	0.219101	0.113249	0.119403	0.000000	-1.000000	0.000000
YIL094C	YIL119C	0.188473						0.000000	1.000000	0.000000
YCL050C	YGL209W	0.188473						0.000000	1.000000	0.000000
YDR377W	YIR023W	0.188472						0.000000	-1.000000	0.000000
YPL001W	YBR066C	0.188472						0.000000	1.000000	0.000000
YLR378C	YKL043W	0.188470						0.000000	1.000000	0.000000
YCR002C	YDR421W	0.188470						0.000000	1.000000	0.000000
YNL024C-A	YIL119C	0.188470						0.000000	1.000000	0.000000
YOR103C	YFL031W	0.188469						0.000000	1.000000	0.000000
YPL265W	YBR066C	0.188468						0.000000	1.000000	0.000000
YER053C	YPR008W	0.188466						0.000000	1.000000	0.000000
YMR071C	YPR009W	0.188466						0.000000	1.000000	0.000000
YJL080C	YPL075W	0.188466						0.000000	1.000000	0.000000
YDL004W	YPL133C	0.188464						0.000000	1.000000	0.000000
YKL001C	YML081W	0.188462						0.000000	1.000000	0.000000
YHL020C	YDL048C	0.188461						0.000000	1.000000	0.000000
YNL280C	YJR127C	0.188461						0.000000	1.000000	0.000000
YJR133W	YPL202C	0.188460						0.000000	-1.000000	0.000000
YPL239W	YPL230W	0.188460						0.000000	1.000000	0.000000
YMR194C-B	YER088C	0.188460						0.000000	1.000000	0.000000
YJR118C	YDL048C	0.188459						0.000000	1.000000	0.000000
YGR264C	YIR018W	0.188459						0.000000	1.000000	0.000000
YEL002C	YKL032C	0.188458						0.000000	1.000000	0.000000
YMR183C	YBR066C	0.188456						0.000000	1.000000	0.000000
YNL255C	YDR043C	0.188455						0.000000	1.000000	0.000000
YOR157C	YNL103W	0.188454						0.000000	-1.000000	0.000000
YKL086W	YDR034C	0.188454						0.000000	1.000000	0.000000
YHR181W	YGL096W	0.188453						0.000000	1.000000	0.000000
YKL142W	YDL048C	0.188452						0.000000	1.000000	0.000000
YER136W	YDL048C	0.188452						0.000000	1.000000	0.000000
YDR067C	YPR008W	0.188452						0.000000	1.000000	0.000000
YGR207C	YDR207C	0.188451						0.000000	1.000000	0.000000
YGR185C	YDR174W	0.188450						0.000000	-1.000000	0.000000
YKR062W	YML081W	0.188449						0.000000	1.000000	0.000000
YOR085W	YCR065W	0.188448						0.000000	1.000000	0.000000
YLR229C	YCR065W	0.188448						0.000000	1.000000	0.000000
YPR140W	YPR008W	0.188448						0.000000	1.000000	0.000000
YHR199C	YPL202C	0.188447						0.000000	-1.000000	0.000000
YHR028C	YDR207C	0.188447						0.000000	1.000000	0.000000
YBR025C	YGL209W	0.188446						0.000000	1.000000	0.000000
YEL052W	YPR008W	0.188444						0.000000	1.000000	0.000000
YLR093C	YLR451W	0.188443						0.000000	-1.000000	0.000000
YJR143C	YIL119C	0.188443						0.000000	1.000000	0.000000
YKL150W	YGL013C	0.188443						0.000000	1.000000	0.000000
YGR032W	YJL056C	0.188442						0.000000	1.000000	0.000000
YBL047C	YLR228C	0.188441						0.000000	1.000000	0.000000
YOL026C	YDR034C	0.188440						0.000000	1.000000	0.000000
YOR297C	YDL048C	0.188440						0.000000	1.000000	0.000000
YBR283C	YMR043W	0.188440						0.000000	-1.000000	0.000000
YKL058W	YIL119C	0.188439						0.000000	1.000000	0.000000
YLR324W	YML081W	0.188438						0.000000	1.000000	0.000000
YER145C	YPR009W	0.188437						0.000000	1.000000	0.000000
YMR011W	YPR009W	0.188437						0.000000	1.000000	0.000000
YDR092W	YIL119C	0.188436						0.000000	1.000000	0.000000
YMR272C	YER088C	0.188435						0.000000	1.000000	0.000000
YLR208W	YPR009W	0.188435						0.000000	1.000000	0.000000
YNL078W	YJR127C	0.188434						0.000000	1.000000	0.000000
YCL001W	YCR065W	0.188434						0.000000	1.000000	0.000000
YNL084C	YBR066C	0.188433						0.000000	1.000000	0.000000
YPL006W	YER088C	0.188432						0.000000	1.000000	0.000000
YMR235C	YLR098C	0.188432						0.000000	-1.000000	0.000000
YOL111C	YIL119C	0.188432						0.000000	1.000000	0.000000
YBR249C	YJL089W	0.188431						0.000000	1.000000	0.000000
YPR052C	YJR127C	0.188431						0.000000	1.000000	0.000000
YIL034C	YIL119C	0.188431						0.000000	1.000000	0.000000
YNL177C	YML081W	0.188430						0.000000	1.000000	0.000000
YNL202W	YLR256W	0.188430						0.000000	-1.000000	0.000000
YDR531W	YMR070W	0.188430						0.000000	1.000000	0.000000
YLL014W	YDR174W	0.188429						0.000000	1.000000	0.000000
YMR197C	YGL013C	0.188429						0.000000	1.000000	0.000000
YHR139C	YOR032C	0.188429						0.000000	1.000000	0.000000
YCL017C	YER088C	0.188428						0.000000	1.000000	0.000000
YER063W	YGL096W	0.188428						0.000000	1.000000	0.000000
YBR286W	YER088C	0.188427						0.000000	1.000000	0.000000
YAR002C-A	YBR066C	0.188427						0.000000	1.000000	0.000000
YGR244C	YPL177C	0.188424						0.000000	-1.000000	0.000000
YPL094C	YGR044C	0.188423						0.000000	-1.000000	0.000000
YNR053C	YOR162C	0.188423						1.000000	1.000000	0.000000
YBL058W	YPL230W	0.188423						0.000000	1.000000	0.000000
YBL033C	YBR066C	0.188422						0.000000	1.000000	0.000000
YOR124C	YDL048C	0.188422						0.000000	1.000000	0.000000
YCL034W	YIL119C	0.188422						0.000000	1.000000	0.000000
YML048W	YOR230W	0.188421						0.000000	1.000000	0.000000
YPL003W	YBR066C	0.188419						0.000000	1.000000	0.000000
YGL078C	YPR009W	0.188418						0.000000	1.000000	0.000000
YOR145C	YDR423C	0.188417						0.000000	-1.000000	0.000000
YKR092C	YDR253C	0.188415						0.000000	-1.000000	0.000000
YOL012C	YGL209W	0.188415						0.000000	1.000000	0.000000
YMR039C	YDL048C	0.188414						0.000000	1.000000	0.000000
YKL024C	YLR176C	0.188414						0.000000	-1.000000	0.000000
YBR158W	YDR123C	0.188414						0.000000	1.000000	0.000000
YDR454C	YMR042W	0.188414						0.000000	-1.000000	0.000000
YOL012C	YOL089C	0.188413						0.000000	-1.000000	0.000000
YIL105C	YPR008W	0.188412						0.000000	1.000000	0.000000
YHR025W	YBR066C	0.188412						0.000000	1.000000	0.000000
YLR276C	YML081W	0.188412						0.000000	1.000000	0.000000
YNL138W	YBR066C	0.188410						0.000000	1.000000	0.000000
YOR202W	YKL032C	0.188410						0.000000	-1.000000	0.000000
YDR276C	YPR008W	0.188409						0.000000	1.000000	0.000000
YBR115C	YDL048C	0.188408						0.000000	1.000000	0.000000
YOR382W	YER088C	0.188408						0.000000	1.000000	0.000000
YPL232W	YKL032C	0.188408						0.000000	1.000000	0.000000
YNL112W	YDR253C	0.188407						0.000000	-1.000000	0.000000
YGR222W	YDL048C	0.188406						0.000000	1.000000	0.000000
YDL021W	YML007W	0.188404						0.000000	1.000000	0.000000
YDL029W	YPR008W	0.188403						0.000000	1.000000	0.000000
YPR133W-A	YDR174W	0.188402						0.000000	1.000000	0.000000
YGL047W	YGL166W	0.188402						0.000000	1.000000	0.000000
YKL013C	YKL032C	0.188401						0.000000	1.000000	0.000000
YOL049W	YPR008W	0.188401						0.000000	1.000000	0.000000
YLR412W	YML081W	0.188400						0.000000	1.000000	0.000000
YNL255C	YLR098C	0.188399						0.000000	-1.000000	0.000000
YNL255C	YMR042W	0.188399						0.000000	-1.000000	0.000000
YCR024C-A	YDL048C	0.188399						0.000000	1.000000	0.000000
YDR129C	YJR127C	0.188399						0.000000	1.000000	0.000000
YGR180C	YBR066C	0.188396						0.000000	1.000000	0.000000
YBL043W	YOL067C	0.188396						0.000000	1.000000	0.000000
YHL020C	YML081W	0.188395						0.000000	1.000000	0.000000
YBR077C	YOR230W	0.188394						0.000000	1.000000	0.000000
YDR394W	YOL089C	0.188394						0.000000	-1.000000	0.000000
YLR097C	YOR230W	0.188392						0.000000	1.000000	0.000000
YGL209W	YPL230W	0.188392						0.000000	1.000000	0.000000
YKR046C	YOL067C	0.188392						0.000000	1.000000	0.000000
YDR516C	YBR066C	0.188391						0.000000	1.000000	0.000000
YGR106C	YDR207C	0.188389						0.000000	1.000000	0.000000
YPL215W	YJR127C	0.188389						0.000000	1.000000	0.000000
YGL231C	YGL096W	0.188389						0.000000	1.000000	0.000000
YDR196C	YDL048C	0.188388						0.000000	1.000000	0.000000
YPR023C	YCR084C	0.188387						0.000000	-1.000000	0.000000
YMR062C	YER088C	0.188387						0.000000	1.000000	0.000000
YPL098C	YDL048C	0.188386						0.000000	1.000000	0.000000
YGR028W	YML081W	0.188385						0.000000	1.000000	0.000000
YDR092W	YDR034C	0.188385						0.000000	1.000000	0.000000
YDR152W	YBL005W	0.188384						0.000000	1.000000	0.000000
YPL213W	YDL048C	0.188384						0.000000	1.000000	0.000000
YBL105C	YML081W	0.188383						0.000000	1.000000	0.000000
YNL098C	YDR034C	0.188383						0.000000	1.000000	0.000000
YER025W	YGL209W	0.188383						0.000000	1.000000	0.000000
YGR167W	YBR066C	0.188382						0.000000	1.000000	0.000000
YKL080W	YIL119C	0.188381						0.000000	1.000000	0.000000
YGR082W	YLR176C	0.188379						0.000000	-1.000000	0.000000
YDR429C	YDR423C	0.188377						0.000000	-1.000000	0.000000
YFL028C	YER088C	0.188377						0.000000	1.000000	0.000000
YLR153C	YDL048C	0.188375						0.000000	1.000000	0.000000
YOR294W	YML099C	0.188374						0.000000	-1.000000	0.000000
YER048W-A	YGL013C	0.188373						0.000000	1.000000	0.000000
YJR073C	YJR127C	0.188372						0.000000	1.000000	0.000000
YLR099W-A	YIR017C	0.188372						0.000000	1.000000	0.000000
YHL011C	YOR363C	0.188369						0.000000	1.000000	0.000000
YGR060W	YMR021C	0.188368						0.000000	1.000000	0.000000
YBR080C	YDR421W	0.188368						0.000000	1.000000	0.000000
YDR531W	YKL032C	0.188367						0.000000	1.000000	0.000000
YLR262C-A	YJR127C	0.188367						0.000000	1.000000	0.000000
YIL121W	YDL170W	0.188366						0.000000	-1.000000	0.000000
YJL080C	YFR034C	0.188366						0.000000	1.000000	0.000000
YKL192C	YPL202C	0.188365						0.000000	-1.000000	0.000000
YMR290C	YNL027W	0.188365						0.000000	-1.000000	0.000000
YBR146W	YCR084C	0.188365						0.000000	-1.000000	0.000000
YKL080W	YGL209W	0.188364						0.000000	1.000000	0.000000
YLR201C	YPL230W	0.188363						0.000000	1.000000	0.000000
YJL063C	YPL202C	0.188362	0.000000	0.082019	0.219101	0.113208	0.119357	0.000000	-1.000000	0.000000
YHR074W	YHL009C	0.188361						0.000000	1.000000	0.000000
YIL062C	YIL119C	0.188361						0.000000	1.000000	0.000000
YMR195W	YOR162C	0.188359						1.000000	1.000000	0.000000
YDR087C	YML081W	0.188359						0.000000	1.000000	0.000000
YDR296W	YPR008W	0.188358						0.000000	1.000000	0.000000
YJL020C	YDR174W	0.188358						0.000000	1.000000	0.000000
YGL156W	YPL230W	0.188357						0.000000	1.000000	0.000000
YMR203W	YGL096W	0.188357						0.000000	1.000000	0.000000
YOL030W	YBR066C	0.188354						0.000000	1.000000	0.000000
YDR434W	YML081W	0.188354						0.000000	1.000000	0.000000
YCR088W	YBL021C	0.188353						0.000000	-1.000000	0.000000
YLL009C	YIL036W	0.188353						0.000000	1.000000	0.000000
YNL156C	YOR140W	0.188352						0.000000	-1.000000	0.000000
YIR012W	YMR042W	0.188351						0.000000	-1.000000	0.000000
YPL092W	YGR249W	0.188351						0.000000	1.000000	0.000000
YNL289W	YML081W	0.188351						0.000000	1.000000	0.000000
YIL009C-A	YLR228C	0.188350						0.000000	1.000000	0.000000
YBR162W-A	YML027W	0.188350						0.000000	1.000000	0.000000
YGR295C	YML081W	0.188348						0.000000	1.000000	0.000000
YDR153C	YPR008W	0.188347						0.000000	1.000000	0.000000
YEL002C	YDR034C	0.188347						0.000000	1.000000	0.000000
YPL117C	YLR013W	0.188346						0.000000	1.000000	0.000000
YOR153W	YOL028C	0.188346						0.000000	1.000000	0.000000
YIL063C	YML081W	0.188345						0.000000	1.000000	0.000000
YJL063C	YIL036W	0.188345						0.000000	1.000000	0.000000
YKL039W	YER088C	0.188345						0.000000	1.000000	0.000000
YMR276W	YKL032C	0.188344	0.000000	0.081976	0.219101	0.113166	0.119312	0.000000	1.000000	0.000000
YML048W	YDR207C	0.188343	0.000000	0.081933	0.219101	0.113125	0.119266	0.000000	1.000000	0.000000
YGR215W	YPL202C	0.188343						0.000000	-1.000000	0.000000
YIL065C	YPL202C	0.188342						0.000000	-1.000000	0.000000
YGL048C	YPR008W	0.188342						0.000000	1.000000	0.000000
YPL206C	YDR207C	0.188341						0.000000	1.000000	0.000000
YHR143W-A	YDL048C	0.188341						0.000000	1.000000	0.000000
YLR387C	YPL202C	0.188340						0.000000	-1.000000	0.000000
YDL051W	YBL005W	0.188340						0.000000	1.000000	0.000000
YBL050W	YGL096W	0.188340						0.000000	1.000000	0.000000
YDL084W	YPR009W	0.188339						0.000000	1.000000	0.000000
YML116W	YDL170W	0.188338						0.000000	-1.000000	0.000000
YNL219C	YML081W	0.188338						0.000000	1.000000	0.000000
YBR162C	YFL021W	0.188337						0.000000	1.000000	0.000000
YBR269C	YPL230W	0.188337						0.000000	1.000000	0.000000
YLR065C	YDR034C	0.188336						0.000000	1.000000	0.000000
YCR088W	YDR174W	0.188336						0.000000	1.000000	0.000000
YBR160W	YML081W	0.188336						0.000000	1.000000	0.000000
YBR082C	YDR174W	0.188335						0.000000	1.000000	0.000000
YJR130C	YKL032C	0.188335						0.000000	1.000000	0.000000
YJR001W	YFL031W	0.188334						0.000000	1.000000	0.000000
YMR203W	YER088C	0.188333						0.000000	1.000000	0.000000
YMR250W	YPR008W	0.188333						0.000000	1.000000	0.000000
YER095W	YKR034W	0.188332						0.000000	1.000000	0.000000
YGR232W	YOL089C	0.188331						0.000000	-1.000000	0.000000
YPL156C	YJR127C	0.188331						0.000000	1.000000	0.000000
YIR022W	YDR034C	0.188331						0.000000	1.000000	0.000000
YDL232W	YLR013W	0.188330						0.000000	1.000000	0.000000
YNL189W	YPL202C	0.188329						0.000000	-1.000000	0.000000
YNL104C	YDR034C	0.188329						0.000000	1.000000	0.000000
YMR229C	YLR256W	0.188329						0.000000	1.000000	0.000000
YHR074W	YIL119C	0.188327						0.000000	1.000000	0.000000
YER048C	YIL119C	0.188326						0.000000	1.000000	0.000000
YJL014W	YKL038W	0.188325						0.000000	1.000000	0.000000
YOR027W	YLR176C	0.188325	0.000000	0.081890	0.219101	0.113084	0.119220	0.000000	-1.000000	0.000000
YOR271C	YDL048C	0.188325						0.000000	1.000000	0.000000
YNL138W	YER088C	0.188325						0.000000	1.000000	0.000000
YCL045C	YIL119C	0.188324						0.000000	1.000000	0.000000
YLL029W	YIL119C	0.188322						0.000000	1.000000	0.000000
YDR019C	YIL119C	0.188319						0.000000	1.000000	0.000000
YNL104C	YJR127C	0.188318						0.000000	1.000000	0.000000
YML125C	YBR066C	0.188318						0.000000	1.000000	0.000000
YLR209C	YJR127C	0.188317						0.000000	1.000000	0.000000
YER080W	YER088C	0.188317						0.000000	1.000000	0.000000
YOR099W	YDR034C	0.188315						0.000000	1.000000	0.000000
YKL043W	YCR084C	0.188315						0.000000	-1.000000	0.000000
YDR452W	YKL185W	0.188313						0.000000	1.000000	0.000000
YJL117W	YKR099W	0.188312						0.000000	-1.000000	0.000000
YIL109C	YML081W	0.188312						0.000000	1.000000	0.000000
YHR012W	YML081W	0.188310						0.000000	1.000000	0.000000
YJL052W	YOL067C	0.188310						0.000000	1.000000	0.000000
YJR118C	YPR009W	0.188310						0.000000	1.000000	0.000000
YLR201C	YML081W	0.188309						0.000000	1.000000	0.000000
YGR180C	YPL202C	0.188309	0.000000	0.081847	0.219101	0.113042	0.119175	0.000000	-1.000000	0.000000
YGL202W	YDR174W	0.188309						0.000000	1.000000	0.000000
YML126C	YHL027W	0.188306	0.000000	0.081804	0.219101	0.113001	0.119129	0.000000	-1.000000	0.000000
YOR197W	YPR008W	0.188306						0.000000	1.000000	0.000000
YHR028C	YDR034C	0.188306						0.000000	1.000000	0.000000
YDL115C	YOR230W	0.188304						0.000000	1.000000	0.000000
YKL128C	YHR178W	0.188303						0.000000	1.000000	0.000000
YMR071C	YLR176C	0.188302						0.000000	-1.000000	0.000000
YFR015C	YPR008W	0.188301						0.000000	1.000000	0.000000
YGR161C	YML099C	0.188301	0.000000	0.081761	0.219101	0.112960	0.119084	0.000000	1.000000	0.000000
YLL014W	YIR017C	0.188300						0.000000	1.000000	0.000000
YPR188C	YJR127C	0.188298						0.000000	1.000000	0.000000
YPR004C	YBR182C	0.188297						0.000000	1.000000	0.000000
YKL001C	YDR123C	0.188297	0.000000	0.081718	0.219101	0.112918	0.119039	0.000000	1.000000	0.000000
YJL140W	YPR008W	0.188296						0.000000	1.000000	0.000000
YPL214C	YML081W	0.188296						0.000000	1.000000	0.000000
YHR132C	YDR043C	0.188295						0.000000	-1.000000	0.000000
YOR323C	YDR034C	0.188293						0.000000	1.000000	0.000000
YHR027C	YPR009W	0.188291						0.000000	1.000000	0.000000
YML098W	YDL170W	0.188291						0.000000	-1.000000	0.000000
YER095W	YER088C	0.188290						0.000000	1.000000	0.000000
YDL029W	YDR207C	0.188288						0.000000	1.000000	0.000000
YGR285C	YLR098C	0.188288						0.000000	-1.000000	0.000000
YGL087C	YBL021C	0.188287						0.000000	-1.000000	0.000000
YML092C	YGL096W	0.188286						0.000000	1.000000	0.000000
YMR123W	YMR042W	0.188283						0.000000	-1.000000	0.000000
YPL265W	YDR034C	0.188282						0.000000	1.000000	0.000000
YPL015C	YIL119C	0.188282						0.000000	1.000000	0.000000
YJR125C	YOR140W	0.188281						0.000000	-1.000000	0.000000
YDR368W	YLR176C	0.188281						0.000000	-1.000000	0.000000
YDL100C	YPR009W	0.188281						0.000000	1.000000	0.000000
YGR082W	YHL009C	0.188280						0.000000	1.000000	0.000000
YGL050W	YML081W	0.188279						0.000000	1.000000	0.000000
YMR271C	YOR140W	0.188278						0.000000	-1.000000	0.000000
YHL001W	YOR363C	0.188277						0.000000	1.000000	0.000000
YOR327C	YLR451W	0.188277						0.000000	-1.000000	0.000000
YBR127C	YGL209W	0.188276						0.000000	1.000000	0.000000
YCL033C	YDR207C	0.188275						0.000000	1.000000	0.000000
YOR317W	YPR008W	0.188275						0.000000	1.000000	0.000000
YCR002C	YDR174W	0.188274						0.000000	1.000000	0.000000
YML087C	YGL073W	0.188274						0.000000	1.000000	0.000000
YBR059C	YML081W	0.188273						0.000000	1.000000	0.000000
YBL091C	YGR249W	0.188273						0.000000	-1.000000	0.000000
YLR375W	YER088C	0.188271						0.000000	1.000000	0.000000
YPL019C	YKL038W	0.188271						0.000000	1.000000	0.000000
YJL174W	YBR066C	0.188270						0.000000	1.000000	0.000000
YBR158W	YER088C	0.188269						0.000000	1.000000	0.000000
YLR017W	YML081W	0.188269						0.000000	1.000000	0.000000
YER182W	YIL036W	0.188268						0.000000	1.000000	0.000000
YHL001W	YGR044C	0.188267						0.000000	-1.000000	0.000000
YAL023C	YBR066C	0.188267						0.000000	1.000000	0.000000
YHR037W	YIR023W	0.188267						0.000000	1.000000	0.000000
YBR052C	YJR127C	0.188266						0.000000	1.000000	0.000000
YPL232W	YDR207C	0.188266						0.000000	1.000000	0.000000
YKL065C	YDR034C	0.188265						0.000000	1.000000	0.000000
YAL025C	YHR124W	0.188265						0.000000	1.000000	0.000000
YIR006C	YBL021C	0.188265						0.000000	-1.000000	0.000000
YLL018C	YDR174W	0.188263						0.000000	1.000000	0.000000
YIL106W	YCR084C	0.188263						0.000000	-1.000000	0.000000
YER124C	YOR230W	0.188262						0.000000	1.000000	0.000000
YGL187C	YPL177C	0.188261						0.000000	-1.000000	0.000000
YMR092C	YJR127C	0.188261						0.000000	1.000000	0.000000
YGR207C	YPL202C	0.188260						0.000000	-1.000000	0.000000
YDR452W	YPR008W	0.188260						0.000000	1.000000	0.000000
YMR217W	YPR199C	0.188260						0.000000	-1.000000	0.000000
YGL022W	YGL209W	0.188259						0.000000	1.000000	0.000000
YIL043C	YFL031W	0.188258						0.000000	1.000000	0.000000
YOR198C	YER088C	0.188257						0.000000	1.000000	0.000000
YDR122W	YML081W	0.188255						0.000000	1.000000	0.000000
YLR186W	YDR463W	0.188255						0.000000	1.000000	0.000000
YPL218W	YDR207C	0.188254						0.000000	1.000000	0.000000
YIL075C	YLR228C	0.188253						0.000000	-1.000000	0.000000
YMR255W	YKL020C	0.188253						0.000000	1.000000	0.000000
YCL030C	YDL170W	0.188251	0.000000	0.081675	0.219101	0.112877	0.118993	0.000000	-1.000000	0.000000
YHR074W	YML081W	0.188251						0.000000	1.000000	0.000000
YMR131C	YDR146C	0.188251						0.000000	-1.000000	0.000000
YER003C	YIL119C	0.188250						0.000000	1.000000	0.000000
YPR009W	YER111C	0.188249						1.000000	1.000000	0.000000
YDL046W	YJR127C	0.188249						0.000000	1.000000	0.000000
YMR022W	YDR034C	0.188248						0.000000	1.000000	0.000000
YML070W	YPR008W	0.188248						0.000000	1.000000	0.000000
YIL118W	YDR253C	0.188246						1.000000	-1.000000	0.000000
YHR162W	YGL209W	0.188244	0.000000	0.081633	0.219101	0.112836	0.118948	0.000000	1.000000	0.000000
YOR259C	YLR176C	0.188244						0.000000	-1.000000	0.000000
YOL030W	YLR228C	0.188244						0.000000	1.000000	0.000000
YJL164C	YOR140W	0.188243						0.000000	-1.000000	0.000000
YHR199C	YJR127C	0.188243						0.000000	1.000000	0.000000
YHR009C	YDL048C	0.188242						0.000000	1.000000	0.000000
YJR130C	YMR021C	0.188241						0.000000	1.000000	0.000000
YGL008C	YBL021C	0.188241						0.000000	-1.000000	0.000000
YKL119C	YML081W	0.188240						0.000000	1.000000	0.000000
YOR086C	YBL021C	0.188240						0.000000	-1.000000	0.000000
YMR246W	YBR066C	0.188239						0.000000	1.000000	0.000000
YPL105C	YIL119C	0.188239						0.000000	1.000000	0.000000
YOR158W	YJL056C	0.188239						0.000000	1.000000	0.000000
YOR099W	YIL119C	0.188238						0.000000	1.000000	0.000000
YPL160W	YMR042W	0.188237						0.000000	-1.000000	0.000000
YGR061C	YML081W	0.188236						0.000000	1.000000	0.000000
YGR172C	YDL048C	0.188235						0.000000	1.000000	0.000000
YDL126C	YER088C	0.188234						0.000000	1.000000	0.000000
YBR214W	YMR016C	0.188234						0.000000	1.000000	0.000000
YPR058W	YPL133C	0.188233						0.000000	-1.000000	0.000000
YBL033C	YPL230W	0.188232						0.000000	1.000000	0.000000
YOL139C	YKL038W	0.188231						0.000000	1.000000	0.000000
YNL070W	YDR174W	0.188228						0.000000	1.000000	0.000000
YMR121C	YGL209W	0.188228	0.000000	0.081590	0.219101	0.112795	0.118902	0.000000	1.000000	0.000000
YDL134C	YDL048C	0.188227						0.000000	1.000000	0.000000
YKL167C	YCR084C	0.188226						0.000000	-1.000000	0.000000
YGL022W	YJR127C	0.188225						0.000000	1.000000	0.000000
YOR086C	YER088C	0.188225						0.000000	1.000000	0.000000
YIR030C	YBR066C	0.188224						0.000000	1.000000	0.000000
YGR167W	YPL202C	0.188224						0.000000	-1.000000	0.000000
YBR146W	YPR008W	0.188223						0.000000	1.000000	0.000000
YIL017C	YPR008W	0.188222						0.000000	1.000000	0.000000
YPL203W	YJR127C	0.188221						0.000000	1.000000	0.000000
YHL031C	YIL119C	0.188221						0.000000	1.000000	0.000000
YNR037C	YPL202C	0.188221						0.000000	-1.000000	0.000000
YOR133W	YDR123C	0.188221						0.000000	1.000000	0.000000
YBR196C	YBR066C	0.188221						0.000000	1.000000	0.000000
YER146W	YDR174W	0.188221						0.000000	1.000000	0.000000
YHR052W	YNL027W	0.188220						0.000000	-1.000000	0.000000
YPL127C	YDR043C	0.188220						0.000000	-1.000000	0.000000
YBR143C	YGL209W	0.188219						0.000000	1.000000	0.000000
YDR190C	YIL036W	0.188219						0.000000	1.000000	0.000000
YNL281W	YJL089W	0.188218						0.000000	1.000000	0.000000
YBR234C	YER088C	0.188217						0.000000	1.000000	0.000000
YOL032W	YER088C	0.188217						0.000000	1.000000	0.000000
YER094C	YDR034C	0.188216						0.000000	1.000000	0.000000
YIL124W	YPR008W	0.188215						0.000000	1.000000	0.000000
YGL059W	YIL119C	0.188215						0.000000	1.000000	0.000000
YBR169C	YJR127C	0.188214						0.000000	1.000000	0.000000
YPL081W	YGL209W	0.188213	0.000000	0.081547	0.219101	0.112754	0.118857	0.000000	1.000000	0.000000
YJL080C	YNL199C	0.188213						0.000000	1.000000	0.000000
YOR311C	YDL048C	0.188212						0.000000	1.000000	0.000000
YOR176W	YDR207C	0.188212						0.000000	1.000000	0.000000
YGR230W	YCR084C	0.188211						0.000000	-1.000000	0.000000
YGR028W	YPL230W	0.188210						0.000000	1.000000	0.000000
YGL221C	YFL031W	0.188209						0.000000	1.000000	0.000000
YHR094C	YLR256W	0.188209	0.000000	0.081505	0.219101	0.112712	0.118812	0.000000	1.000000	0.000000
YIL118W	YGL209W	0.188209						0.000000	1.000000	0.000000
YBR006W	YDR207C	0.188208						0.000000	1.000000	0.000000
YMR152W	YPR008W	0.188207						0.000000	1.000000	0.000000
YDR150W	YDL048C	0.188207						0.000000	1.000000	0.000000
YPL048W	YDR034C	0.188206						0.000000	1.000000	0.000000
YOL151W	YPL202C	0.188206						0.000000	1.000000	0.000000
YBR066C	YML081W	0.188204						0.000000	1.000000	0.000000
YKL216W	YKL062W	0.188203						1.000000	1.000000	0.000000
YNL156C	YDR207C	0.188203						0.000000	1.000000	0.000000
YEL038W	YFL031W	0.188202						0.000000	1.000000	0.000000
YFL022C	YOL028C	0.188201						0.000000	1.000000	0.000000
YIL142W	YJR127C	0.188200						0.000000	1.000000	0.000000
YDR321W	YKR099W	0.188200						0.000000	-1.000000	0.000000
YJR125C	YOR230W	0.188200						0.000000	1.000000	0.000000
YIL157C	YMR019W	0.188199						0.000000	1.000000	0.000000
YOR184W	YDL020C	0.188199						0.000000	-1.000000	0.000000
YDR457W	YDR034C	0.188199						0.000000	1.000000	0.000000
YGR060W	YDR421W	0.188198						0.000000	-1.000000	0.000000
YNR052C	YJR127C	0.188197						0.000000	1.000000	0.000000
YKR089C	YDR034C	0.188196						0.000000	1.000000	0.000000
YOR215C	YCR084C	0.188196						0.000000	-1.000000	0.000000
YHR104W	YPR008W	0.188196						0.000000	1.000000	0.000000
YPL189C-A	YPR008W	0.188195						0.000000	1.000000	0.000000
YMR292W	YIL119C	0.188195						0.000000	1.000000	0.000000
YER068W	YDR034C	0.188195						0.000000	1.000000	0.000000
YDR059C	YPL230W	0.188194						0.000000	1.000000	0.000000
YMR272C	YOR140W	0.188193						0.000000	1.000000	0.000000
YNL101W	YIL119C	0.188193						0.000000	1.000000	0.000000
YBL089W	YDL170W	0.188193						0.000000	-1.000000	0.000000
YPL091W	YJR127C	0.188192						0.000000	1.000000	0.000000
YFR024C-A	YER088C	0.188192						0.000000	1.000000	0.000000
YKL138C	YCR084C	0.188192						0.000000	-1.000000	0.000000
YJL123C	YDL048C	0.188190						0.000000	1.000000	0.000000
YDL185W	YLR228C	0.188189						0.000000	1.000000	0.000000
YBR154C	YOR363C	0.188189						0.000000	1.000000	0.000000
YMR318C	YJR060W	0.188188						0.000000	1.000000	0.000000
YBR282W	YLR403W	0.188188						1.000000	1.000000	0.000000
YGL106W	YIR017C	0.188188						0.000000	1.000000	0.000000
YBR177C	YIL119C	0.188188						0.000000	1.000000	0.000000
YGR078C	YPR009W	0.188186						0.000000	1.000000	0.000000
YHR030C	YDR034C	0.188186						0.000000	1.000000	0.000000
YER122C	YER111C	0.188185						0.000000	1.000000	0.000000
YNL239W	YIL119C	0.188184						0.000000	1.000000	0.000000
YNL024C-A	YJR127C	0.188182						0.000000	1.000000	0.000000
YML070W	YIL119C	0.188182						0.000000	1.000000	0.000000
YOR039W	YIL119C	0.188180						0.000000	1.000000	0.000000
YOR322C	YML081W	0.188180						0.000000	1.000000	0.000000
YGR264C	YMR042W	0.188178						0.000000	-1.000000	0.000000
YGR141W	YJR127C	0.188178						0.000000	1.000000	0.000000
YOR250C	YDL048C	0.188177						0.000000	1.000000	0.000000
YOR004W	YDR146C	0.188177						0.000000	-1.000000	0.000000
YNL112W	YOR363C	0.188176						0.000000	1.000000	0.000000
YIR022W	YKL032C	0.188175						0.000000	1.000000	0.000000
YPL173W	YOR140W	0.188174						0.000000	-1.000000	0.000000
YKL195W	YIL036W	0.188174						0.000000	1.000000	0.000000
YLR168C	YCR084C	0.188174						0.000000	-1.000000	0.000000
YNL081C	YPL202C	0.188173						0.000000	-1.000000	0.000000
YGL225W	YPR009W	0.188173						0.000000	1.000000	0.000000
YOR323C	YIL119C	0.188173						0.000000	1.000000	0.000000
YER017C	YOR140W	0.188172						0.000000	-1.000000	0.000000
YOR197W	YBR066C	0.188170						0.000000	1.000000	0.000000
YML048W	YER088C	0.188169						0.000000	1.000000	0.000000
YAR002C-A	YER111C	0.188168						0.000000	1.000000	0.000000
YDR462W	YER088C	0.188168						0.000000	1.000000	0.000000
YNL045W	YJL056C	0.188167						0.000000	1.000000	0.000000
YLR216C	YDL048C	0.188165						0.000000	1.000000	0.000000
YEL020W-A	YOR028C	0.188164						0.000000	1.000000	0.000000
YKR025W	YML081W	0.188162						0.000000	1.000000	0.000000
YHR043C	YJR127C	0.188162						0.000000	1.000000	0.000000
YPR023C	YGL073W	0.188162						0.000000	1.000000	0.000000
YGR157W	YOR140W	0.188160						0.000000	1.000000	0.000000
YFL022C	YHR178W	0.188159	0.000000	0.081462	0.219101	0.112671	0.118767	0.000000	1.000000	0.000000
YBL091C	YLR176C	0.188158						0.000000	-1.000000	0.000000
YMR093W	YOR363C	0.188158						0.000000	1.000000	0.000000
YMR217W	YMR042W	0.188156						0.000000	-1.000000	0.000000
YDR055W	YDR034C	0.188154						0.000000	1.000000	0.000000
YIL124W	YER088C	0.188153						0.000000	1.000000	0.000000
YHR056C	YLR176C	0.188153						0.000000	1.000000	0.000000
YLR028C	YBR066C	0.188151						0.000000	1.000000	0.000000
YOR228C	YDL048C	0.188151						0.000000	1.000000	0.000000
YPR182W	YJR127C	0.188151						0.000000	1.000000	0.000000
YAL060W	YPR008W	0.188149						0.000000	1.000000	0.000000
YAR027W	YKL020C	0.188149						0.000000	1.000000	0.000000
YGR231C	YGL096W	0.188148						0.000000	1.000000	0.000000
YOL129W	YBR066C	0.188147						0.000000	1.000000	0.000000
YDL201W	YOR363C	0.188145						0.000000	1.000000	0.000000
YPR006C	YCR084C	0.188144						0.000000	-1.000000	0.000000
YBR026C	YPL202C	0.188144						0.000000	-1.000000	0.000000
YMR038C	YMR070W	0.188143	0.000000	0.081420	0.219101	0.112630	0.118721	0.000000	1.000000	0.000000
YBR221C	YJR127C	0.188142						0.000000	1.000000	0.000000
YLR093C	YDL048C	0.188142						0.000000	1.000000	0.000000
YOL061W	YIL119C	0.188140						0.000000	1.000000	0.000000
YDL135C	YBR066C	0.188139						0.000000	1.000000	0.000000
YIL078W	YGL209W	0.188138						0.000000	1.000000	0.000000
YBL102W	YOR230W	0.188137						0.000000	1.000000	0.000000
YMR131C	YPL089C	0.188136						0.000000	-1.000000	0.000000
YJL184W	YPR009W	0.188136						0.000000	1.000000	0.000000
YMR169C	YKL015W	0.188136	0.000000	0.081377	0.219101	0.112589	0.118676	0.000000	1.000000	0.000000
YML074C	YML081W	0.188136						0.000000	1.000000	0.000000
YBR146W	YPL202C	0.188136						0.000000	-1.000000	0.000000
YFR050C	YBR066C	0.188135						0.000000	1.000000	0.000000
YFR044C	YER088C	0.188133						0.000000	1.000000	0.000000
YDR256C	YPL230W	0.188132						0.000000	1.000000	0.000000
YHR163W	YHR206W	0.188132						0.000000	1.000000	0.000000
YKL172W	YDR423C	0.188132						0.000000	-1.000000	0.000000
YJR117W	YML081W	0.188131						0.000000	1.000000	0.000000
YOR202W	YDR207C	0.188131						0.000000	1.000000	0.000000
YHR026W	YDL048C	0.188131						0.000000	1.000000	0.000000
YGL221C	YHL009C	0.188130						0.000000	1.000000	0.000000
YGL156W	YJR127C	0.188128						0.000000	1.000000	0.000000
YHR108W	YBR066C	0.188128						0.000000	1.000000	0.000000
YMR079W	YDR034C	0.188127						0.000000	1.000000	0.000000
YOR086C	YGL013C	0.188127						0.000000	1.000000	0.000000
YMR203W	YML081W	0.188127						0.000000	1.000000	0.000000
YHR198C	YPL230W	0.188126						0.000000	1.000000	0.000000
YER068W	YKL020C	0.188125						0.000000	1.000000	0.000000
YPR030W	YOR140W	0.188123						0.000000	1.000000	0.000000
YDR377W	YIL119C	0.188122						0.000000	1.000000	0.000000
YBR035C	YDR174W	0.188122						0.000000	1.000000	0.000000
YPR062W	YFL031W	0.188121						0.000000	1.000000	0.000000
YOL048C	YDR034C	0.188120						0.000000	1.000000	0.000000
YPR067W	YDR207C	0.188120						0.000000	1.000000	0.000000
YOL049W	YBR066C	0.188120						0.000000	1.000000	0.000000
YML074C	YDR174W	0.188119						0.000000	-1.000000	0.000000
YDR408C	YHL027W	0.188118	0.000000	0.081335	0.219101	0.112548	0.118631	0.000000	-1.000000	0.000000
YNL125C	YER088C	0.188118						0.000000	1.000000	0.000000
YCR009C	YOR230W	0.188118						0.000000	1.000000	0.000000
YLR056W	YPR009W	0.188117						0.000000	1.000000	0.000000
YMR189W	YJR127C	0.188117						0.000000	1.000000	0.000000
YER031C	YFL031W	0.188117						0.000000	1.000000	0.000000
YBL032W	YML007W	0.188117						1.000000	1.000000	0.000000
YER002W	YER111C	0.188116						1.000000	1.000000	0.000000
YDR368W	YDR034C	0.188116						0.000000	1.000000	0.000000
YOL133W	YGR249W	0.188116						0.000000	-1.000000	0.000000
YOR348C	YJR127C	0.188115						0.000000	1.000000	0.000000
YDL126C	YDR174W	0.188115						0.000000	1.000000	0.000000
YIR036C	YPR008W	0.188115						0.000000	1.000000	0.000000
YFL034C-A	YIL101C	0.188114						0.000000	-1.000000	0.000000
YLR284C	YCR084C	0.188114						0.000000	-1.000000	0.000000
YOR215C	YIL036W	0.188113						0.000000	1.000000	0.000000
YKL210W	YMR021C	0.188113						0.000000	1.000000	0.000000
YHR039C-A	YHL009C	0.188112						0.000000	1.000000	0.000000
YLR168C	YDL048C	0.188112						0.000000	1.000000	0.000000
Q0050	YPR008W	0.188111						0.000000	1.000000	0.000000
YEL001C	YDR207C	0.188111						0.000000	1.000000	0.000000
YDR441C	YJR060W	0.188110						1.000000	1.000000	0.000000
YAL030W	YDR034C	0.188110						0.000000	1.000000	0.000000
YNL220W	YPR009W	0.188110						0.000000	1.000000	0.000000
YPR165W	YBR066C	0.188109						0.000000	1.000000	0.000000
YKR013W	YDL056W	0.188108						0.000000	1.000000	0.000000
YDR351W	YML081W	0.188106						0.000000	1.000000	0.000000
YLR351C	YLR228C	0.188105						0.000000	1.000000	0.000000
YJL080C	YLR176C	0.188105						0.000000	-1.000000	0.000000
YDR452W	YMR019W	0.188105						0.000000	1.000000	0.000000
YMR009W	YPR008W	0.188105						0.000000	1.000000	0.000000
YKL094W	YPR008W	0.188105						0.000000	1.000000	0.000000
YGR231C	YCR084C	0.188104						0.000000	-1.000000	0.000000
YOR163W	YDR207C	0.188103						0.000000	1.000000	0.000000
YOR209C	YDL048C	0.188103						0.000000	1.000000	0.000000
YLR064W	YGL209W	0.188103						0.000000	1.000000	0.000000
YHR181W	YDR034C	0.188102						0.000000	1.000000	0.000000
YER088C	YKL185W	0.188102						0.000000	1.000000	0.000000
YBR147W	YIL119C	0.188101						0.000000	1.000000	0.000000
YGR264C	YKL038W	0.188100						0.000000	1.000000	0.000000
YJR014W	YBR239C	0.188100						0.000000	-1.000000	0.000000
YMR188C	YPL230W	0.188099						0.000000	1.000000	0.000000
YLR188W	YML081W	0.188098						0.000000	1.000000	0.000000
YPL031C	YDR034C	0.188098						0.000000	1.000000	0.000000
YGL006W	YGL096W	0.188097						0.000000	1.000000	0.000000
YDR531W	YDR421W	0.188097						0.000000	1.000000	0.000000
YOR357C	YML081W	0.188097						0.000000	1.000000	0.000000
YER120W	YML081W	0.188095						0.000000	1.000000	0.000000
YGR105W	YPR009W	0.188095						0.000000	1.000000	0.000000
YDR151C	YGL209W	0.188094						0.000000	1.000000	0.000000
YGL226C-A	YER088C	0.188093						0.000000	1.000000	0.000000
YDL076C	YBR066C	0.188092						0.000000	1.000000	0.000000
YDR087C	YIL101C	0.188091						0.000000	-1.000000	0.000000
YLR328W	YKL020C	0.188091						0.000000	1.000000	0.000000
YER145C	YLR176C	0.188091	0.000000	0.081292	0.219101	0.112507	0.118586	0.000000	-1.000000	0.000000
YDR099W	YPR008W	0.188089						0.000000	1.000000	0.000000
YLR027C	YBR066C	0.188089						0.000000	1.000000	0.000000
YGR106C	YDL048C	0.188087						0.000000	1.000000	0.000000
YCL017C	YIR023W	0.188087						0.000000	1.000000	0.000000
YHL011C	YNL027W	0.188087						0.000000	-1.000000	0.000000
YMR188C	YOR028C	0.188087						0.000000	1.000000	0.000000
YJR072C	YML081W	0.188085						0.000000	1.000000	0.000000
YBR115C	YPR008W	0.188085						0.000000	1.000000	0.000000
YMR290C	YKL015W	0.188084						0.000000	-1.000000	0.000000
YMR246W	YIL119C	0.188084						0.000000	1.000000	0.000000
YLR244C	YNL027W	0.188084						0.000000	-1.000000	0.000000
YBR066C	YIL119C	0.188083						0.000000	1.000000	0.000000
YOR253W	YLR098C	0.188083						0.000000	-1.000000	0.000000
YER058W	YJL056C	0.188082						0.000000	1.000000	0.000000
YHR175W	YPL177C	0.188082						0.000000	1.000000	0.000000
YMR222C	YDL048C	0.188081						0.000000	1.000000	0.000000
YGR180C	YER088C	0.188081						0.000000	1.000000	0.000000
YPR118W	YLR098C	0.188080						0.000000	-1.000000	0.000000
YMR261C	YDR207C	0.188080						0.000000	1.000000	0.000000
YJR135W-A	YHL009C	0.188079						0.000000	1.000000	0.000000
YOL016C	YPR008W	0.188079						0.000000	1.000000	0.000000
YOR092W	YIL119C	0.188079						0.000000	1.000000	0.000000
YMR071C	YIL119C	0.188078						0.000000	1.000000	0.000000
YJL205C	YGL013C	0.188078						0.000000	1.000000	0.000000
YJR063W	YPR104C	0.188077						0.000000	1.000000	0.000000
YER100W	YIL119C	0.188077						0.000000	1.000000	0.000000
YLR209C	YML081W	0.188077						0.000000	1.000000	0.000000
YPR060C	YLR098C	0.188077						0.000000	-1.000000	0.000000
YER002W	YML081W	0.188076						0.000000	1.000000	0.000000
YER141W	YDL048C	0.188076						0.000000	1.000000	0.000000
YDR244W	YML081W	0.188076						0.000000	1.000000	0.000000
YPL015C	YJR127C	0.188075						0.000000	1.000000	0.000000
YER038C	YPR008W	0.188075						0.000000	1.000000	0.000000
YML012W	YKL032C	0.188074						0.000000	1.000000	0.000000
YNL006W	YBR066C	0.188074						0.000000	1.000000	0.000000
YLR437C	YIR017C	0.188073						0.000000	-1.000000	0.000000
YEL052W	YJL056C	0.188073						0.000000	1.000000	0.000000
YDR486C	YER088C	0.188073						0.000000	1.000000	0.000000
YOR125C	YML081W	0.188072						0.000000	1.000000	0.000000
YBR187W	YKL043W	0.188071						0.000000	1.000000	0.000000
YMR071C	YDR034C	0.188070						0.000000	1.000000	0.000000
YFL037W	YDL048C	0.188069						0.000000	1.000000	0.000000
YOL147C	YBR066C	0.188069						0.000000	1.000000	0.000000
YMR009W	YER088C	0.188069						0.000000	1.000000	0.000000
YBR111C	YER088C	0.188068						0.000000	1.000000	0.000000
YMR238W	YPR009W	0.188068						0.000000	1.000000	0.000000
YJR059W	YDR034C	0.188068						0.000000	1.000000	0.000000
YHR016C	YLR451W	0.188067						0.000000	-1.000000	0.000000
YDR016C	YBR066C	0.188066						0.000000	1.000000	0.000000
YIL145C	YDL170W	0.188066						0.000000	-1.000000	0.000000
YNL066W	YIL119C	0.188065						0.000000	1.000000	0.000000
YBL093C	YPR009W	0.188065						0.000000	1.000000	0.000000
YPR183W	YDR207C	0.188064						0.000000	1.000000	0.000000
YEL001C	YFL031W	0.188064						0.000000	1.000000	0.000000
YFR025C	YDL170W	0.188064						0.000000	-1.000000	0.000000
YLR447C	YGL209W	0.188063	0.000000	0.081250	0.219101	0.112466	0.118541	0.000000	1.000000	0.000000
YGL011C	YDR207C	0.188062						0.000000	1.000000	0.000000
YJL205C	YML007W	0.188062						0.000000	1.000000	0.000000
YNL263C	YMR019W	0.188061						0.000000	1.000000	0.000000
YHR037W	YBR066C	0.188060						0.000000	1.000000	0.000000
YGL221C	YMR070W	0.188060						0.000000	1.000000	0.000000
YGL054C	YIL119C	0.188059						0.000000	1.000000	0.000000
YER003C	YCR065W	0.188058						0.000000	1.000000	0.000000
YBL041W	YPL202C	0.188057						0.000000	-1.000000	0.000000
YDL020C	YDR310C	0.188057						0.000000	1.000000	0.000000
YNR017W	YPR008W	0.188056						0.000000	1.000000	0.000000
YBR282W	YDR034C	0.188056						0.000000	1.000000	0.000000
YBL047C	YKL032C	0.188055						0.000000	1.000000	0.000000
YOR046C	YMR042W	0.188054						0.000000	-1.000000	0.000000
YLR104W	YNL103W	0.188053	0.000000	0.081208	0.219101	0.112425	0.118496	0.000000	-1.000000	0.000000
YPR182W	YPL202C	0.188052						0.000000	-1.000000	0.000000
YHR006W	YPR008W	0.188052						0.000000	1.000000	0.000000
YLR208W	YML081W	0.188052						0.000000	1.000000	0.000000
YMR062C	YDR034C	0.188051						0.000000	1.000000	0.000000
YPR067W	YBR066C	0.188051						0.000000	1.000000	0.000000
YAL061W	YJR127C	0.188050						0.000000	1.000000	0.000000
YJR117W	YPR008W	0.188049						0.000000	1.000000	0.000000
YBL038W	YER088C	0.188049						0.000000	1.000000	0.000000
YJR130C	YER088C	0.188048						0.000000	1.000000	0.000000
YDR284C	YIL119C	0.188048						0.000000	1.000000	0.000000
YBL038W	YGL073W	0.188048						0.000000	1.000000	0.000000
YFR052W	YLR176C	0.188048						0.000000	-1.000000	0.000000
YDL128W	YML081W	0.188048						0.000000	1.000000	0.000000
YOL016C	YOR230W	0.188046						0.000000	1.000000	0.000000
YNL180C	YLR176C	0.188046						0.000000	1.000000	0.000000
YFR004W	YGL209W	0.188045	0.000000	0.081165	0.219101	0.112384	0.118451	0.000000	1.000000	0.000000
YDR284C	YER088C	0.188044						0.000000	1.000000	0.000000
YFL005W	YIL119C	0.188044						0.000000	1.000000	0.000000
YER148W	YDL048C	0.188043						0.000000	1.000000	0.000000
YDR404C	YPR009W	0.188043						0.000000	1.000000	0.000000
YIL124W	YDR034C	0.188043						0.000000	1.000000	0.000000
YKL003C	YCR084C	0.188043						0.000000	-1.000000	0.000000
YLR414C	YMR021C	0.188042						0.000000	1.000000	0.000000
YMR246W	YKR099W	0.188042	0.000000	0.081123	0.219101	0.112344	0.118406	0.000000	-1.000000	0.000000
YDR194C	YJR127C	0.188041						0.000000	1.000000	0.000000
YHR025W	YER088C	0.188041						0.000000	1.000000	0.000000
YDL051W	YJR060W	0.188039						1.000000	1.000000	0.000000
YBL050W	YPR008W	0.188039						0.000000	1.000000	0.000000
YNR053C	YDR146C	0.188038						0.000000	-1.000000	0.000000
YPR166C	YOL108C	0.188038						0.000000	1.000000	0.000000
YLR351C	YDR174W	0.188037						0.000000	1.000000	0.000000
YCR046C	YIR023W	0.188036						0.000000	1.000000	0.000000
YJR014W	YDL048C	0.188036						0.000000	1.000000	0.000000
YGR076C	YML007W	0.188036						0.000000	1.000000	0.000000
YMR272C	YDR034C	0.188035						0.000000	1.000000	0.000000
YBL058W	YER088C	0.188035						0.000000	1.000000	0.000000
YEL051W	YLR176C	0.188035						0.000000	-1.000000	0.000000
YOL097C	YLR098C	0.188034						0.000000	-1.000000	0.000000
YNR016C	YDR174W	0.188033						0.000000	1.000000	0.000000
YIL076W	YBR066C	0.188032						0.000000	1.000000	0.000000
YGL234W	YOR363C	0.188032						0.000000	1.000000	0.000000
YPR163C	YML081W	0.188032						0.000000	1.000000	0.000000
YDR427W	YBL021C	0.188031	0.000000	0.081081	0.219101	0.112303	0.118361	0.000000	-1.000000	0.000000
YGR029W	YER088C	0.188031						0.000000	1.000000	0.000000
YCR053W	YBR066C	0.188030						0.000000	1.000000	0.000000
YCL001W	YML081W	0.188030						0.000000	1.000000	0.000000
YDR087C	YDR423C	0.188029						0.000000	-1.000000	0.000000
YDL007W	YPL202C	0.188028						0.000000	-1.000000	0.000000
YJL002C	YBR066C	0.188028						0.000000	1.000000	0.000000
YNL005C	YGL013C	0.188026						0.000000	1.000000	0.000000
YHR082C	YJR127C	0.188025						0.000000	1.000000	0.000000
YLR421C	YGL096W	0.188024						0.000000	1.000000	0.000000
YBR058C-A	YJR127C	0.188023						0.000000	1.000000	0.000000
YKL172W	YGR044C	0.188023						0.000000	-1.000000	0.000000
YDR152W	YNL027W	0.188022						0.000000	1.000000	0.000000
YBR025C	YPR009W	0.188021						0.000000	1.000000	0.000000
YOR198C	YPR199C	0.188020						0.000000	1.000000	0.000000
YPR060C	YLR176C	0.188019						0.000000	-1.000000	0.000000
YKL127W	YCR065W	0.188018						0.000000	1.000000	0.000000
YPR060C	YLR013W	0.188018						0.000000	1.000000	0.000000
YOR089C	YJR127C	0.188017						0.000000	1.000000	0.000000
YLR229C	YLR176C	0.188016						0.000000	-1.000000	0.000000
YKL138C	YMR019W	0.188016						0.000000	1.000000	0.000000
YNL322C	YPR008W	0.188016						0.000000	1.000000	0.000000
YIL064W	YDR123C	0.188015						0.000000	-1.000000	0.000000
YPR184W	YDL048C	0.188015						0.000000	1.000000	0.000000
YLL018C	YPR008W	0.188015						0.000000	1.000000	0.000000
YBR252W	YPL038W	0.188015						0.000000	-1.000000	0.000000
YIL064W	YKR099W	0.188014						0.000000	-1.000000	0.000000
YGR155W	YPR009W	0.188014						0.000000	1.000000	0.000000
YHR209W	YDL170W	0.188013						0.000000	-1.000000	0.000000
YPL215W	YPR008W	0.188012						0.000000	1.000000	0.000000
YHR042W	YHR206W	0.188011						0.000000	1.000000	0.000000
YCL033C	YER088C	0.188010						0.000000	1.000000	0.000000
YHL002W	YPL230W	0.188009						0.000000	1.000000	0.000000
YOR326W	YDR253C	0.188008						1.000000	1.000000	0.000000
YMR148W	YCR084C	0.188007						0.000000	-1.000000	0.000000
YGL002W	YPR008W	0.188007						0.000000	1.000000	0.000000
YDR100W	YPR008W	0.188003						0.000000	1.000000	0.000000
YDL201W	YBR083W	0.188003						0.000000	-1.000000	0.000000
YDR284C	YLR451W	0.188003	0.000000	0.081039	0.219101	0.112262	0.118316	0.000000	-1.000000	0.000000
YER122C	YPR009W	0.188002						0.000000	1.000000	0.000000
YLR203C	YPL202C	0.188001						0.000000	-1.000000	0.000000
YNL248C	YIL101C	0.188001						0.000000	-1.000000	0.000000
YJR125C	YER088C	0.188000						0.000000	1.000000	0.000000
YPR154W	YER088C	0.188000						0.000000	1.000000	0.000000
YMR184W	YDR421W	0.187999						0.000000	1.000000	0.000000
YEL002C	YBL021C	0.187999						0.000000	-1.000000	0.000000
YKR062W	YDL048C	0.187999						0.000000	1.000000	0.000000
YCL034W	YNL103W	0.187998						0.000000	-1.000000	0.000000
YPL239W	YDR123C	0.187998						0.000000	-1.000000	0.000000
YOR223W	YPR008W	0.187997						0.000000	1.000000	0.000000
YDR321W	YDR146C	0.187997						0.000000	-1.000000	0.000000
YER038C	YIL119C	0.187996						0.000000	1.000000	0.000000
YLR113W	YHL009C	0.187995						0.000000	1.000000	0.000000
YNL294C	YOR230W	0.187993						0.000000	1.000000	0.000000
YJR058C	YMR070W	0.187993						0.000000	1.000000	0.000000
YAL014C	YDR174W	0.187993						0.000000	1.000000	0.000000
YDR354W	YDL170W	0.187992						0.000000	1.000000	0.000000
YLR065C	YPL038W	0.187992						0.000000	-1.000000	0.000000
YIL009C-A	YMR019W	0.187991						0.000000	1.000000	0.000000
YER046W	YJR127C	0.187991						0.000000	1.000000	0.000000
YHR039C-A	YER088C	0.187991						0.000000	1.000000	0.000000
YMR123W	YJL089W	0.187990						0.000000	1.000000	0.000000
YOR004W	YDR463W	0.187988						0.000000	1.000000	0.000000
YFR003C	YJR127C	0.187988						0.000000	1.000000	0.000000
YLR430W	YDR253C	0.187988						1.000000	-1.000000	0.000000
YMR157C	YOR028C	0.187988						0.000000	1.000000	0.000000
YGL104C	YHR084W	0.187987						1.000000	-1.000000	0.000000
YDR516C	YPL202C	0.187987	0.000000	0.080997	0.219101	0.112221	0.118271	0.000000	-1.000000	0.000000
YGL002W	YOR230W	0.187986						0.000000	1.000000	0.000000
YAR035W	YAL051W	0.187986						0.000000	1.000000	0.000000
YOR327C	YKL032C	0.187985						0.000000	1.000000	0.000000
YCR030C	YDL048C	0.187985						0.000000	1.000000	0.000000
YER063W	YGL013C	0.187985	0.000000	0.080955	0.219101	0.112180	0.118227	0.000000	1.000000	0.000000
YGR254W	YJR127C	0.187985						0.000000	1.000000	0.000000
YLR056W	YBR066C	0.187985						0.000000	1.000000	0.000000
YKL193C	YDL048C	0.187985						0.000000	1.000000	0.000000
YMR038C	YPL202C	0.187984	0.000000	0.080913	0.219101	0.112140	0.118182	0.000000	-1.000000	0.000000
YIL075C	YDR034C	0.187983						0.000000	1.000000	0.000000
YGL005C	YPR008W	0.187983						0.000000	1.000000	0.000000
YNL232W	YPR009W	0.187982						0.000000	1.000000	0.000000
YPR004C	YPR008W	0.187982						0.000000	1.000000	0.000000
YLR060W	YLR098C	0.187980						0.000000	-1.000000	0.000000
YHR199C	YPR008W	0.187980						0.000000	1.000000	0.000000
YML048W	YML081W	0.187979						0.000000	1.000000	0.000000
YNL159C	YOR230W	0.187979						0.000000	1.000000	0.000000
YDR483W	YDR207C	0.187978						0.000000	1.000000	0.000000
YBR080C	YDR207C	0.187976						0.000000	1.000000	0.000000
YNL305C	YPL202C	0.187975	0.000000	0.080871	0.219101	0.112099	0.118137	0.000000	-1.000000	0.000000
YJR130C	YKR034W	0.187975						0.000000	1.000000	0.000000
YJR063W	YLR098C	0.187974						0.000000	-1.000000	0.000000
YGL091C	YDL048C	0.187974						0.000000	1.000000	0.000000
YJL140W	YDR123C	0.187971						0.000000	-1.000000	0.000000
YGR174C	YER088C	0.187970						0.000000	1.000000	0.000000
YGR105W	YGL096W	0.187969						0.000000	1.000000	0.000000
YOL041C	YPR104C	0.187969						0.000000	1.000000	0.000000
YHR132C	YGL096W	0.187968						0.000000	1.000000	0.000000
YGR029W	YDR034C	0.187967						0.000000	1.000000	0.000000
YOR193W	YDL048C	0.187966						0.000000	1.000000	0.000000
YMR292W	YPL038W	0.187965						0.000000	-1.000000	0.000000
YHL035C	YBR066C	0.187963						0.000000	1.000000	0.000000
YDR408C	YDR034C	0.187962						0.000000	1.000000	0.000000
YGL019W	YLR176C	0.187962						0.000000	-1.000000	0.000000
YER133W	YPR008W	0.187960						0.000000	1.000000	0.000000
YJL034W	YDL048C	0.187960						0.000000	1.000000	0.000000
YPL031C	YJR127C	0.187959						0.000000	1.000000	0.000000
YHR199C	YBR066C	0.187959						0.000000	1.000000	0.000000
YDL238C	YDR259C	0.187958						0.000000	1.000000	0.000000
YGL231C	YDR207C	0.187958						0.000000	1.000000	0.000000
YOR086C	YHL009C	0.187957						0.000000	1.000000	0.000000
YBR093C	YBR066C	0.187957						0.000000	1.000000	0.000000
YPR006C	YPR008W	0.187956						0.000000	1.000000	0.000000
YML058W	YPR009W	0.187955						0.000000	1.000000	0.000000
YOL143C	YPL202C	0.187955						0.000000	-1.000000	0.000000
YLR229C	YPR009W	0.187955						0.000000	1.000000	0.000000
YER048C	YPL202C	0.187955						0.000000	-1.000000	0.000000
YKL039W	YNL216W	0.187952						1.000000	-1.000000	0.000000
YGL161C	YGL096W	0.187951						0.000000	1.000000	0.000000
YDR365C	YDR423C	0.187950						0.000000	-1.000000	0.000000
YOR294W	YOR363C	0.187950						0.000000	1.000000	0.000000
YGL157W	YBR066C	0.187950						0.000000	1.000000	0.000000
YJL088W	YIR023W	0.187949	0.000000	0.080829	0.219101	0.112058	0.118092	0.000000	-1.000000	0.000000
YFL028C	YGL013C	0.187948						0.000000	1.000000	0.000000
YMR246W	YML081W	0.187947						0.000000	1.000000	0.000000
YBL091C	YHL009C	0.187947						0.000000	1.000000	0.000000
YBL091C-A	YOR230W	0.187946						0.000000	1.000000	0.000000
YLR351C	YGR249W	0.187946						0.000000	-1.000000	0.000000
YMR058W	YDR034C	0.187946						0.000000	1.000000	0.000000
YHL004W	YPR008W	0.187945						0.000000	1.000000	0.000000
YDL099W	YDL048C	0.187944						0.000000	1.000000	0.000000
YPL241C	YJR127C	0.187943						0.000000	1.000000	0.000000
YOR316C	YIL119C	0.187943						0.000000	1.000000	0.000000
YMR188C	YGL013C	0.187942						0.000000	1.000000	0.000000
YPR176C	YBR066C	0.187942						0.000000	1.000000	0.000000
YKL193C	YLR256W	0.187941						0.000000	-1.000000	0.000000
YIL074C	YBR066C	0.187941						0.000000	1.000000	0.000000
YNL310C	YDR034C	0.187941						0.000000	1.000000	0.000000
YIL050W	YPL202C	0.187940						0.000000	-1.000000	0.000000
YNL005C	YCR084C	0.187940						0.000000	-1.000000	0.000000
YLR090W	YBR066C	0.187940						0.000000	1.000000	0.000000
YMR243C	YOR363C	0.187939						0.000000	1.000000	0.000000
YOR158W	YPL230W	0.187938						0.000000	1.000000	0.000000
YJL192C	YDR034C	0.187938						0.000000	1.000000	0.000000
YGL232W	YDL048C	0.187937						0.000000	1.000000	0.000000
YPL246C	YPR009W	0.187937						0.000000	1.000000	0.000000
YNL259C	YDL048C	0.187936						0.000000	1.000000	0.000000
YJR017C	YBR066C	0.187935						0.000000	1.000000	0.000000
YBR183W	YPR008W	0.187935						0.000000	1.000000	0.000000
YNL301C	YLR098C	0.187934	0.000000	0.080787	0.219101	0.112018	0.118048	0.000000	-1.000000	0.000000
YGR241C	YML081W	0.187933						0.000000	1.000000	0.000000
YMR089C	YJR127C	0.187932						0.000000	1.000000	0.000000
YIL157C	YCR084C	0.187931						0.000000	-1.000000	0.000000
YJL096W	YHL009C	0.187931						0.000000	1.000000	0.000000
YKL002W	YCR084C	0.187929						0.000000	-1.000000	0.000000
YNR036C	YML081W	0.187929						0.000000	1.000000	0.000000
YML069W	YLR176C	0.187929						0.000000	-1.000000	0.000000
YIR022W	YLR228C	0.187928						0.000000	1.000000	0.000000
YDR196C	YMR019W	0.187927						0.000000	1.000000	0.000000
YOR133W	YIL119C	0.187927						0.000000	1.000000	0.000000
YOL111C	YHL009C	0.187925						0.000000	1.000000	0.000000
YOR197W	YPL202C	0.187925						0.000000	-1.000000	0.000000
YJL053W	YPR008W	0.187925						0.000000	1.000000	0.000000
YDR214W	YDL048C	0.187925						0.000000	1.000000	0.000000
YKL093W	YDL048C	0.187924						0.000000	1.000000	0.000000
YOR270C	YFL031W	0.187924						0.000000	1.000000	0.000000
YDL237W	YDR034C	0.187923						0.000000	1.000000	0.000000
YDR167W	YML081W	0.187923						0.000000	1.000000	0.000000
YMR139W	YCR084C	0.187922						0.000000	-1.000000	0.000000
YPL160W	YDL048C	0.187921						0.000000	1.000000	0.000000
YGL068W	YER088C	0.187920						0.000000	1.000000	0.000000
YKL058W	YHL009C	0.187920						0.000000	1.000000	0.000000
YER095W	YKL032C	0.187920						0.000000	1.000000	0.000000
YER086W	YKR099W	0.187919						0.000000	1.000000	0.000000
YOL032W	YPL202C	0.187919						0.000000	-1.000000	0.000000
YKL057C	YKL062W	0.187918						1.000000	1.000000	0.000000
YIL010W	YDR034C	0.187916						0.000000	1.000000	0.000000
YKR092C	YER040W	0.187915						1.000000	1.000000	0.000000
YER083C	YER088C	0.187915						0.000000	1.000000	0.000000
YER081W	YPR008W	0.187914						0.000000	1.000000	0.000000
YOR176W	YGL013C	0.187914						0.000000	1.000000	0.000000
YGL006W	YPR008W	0.187913						0.000000	1.000000	0.000000
YDL019C	YJR127C	0.187913						0.000000	1.000000	0.000000
YGR240C	YDL048C	0.187912						0.000000	1.000000	0.000000
YDL115C	YML081W	0.187912						0.000000	1.000000	0.000000
YGL137W	YFL031W	0.187911						0.000000	1.000000	0.000000
YFR009W	YPR009W	0.187911						0.000000	1.000000	0.000000
YER141W	YPR008W	0.187911						0.000000	1.000000	0.000000
YHR006W	YDL048C	0.187911						0.000000	1.000000	0.000000
YNL189W	YER088C	0.187911						0.000000	1.000000	0.000000
YNL177C	YDL048C	0.187910						0.000000	1.000000	0.000000
YGL040C	YGL013C	0.187908						0.000000	1.000000	0.000000
YGR218W	YOR230W	0.187908						0.000000	1.000000	0.000000
YHR042W	YOL028C	0.187907						0.000000	-1.000000	0.000000
YKR049C	YJL056C	0.187906						0.000000	1.000000	0.000000
YHR016C	YGL013C	0.187906						0.000000	1.000000	0.000000
YDL120W	YGL096W	0.187906						0.000000	1.000000	0.000000
YKL187C	YMR164C	0.187905						0.000000	1.000000	0.000000
YPL221W	YJR060W	0.187904						1.000000	1.000000	0.000000
YER083C	YOR230W	0.187903						0.000000	1.000000	0.000000
YOR004W	YPR009W	0.187901						0.000000	1.000000	0.000000
YHR181W	YGL209W	0.187900						0.000000	1.000000	0.000000
YMR235C	YBR066C	0.187900						0.000000	1.000000	0.000000
YBR165W	YML081W	0.187898						0.000000	1.000000	0.000000
YDL092W	YPL202C	0.187897						0.000000	-1.000000	0.000000
YIL075C	YLR176C	0.187897						0.000000	-1.000000	0.000000
YCR082W	YLR451W	0.187896	0.000000	0.080745	0.219101	0.111977	0.118003	0.000000	-1.000000	0.000000
YER136W	YGL209W	0.187891						0.000000	1.000000	0.000000
YOL032W	YPR008W	0.187890						0.000000	1.000000	0.000000
YDL045W-A	YDL048C	0.187890						0.000000	1.000000	0.000000
YBL093C	YIL119C	0.187890						0.000000	1.000000	0.000000
YGR028W	YBR066C	0.187889						0.000000	1.000000	0.000000
YDR456W	YDL048C	0.187888						0.000000	1.000000	0.000000
YDR175C	YCR084C	0.187887						0.000000	-1.000000	0.000000
YDR322W	YCR084C	0.187887						0.000000	-1.000000	0.000000
YLR003C	YPR009W	0.187886						0.000000	1.000000	0.000000
YPL215W	YML081W	0.187885						0.000000	1.000000	0.000000
YMR135C	YDL048C	0.187885						0.000000	1.000000	0.000000
YGL181W	YPR008W	0.187884						0.000000	1.000000	0.000000
YGL091C	YML081W	0.187880						0.000000	1.000000	0.000000
YBR147W	YOR230W	0.187880						0.000000	1.000000	0.000000
YER074W-A	YGL096W	0.187879						0.000000	1.000000	0.000000
YFR014C	YER088C	0.187878						0.000000	1.000000	0.000000
YIL036W	YDL048C	0.187877						0.000000	1.000000	0.000000
YLR262C-A	YPR008W	0.187877						0.000000	1.000000	0.000000
YPR004C	YIL119C	0.187874						0.000000	1.000000	0.000000
YDR427W	YML081W	0.187873						0.000000	1.000000	0.000000
YLR330W	YJR127C	0.187872						0.000000	1.000000	0.000000
YOR143C	YHR084W	0.187872						1.000000	-1.000000	0.000000
